x_um t1 t2 t3 t4
0 0 0 0 0
5 0.276326 0.0890207 0.0445799 0.0222986
10 0.5205 0.176937 0.0890207 0.0445799
15 0.711156 0.262684 0.133185 0.0668263
20 0.842701 0.345279 0.176937 0.0890207
25 0.9229 0.42385 0.220145 0.111146
30 0.966105 0.497665 0.262684 0.133185
35 0.986672 0.566152 0.304433 0.155121
40 0.995322 0.628907 0.345279 0.176937
45 0.998537 0.685695 0.385117 0.198617
50 0.999593 0.736448 0.42385 0.220145
55 0.999899 0.781242 0.461392 0.241506
60 0.999978 0.820288 0.497665 0.262684
65 0.999996 0.8539 0.532604 0.283665
70 0.999999 0.882475 0.566152 0.304433
75 1 0.906467 0.598264 0.324976
80 1 0.926362 0.628907 0.345279
85 1 0.942653 0.658055 0.36533
90 1 0.955829 0.685695 0.385117
95 1 0.966352 0.711824 0.404627
100 1 0.974653 0.736448 0.42385
105 1 0.981119 0.759579 0.442775
110 1 0.986094 0.781242 0.461392
115 1 0.989873 0.801466 0.479691
120 1 0.99271 0.820288 0.497665
125 1 0.994811 0.83775 0.515305
130 1 0.99635 0.8539 0.532604
135 1 0.997461 0.86879 0.549555
140 1 0.998255 0.882475 0.566152
145 1 0.998814 0.895014 0.58239
150 1 0.999204 0.906467 0.598264
155 1 0.999472 0.916896 0.613771
160 1 0.999653 0.926362 0.628907
165 1 0.999775 0.934927 0.643669
170 1 0.999856 0.942653 0.658055
175 1 0.999909 0.949601 0.672064
180 1 0.999943 0.955829 0.685695
185 1 0.999965 0.961394 0.698949
190 1 0.999978 0.966352 0.711824
195 1 0.999987 0.970755 0.724323
200 1 0.999992 0.974653 0.736448
205 1 0.999995 0.978093 0.748199
210 1 0.999997 0.981119 0.759579
215 1 0.999998 0.983773 0.770593
220 1 0.999999 0.986094 0.781242
225 1 1 0.988116 0.791532
230 1 1 0.989873 0.801466
235 1 1 0.991395 0.811049
240 1 1 0.99271 0.820288
245 1 1 0.993841 0.829186
250 1 1 0.994811 0.83775
255 1 1 0.995642 0.845985
260 1 1 0.99635 0.8539
265 1 1 0.996951 0.861499
270 1 1 0.997461 0.86879
275 1 1 0.997892 0.875779
280 1 1 0.998255 0.882475
285 1 1 0.998559 0.888884
290 1 1 0.998814 0.895014
295 1 1 0.999027 0.900873
300 1 1 0.999204 0.906467
305 1 1 0.99935 0.911806
310 1 1 0.999472 0.916896
315 1 1 0.999571 0.921745
320 1 1 0.999653 0.926362
325 1 1 0.999721 0.930753
330 1 1 0.999775 0.934927
335 1 1 0.99982 0.938891
340 1 1 0.999856 0.942653
345 1 1 0.999885 0.946221
350 1 1 0.999909 0.949601
355 1 1 0.999928 0.952801
360 1 1 0.999943 0.955829
365 1 1 0.999955 0.958691
370 1 1 0.999965 0.961394
375 1 1 0.999972 0.963946
380 1 1 0.999978 0.966352
385 1 1 0.999983 0.96862
390 1 1 0.999987 0.970755
395 1 1 0.99999 0.972764
400 1 1 0.999992 0.974653
405 1 1 0.999994 0.976427
410 1 1 0.999995 0.978093
415 1 1 0.999997 0.979655
420 1 1 0.999997 0.981119
425 1 1 0.999998 0.98249
430 1 1 0.999998 0.983773
435 1 1 0.999999 0.984973
440 1 1 0.999999 0.986094
445 1 1 0.999999 0.98714
450 1 1 1 0.988116
455 1 1 1 0.989026
460 1 1 1 0.989873
465 1 1 1 0.990662
470 1 1 1 0.991395
475 1 1 1 0.992077
480 1 1 1 0.99271
485 1 1 1 0.993297
490 1 1 1 0.993841
495 1 1 1 0.994345
500 1 1 1 0.994811
505 1 1 1 0.995243
510 1 1 1 0.995642
515 1 1 1 0.99601
520 1 1 1 0.99635
525 1 1 1 0.996663
530 1 1 1 0.996951
535 1 1 1 0.997217
540 1 1 1 0.997461
545 1 1 1 0.997686
550 1 1 1 0.997892
555 1 1 1 0.998081
560 1 1 1 0.998255
565 1 1 1 0.998414
570 1 1 1 0.998559
575 1 1 1 0.998693
580 1 1 1 0.998814
585 1 1 1 0.998925
590 1 1 1 0.999027
595 1 1 1 0.999119
600 1 1 1 0.999204
