pH cation zwitterion anion
0 0.995556 0.00444391 7.38186e-13
0.05 0.995017 0.00498345 9.28817e-13
0.1 0.994412 0.00558813 1.1686e-12
0.15 0.993734 0.00626571 1.47018e-12
0.2 0.992975 0.00702487 1.84943e-12
0.25 0.992125 0.00787528 2.3263e-12
0.3 0.991172 0.00882773 2.92583e-12
0.35 0.990106 0.00989422 3.67944e-12
0.4 0.988912 0.0110881 4.62655e-12
0.45 0.987576 0.0124243 5.81662e-12
0.5 0.986081 0.0139191 7.3116e-12
0.55 0.984409 0.0155911 9.18915e-12
0.6 0.98254 0.0174602 1.15465e-11
0.65 0.980451 0.0195491 1.45053e-11
0.7 0.978118 0.0218822 1.82176e-11
0.75 0.975513 0.0244869 2.28735e-11
0.8 0.972607 0.0273929 2.87103e-11
0.85 0.969367 0.0306329 3.60237e-11
0.9 0.965757 0.0342427 4.51823e-11
0.95 0.961739 0.0382611 5.66444e-11
1 0.95727 0.0427301 7.09797e-11
1.05 0.952305 0.0476953 8.88947e-11
1.1 0.946795 0.0532054 1.11264e-10
1.15 0.940688 0.0593124 1.3917e-10
1.2 0.933929 0.0660714 1.73946e-10
1.25 0.92646 0.0735405 2.17233e-10
1.3 0.91822 0.0817799 2.71048e-10
1.35 0.909148 0.090852 3.37858e-10
1.4 0.89918 0.10082 4.20675e-10
1.45 0.888253 0.111747 5.23162e-10
1.5 0.876304 0.123696 6.49763e-10
1.55 0.863275 0.136725 8.0584e-10
1.6 0.849109 0.150891 9.97846e-10
1.65 0.833758 0.166242 1.2335e-09
1.7 0.817182 0.182818 1.52201e-09
1.75 0.799351 0.200649 1.87429e-09
1.8 0.780248 0.219752 2.30321e-09
1.85 0.759873 0.240127 2.82385e-09
1.9 0.738243 0.261757 3.45381e-09
1.95 0.715393 0.284607 4.21352e-09
2 0.691384 0.308616 5.12648e-09
2.05 0.666293 0.333707 6.21964e-09
2.1 0.640224 0.359776 7.52371e-09
2.15 0.613301 0.386699 9.07347e-09
2.2 0.585666 0.414334 1.09081e-08
2.25 0.557482 0.442518 1.30717e-08
2.3 0.528923 0.471077 1.56132e-08
2.35 0.500173 0.499827 1.85875e-08
2.4 0.471422 0.528578 2.20551e-08
2.45 0.442859 0.557141 2.60835e-08
2.5 0.414669 0.585331 3.07469e-08
2.55 0.387027 0.612973 3.61278e-08
2.6 0.360094 0.639906 4.23171e-08
2.65 0.334014 0.665986 4.94157e-08
2.7 0.308911 0.691089 5.75352e-08
2.75 0.284888 0.715112 6.67996e-08
2.8 0.262024 0.737975 7.73467e-08
2.85 0.240379 0.759621 8.93299e-08
2.9 0.219989 0.780011 1.0292e-07
2.95 0.200871 0.799129 1.18309e-07
3 0.183024 0.816975 1.35709e-07
3.05 0.166433 0.833567 1.5536e-07
3.1 0.151068 0.848932 1.7753e-07
3.15 0.136888 0.863111 2.02519e-07
3.2 0.123846 0.876154 2.30664e-07
3.25 0.111884 0.888115 2.62343e-07
3.3 0.100945 0.899054 2.97979e-07
3.35 0.0909662 0.909033 3.38049e-07
3.4 0.0818837 0.918116 3.83087e-07
3.45 0.0736346 0.926365 4.33693e-07
3.5 0.0661567 0.933843 4.90539e-07
3.55 0.0593895 0.94061 5.54383e-07
3.6 0.053275 0.946724 6.26071e-07
3.65 0.0477581 0.952241 7.06557e-07
3.7 0.0427867 0.957213 7.96908e-07
3.75 0.0383119 0.961687 8.98326e-07
3.8 0.0342884 0.965711 1.01215e-06
3.85 0.0306739 0.969325 1.13991e-06
3.9 0.0274297 0.972569 1.28328e-06
3.95 0.0245198 0.975479 1.44417e-06
4 0.0219118 0.978087 1.62472e-06
4.05 0.0195755 0.980423 1.82731e-06
4.1 0.0174839 0.982514 2.05465e-06
4.15 0.0156122 0.984385 2.30975e-06
4.2 0.0139381 0.986059 2.59599e-06
4.25 0.0124412 0.987556 2.91717e-06
4.3 0.0111032 0.988893 3.27755e-06
4.35 0.00990773 0.990089 3.68192e-06
4.4 0.00883979 0.991156 4.13563e-06
4.45 0.00788605 0.992109 4.64472e-06
4.5 0.00703448 0.99296 5.21593e-06
4.55 0.00627428 0.99372 5.85685e-06
4.6 0.00559577 0.994398 6.57597e-06
4.65 0.00499027 0.995002 7.38285e-06
4.7 0.00444999 0.995542 8.28819e-06
4.75 0.00396798 0.996023 9.30399e-06
4.8 0.00353799 0.996452 1.04437e-05
4.85 0.00315444 0.996834 1.17226e-05
4.9 0.00281236 0.997174 1.31574e-05
4.95 0.00250728 0.997478 1.47674e-05
5 0.00223522 0.997748 1.65738e-05
5.05 0.00199263 0.997989 1.86005e-05
5.1 0.00177631 0.998203 2.08746e-05
5.15 0.00158344 0.998393 2.34262e-05
5.2 0.00141148 0.998562 2.62891e-05
5.25 0.00125817 0.998712 2.95012e-05
5.3 0.0011215 0.998845 3.31054e-05
5.35 0.000999653 0.998963 3.71492e-05
5.4 0.000891035 0.999067 4.16864e-05
5.45 0.000794209 0.999159 4.67772e-05
5.5 0.000707896 0.99924 5.24892e-05
5.55 0.000630958 0.99931 5.8898e-05
5.6 0.000562376 0.999372 6.60887e-05
5.65 0.000501245 0.999425 7.41566e-05
5.7 0.000446755 0.99947 8.32089e-05
5.75 0.000398186 0.999508 9.33655e-05
5.8 0.000354895 0.99954 0.000104761
5.85 0.000316309 0.999566 0.000117547
5.9 0.000281916 0.999586 0.000131893
5.95 0.000251262 0.999601 0.000147988
6 0.000223939 0.99961 0.000166047
6.05 0.000199587 0.999614 0.000186308
6.1 0.000177882 0.999613 0.000209041
6.15 0.000158536 0.999607 0.000234547
6.2 0.000141294 0.999596 0.000263163
6.25 0.000125926 0.999579 0.000295268
6.3 0.00011223 0.999556 0.000331289
6.35 0.000100022 0.999528 0.000371702
6.4 8.91415e-05 0.999494 0.000417042
6.45 7.94442e-05 0.999453 0.00046791
6.5 7.08013e-05 0.999404 0.000524978
6.55 6.30982e-05 0.999348 0.000589002
6.6 5.62326e-05 0.999283 0.000660828
6.65 5.01137e-05 0.999208 0.000741406
6.7 4.466e-05 0.999124 0.000831801
6.75 3.97995e-05 0.999027 0.000933205
6.8 3.54674e-05 0.998918 0.00104696
6.85 3.16065e-05 0.998794 0.00117456
6.9 2.81653e-05 0.998654 0.0013177
6.95 2.50984e-05 0.998497 0.00147825
7 2.2365e-05 0.998319 0.00165832
7.05 1.99289e-05 0.99812 0.0018603
7.1 1.77576e-05 0.997895 0.00208682
7.15 1.58225e-05 0.997643 0.00234086
7.2 1.40978e-05 0.99736 0.00262574
7.25 1.25607e-05 0.997042 0.00294519
7.3 1.11907e-05 0.996685 0.00330338
7.35 9.96974e-06 0.996285 0.00370496
7.4 8.88153e-06 0.995836 0.00415516
7.45 7.91167e-06 0.995332 0.00465981
7.5 7.04728e-06 0.994768 0.00522542
7.55 6.2769e-06 0.994134 0.00585929
7.6 5.5903e-06 0.993425 0.00656954
7.65 4.97837e-06 0.99263 0.00736525
7.7 4.433e-06 0.991739 0.00825653
7.75 3.94694e-06 0.990741 0.00925466
7.8 3.51375e-06 0.989624 0.0103722
7.85 3.12767e-06 0.988374 0.0116231
7.9 2.78359e-06 0.986974 0.0130228
7.95 2.47695e-06 0.985409 0.0145887
8 2.20366e-06 0.983658 0.0163397
8.05 1.9601e-06 0.981701 0.018297
8.1 1.74305e-06 0.979514 0.0204838
8.15 1.54963e-06 0.977073 0.0229259
8.2 1.37725e-06 0.974347 0.0256516
8.25 1.22365e-06 0.971307 0.0286917
8.3 1.08677e-06 0.967919 0.0320803
8.35 9.64811e-07 0.964145 0.0358544
8.4 8.56143e-07 0.959945 0.040054
8.45 7.59327e-07 0.955276 0.0447228
8.5 6.73078e-07 0.950092 0.0499075
8.55 5.96251e-07 0.944341 0.0556582
8.6 5.27824e-07 0.937971 0.0620282
8.65 4.6689e-07 0.930925 0.069074
8.7 4.12639e-07 0.923145 0.0768546
8.75 3.64348e-07 0.914568 0.0854311
8.8 3.21375e-07 0.905133 0.0948664
8.85 2.83148e-07 0.894776 0.105224
8.9 2.49157e-07 0.883433 0.116566
8.95 2.18948e-07 0.871044 0.128956
9 1.92114e-07 0.857551 0.142449
9.05 1.68297e-07 0.8429 0.1571
9.1 1.47174e-07 0.827046 0.172954
9.15 1.28458e-07 0.809953 0.190047
9.2 1.11893e-07 0.791597 0.208403
9.25 9.7252e-08 0.771967 0.228033
9.3 8.43295e-08 0.751069 0.248931
9.35 7.29432e-08 0.728928 0.271072
9.4 6.29292e-08 0.70559 0.29441
9.45 5.41408e-08 0.681122 0.318878
9.5 4.64459e-08 0.655613 0.344387
9.55 3.97256e-08 0.629174 0.370826
9.6 3.38728e-08 0.601937 0.398063
9.65 2.87908e-08 0.574055 0.425945
9.7 2.43921e-08 0.545694 0.454306
9.75 2.05977e-08 0.517033 0.482967
9.8 1.73361e-08 0.488259 0.511741
9.85 1.45427e-08 0.459563 0.540437
9.9 1.21594e-08 0.431133 0.568867
9.95 1.01336e-08 0.403149 0.596851
10 8.41853e-09 0.375782 0.624218
10.05 6.97199e-09 0.349186 0.650814
10.1 5.75665e-09 0.323497 0.676503
10.15 4.7394e-09 0.29883 0.70117
10.2 3.89109e-09 0.275278 0.724722
10.25 3.18619e-09 0.252913 0.747087
10.3 2.60246e-09 0.231784 0.768216
10.35 2.12066e-09 0.211919 0.788081
10.4 1.72424e-09 0.193329 0.806671
10.45 1.39902e-09 0.176005 0.823995
10.5 1.13297e-09 0.159926 0.840074
10.55 9.15877e-10 0.145057 0.854943
10.6 7.39168e-10 0.131354 0.868646
10.65 5.9565e-10 0.118766 0.881234
10.7 4.79333e-10 0.107235 0.892765
10.75 3.8524e-10 0.0967011 0.903299
10.8 3.09259e-10 0.0871009 0.912899
10.85 2.48003e-10 0.0783711 0.921629
10.9 1.98689e-10 0.0704488 0.929551
10.95 1.59043e-10 0.0632723 0.936728
11 1.27207e-10 0.0567822 0.943218
11.05 1.01672e-10 0.0509216 0.949078
11.1 8.12108e-11 0.0456366 0.954363
11.15 6.48298e-11 0.0408766 0.959123
11.2 5.17261e-11 0.036594 0.963406
11.25 4.12516e-11 0.0327447 0.967255
11.3 3.28844e-11 0.029288 0.970712
11.35 2.62045e-11 0.0261864 0.973814
11.4 2.08744e-11 0.0234053 0.976595
11.45 1.66235e-11 0.0209132 0.979087
11.5 1.32346e-11 0.0186814 0.981319
11.55 1.0534e-11 0.0166837 0.983316
11.6 8.38266e-12 0.0148964 0.985104
11.65 6.66939e-12 0.013298 0.986702
11.7 5.30536e-12 0.011869 0.988131
11.75 4.21964e-12 0.0105919 0.989408
11.8 3.35564e-12 0.00945096 0.990549
11.85 2.66823e-12 0.00843184 0.991568
11.9 2.12139e-12 0.00752179 0.992478
11.95 1.68646e-12 0.00670929 0.993291
12 1.34058e-12 0.00598402 0.994016
12.05 1.06556e-12 0.00533674 0.994663
12.1 8.46892e-13 0.00475914 0.995241
12.15 6.73059e-13 0.00424378 0.995756
12.2 5.34876e-13 0.00378402 0.996216
12.25 4.25042e-13 0.0033739 0.996626
12.3 3.37747e-13 0.0030081 0.996992
12.35 2.6837e-13 0.00268185 0.997318
12.4 2.13236e-13 0.00239089 0.997609
12.45 1.69423e-13 0.00213144 0.997869
12.5 1.34609e-13 0.00190009 0.9981
12.55 1.06946e-13 0.00169381 0.998306
12.6 8.49657e-14 0.00150988 0.99849
12.65 6.75018e-14 0.00134591 0.998654
12.7 5.36264e-14 0.00119972 0.9988
12.75 4.26025e-14 0.00106939 0.998931
12.8 3.38443e-14 0.000953204 0.999047
12.85 2.68863e-14 0.000849632 0.99915
12.9 2.13585e-14 0.000757305 0.999243
12.95 1.69671e-14 0.000675005 0.999325
13 1.34784e-14 0.000601643 0.999398
13.05 1.0707e-14 0.00053625 0.999464
13.1 8.50535e-15 0.000477961 0.999522
13.15 6.75639e-15 0.000426005 0.999574
13.2 5.36704e-15 0.000379695 0.99962
13.25 4.26337e-15 0.000338418 0.999662
13.3 3.38664e-15 0.000301626 0.999698
13.35 2.69019e-15 0.000268833 0.999731
13.4 2.13696e-15 0.000239605 0.99976
13.45 1.69749e-15 0.000213554 0.999786
13.5 1.3484e-15 0.000190334 0.99981
13.55 1.07109e-15 0.000169639 0.99983
13.6 8.50813e-16 0.000151194 0.999849
13.65 6.75836e-16 0.000134754 0.999865
13.7 5.36844e-16 0.000120101 0.99988
13.75 4.26436e-16 0.000107042 0.999893
13.8 3.38734e-16 9.54022e-05 0.999905
13.85 2.69069e-16 8.50282e-05 0.999915
13.9 2.13731e-16 7.57822e-05 0.999924
13.95 1.69774e-16 6.75415e-05 0.999932
14 1.34857e-16 6.01969e-05 0.99994
