E i
-1.1 -10
-1.0975 -10
-1.095 -10
-1.0925 -10
-1.09 -10
-1.0875 -10
-1.085 -10
-1.0825 -10
-1.08 -10
-1.0775 -10
-1.075 -10
-1.0725 -10
-1.07 -10
-1.0675 -10
-1.065 -10
-1.0625 -10
-1.06 -10
-1.0575 -10
-1.055 -10
-1.0525 -10
-1.05 -10
-1.0475 -10
-1.045 -10
-1.0425 -10
-1.04 -10
-1.0375 -10
-1.035 -10
-1.0325 -10
-1.03 -10
-1.0275 -10
-1.025 -10
-1.0225 -10
-1.02 -10
-1.0175 -10
-1.015 -10
-1.0125 -10
-1.01 -10
-1.0075 -10
-1.005 -10
-1.0025 -10
-1 -10
-0.9975 -10
-0.995 -10
-0.9925 -10
-0.99 -10
-0.9875 -10
-0.985 -10
-0.9825 -10
-0.98 -10
-0.9775 -10
-0.975 -10
-0.9725 -10
-0.97 -10
-0.9675 -10
-0.965 -10
-0.9625 -10
-0.96 -10
-0.9575 -10
-0.955 -10
-0.9525 -10
-0.95 -10
-0.9475 -10
-0.945 -10
-0.9425 -10
-0.94 -10
-0.9375 -10
-0.935 -10
-0.9325 -10
-0.93 -10
-0.9275 -10
-0.925 -10
-0.9225 -10
-0.92 -10
-0.9175 -10
-0.915 -10
-0.9125 -10
-0.91 -10
-0.9075 -10
-0.905 -10
-0.9025 -10
-0.9 -10
-0.8975 -10
-0.895 -10
-0.8925 -10
-0.89 -10
-0.8875 -10
-0.885 -10
-0.8825 -10
-0.88 -10
-0.8775 -10
-0.875 -10
-0.8725 -10
-0.87 -10
-0.8675 -10
-0.865 -10
-0.8625 -10
-0.86 -10
-0.8575 -10
-0.855 -10
-0.8525 -10
-0.85 -10
-0.8475 -10
-0.845 -10
-0.8425 -10
-0.84 -10
-0.8375 -10
-0.835 -10
-0.8325 -10
-0.83 -10
-0.8275 -10
-0.825 -10
-0.8225 -9.93745
-0.82 -9.5319
-0.8175 -9.14289
-0.815 -8.76977
-0.8125 -8.41187
-0.81 -8.06858
-0.8075 -7.73929
-0.805 -7.42345
-0.8025 -7.12049
-0.8 -6.8299
-0.7975 -6.55117
-0.795 -6.28381
-0.7925 -6.02737
-0.79 -5.78139
-0.7875 -5.54545
-0.785 -5.31913
-0.7825 -5.10206
-0.78 -4.89384
-0.7775 -4.69412
-0.775 -4.50255
-0.7725 -4.3188
-0.77 -4.14254
-0.7675 -3.97349
-0.765 -3.81133
-0.7625 -3.65578
-0.76 -3.50659
-0.7575 -3.36348
-0.755 -3.22622
-0.7525 -3.09455
-0.75 -2.96826
-0.7475 -2.84713
-0.745 -2.73093
-0.7425 -2.61948
-0.74 -2.51258
-0.7375 -2.41004
-0.735 -2.31169
-0.7325 -2.21734
-0.73 -2.12685
-0.7275 -2.04006
-0.725 -1.9568
-0.7225 -1.87694
-0.72 -1.80034
-0.7175 -1.72687
-0.715 -1.6564
-0.7125 -1.5888
-0.71 -1.52396
-0.7075 -1.46176
-0.705 -1.40211
-0.7025 -1.34489
-0.7 -1.29
-0.6975 -1.23736
-0.695 -1.18686
-0.6925 -1.13842
-0.69 -1.09196
-0.6875 -1.0474
-0.685 -1.00465
-0.6825 -0.963654
-0.68 -0.924327
-0.6775 -0.886604
-0.675 -0.850422
-0.6725 -0.815715
-0.67 -0.782426
-0.6675 -0.750494
-0.665 -0.719866
-0.6625 -0.690488
-0.66 -0.662309
-0.6575 -0.63528
-0.655 -0.609354
-0.6525 -0.584486
-0.65 -0.560632
-0.6475 -0.537753
-0.645 -0.515807
-0.6425 -0.494756
-0.64 -0.474565
-0.6375 -0.455198
-0.635 -0.436621
-0.6325 -0.418802
-0.63 -0.401711
-0.6275 -0.385317
-0.625 -0.369592
-0.6225 -0.354508
-0.62 -0.340041
-0.6175 -0.326164
-0.615 -0.312853
-0.6125 -0.300085
-0.61 -0.287838
-0.6075 -0.276091
-0.605 -0.264824
-0.6025 -0.254016
-0.6 -0.24365
-0.5975 -0.233706
-0.595 -0.224169
-0.5925 -0.21502
-0.59 -0.206245
-0.5875 -0.197828
-0.585 -0.189755
-0.5825 -0.182011
-0.58 -0.174583
-0.5775 -0.167458
-0.575 -0.160624
-0.5725 -0.154069
-0.57 -0.147781
-0.5675 -0.14175
-0.565 -0.135965
-0.5625 -0.130416
-0.56 -0.125094
-0.5575 -0.119989
-0.555 -0.115092
-0.5525 -0.110395
-0.55 -0.10589
-0.5475 -0.101568
-0.545 -0.0974233
-0.5425 -0.0934474
-0.54 -0.0896338
-0.5375 -0.0859758
-0.535 -0.0824671
-0.5325 -0.0791015
-0.53 -0.0758734
-0.5275 -0.0727769
-0.525 -0.0698069
-0.5225 -0.066958
-0.52 -0.0642254
-0.5175 -0.0616043
-0.515 -0.0590902
-0.5125 -0.0566787
-0.51 -0.0543656
-0.5075 -0.0521469
-0.505 -0.0500188
-0.5025 -0.0479775
-0.5 -0.0460195
-0.4975 -0.0441414
-0.495 -0.04234
-0.4925 -0.0406121
-0.49 -0.0389547
-0.4875 -0.0373649
-0.485 -0.03584
-0.4825 -0.0343774
-0.48 -0.0329744
-0.4775 -0.0316287
-0.475 -0.0303379
-0.4725 -0.0290998
-0.47 -0.0279122
-0.4675 -0.0267731
-0.465 -0.0256805
-0.4625 -0.0246325
-0.46 -0.0236272
-0.4575 -0.022663
-0.455 -0.0217381
-0.4525 -0.0208509
-0.45 -0.02
-0.4475 -0.0191838
-0.445 -0.0184009
-0.4425 -0.0176499
-0.44 -0.0169296
-0.4375 -0.0162387
-0.435 -0.015576
-0.4325 -0.0149404
-0.43 -0.0143306
-0.4275 -0.0137458
-0.425 -0.0131848
-0.4225 -0.0126467
-0.42 -0.0121306
-0.4175 -0.0116356
-0.415 -0.0111607
-0.4125 -0.0107052
-0.41 -0.0102683
-0.4075 -0.00984929
-0.405 -0.00944733
-0.4025 -0.00906178
-0.4 -0.00869196
-0.3975 -0.00833724
-0.395 -0.00799699
-0.3925 -0.00767063
-0.39 -0.00735759
-0.3875 -0.00705732
-0.385 -0.00676931
-0.3825 -0.00649305
-0.38 -0.00622806
-0.3775 -0.00597389
-0.375 -0.0057301
-0.3725 -0.00549625
-0.37 -0.00527194
-0.3675 -0.00505679
-0.365 -0.00485042
-0.3625 -0.00465247
-0.36 -0.0044626
-0.3575 -0.00428048
-0.355 -0.00410579
-0.3525 -0.00393823
-0.35 -0.00377751
-0.3475 -0.00362335
-0.345 -0.00347548
-0.3425 -0.00333364
-0.34 -0.00319759
-0.3375 -0.0030671
-0.335 -0.00294193
-0.3325 -0.00282187
-0.33 -0.00270671
-0.3275 -0.00259624
-0.325 -0.00249029
-0.3225 -0.00238866
-0.32 -0.00229118
-0.3175 -0.00219767
-0.315 -0.00210798
-0.3125 -0.00202196
-0.31 -0.00193944
-0.3075 -0.00186029
-0.305 -0.00178437
-0.3025 -0.00171155
-0.3 -0.0016417
