nu T
4000 99.645
3996 99.639
3992 99.634
3988 99.628
3984 99.622
3980 99.616
3976 99.609
3972 99.603
3968 99.596
3964 99.589
3960 99.582
3956 99.574
3952 99.566
3948 99.558
3944 99.55
3940 99.541
3936 99.532
3932 99.523
3928 99.513
3924 99.503
3920 99.492
3916 99.481
3912 99.47
3908 99.458
3904 99.445
3900 99.432
3896 99.419
3892 99.404
3888 99.389
3884 99.374
3880 99.357
3876 99.34
3872 99.321
3868 99.302
3864 99.282
3860 99.26
3856 99.237
3852 99.213
3848 99.188
3844 99.161
3840 99.132
3836 99.101
3832 99.068
3828 99.033
3824 98.995
3820 98.955
3816 98.911
3812 98.865
3808 98.814
3804 98.76
3800 98.7
3796 98.636
3792 98.566
3788 98.489
3784 98.405
3780 98.312
3776 98.21
3772 98.097
3768 97.971
3764 97.831
3760 97.674
3756 97.497
3752 97.298
3748 97.071
3744 96.811
3740 96.513
3736 96.168
3732 95.767
3728 95.295
3724 94.739
3720 94.075
3716 93.277
3712 92.309
3708 91.124
3704 89.659
3700 87.834
3696 85.546
3692 82.672
3688 79.084
3684 74.7
3680 69.588
3676 64.157
3672 59.328
3668 56.402
3664 56.399
3660 59.32
3656 64.142
3652 69.565
3648 74.669
3644 79.044
3640 82.622
3636 85.486
3632 87.765
3628 89.58
3624 91.035
3620 92.211
3616 93.169
3612 93.957
3608 94.61
3604 95.157
3600 95.618
3596 96.01
3592 96.345
3588 96.633
3584 96.882
3580 97.099
3576 97.289
3572 97.455
3568 97.602
3564 97.731
3560 97.846
3556 97.949
3552 98.04
3548 98.122
3544 98.195
3540 98.26
3536 98.319
3532 98.372
3528 98.42
3524 98.463
3520 98.501
3516 98.536
3512 98.567
3508 98.595
3504 98.62
3500 98.643
3496 98.663
3492 98.68
3488 98.696
3484 98.709
3480 98.721
3476 98.731
3472 98.739
3468 98.746
3464 98.752
3460 98.756
3456 98.759
3452 98.76
3448 98.761
3444 98.76
3440 98.759
3436 98.756
3432 98.752
3428 98.747
3424 98.741
3420 98.735
3416 98.727
3412 98.719
3408 98.709
3404 98.699
3400 98.687
3396 98.675
3392 98.662
3388 98.648
3384 98.633
3380 98.618
3376 98.601
3372 98.583
3368 98.565
3364 98.545
3360 98.525
3356 98.503
3352 98.481
3348 98.457
3344 98.432
3340 98.407
3336 98.38
3332 98.351
3328 98.322
3324 98.291
3320 98.26
3316 98.226
3312 98.191
3308 98.155
3304 98.117
3300 98.078
3296 98.037
3292 97.994
3288 97.95
3284 97.903
3280 97.855
3276 97.804
3272 97.751
3268 97.696
3264 97.639
3260 97.579
3256 97.516
3252 97.45
3248 97.382
3244 97.31
3240 97.235
3236 97.156
3232 97.074
3228 96.988
3224 96.897
3220 96.802
3216 96.703
3212 96.598
3208 96.488
3204 96.372
3200 96.25
3196 96.121
3192 95.986
3188 95.842
3184 95.691
3180 95.531
3176 95.362
3172 95.183
3168 94.993
3164 94.791
3160 94.577
3156 94.349
3152 94.107
3148 93.848
3144 93.572
3140 93.277
3136 92.961
3132 92.623
3128 92.26
3124 91.869
3120 91.449
3116 90.996
3112 90.507
3108 89.979
3104 89.406
3100 88.784
3096 88.108
3092 87.371
3088 86.567
3084 85.688
3080 84.725
3076 83.667
3072 82.504
3068 81.222
3064 79.807
3060 78.241
3056 76.507
3052 74.584
3048 72.449
3044 70.078
3040 67.445
3036 64.525
3032 61.296
3028 57.738
3024 53.843
3020 49.619
3016 45.096
3012 40.34
3008 35.457
3004 30.602
3000 25.969
2996 21.775
2992 18.225
2988 15.478
2984 13.625
2980 12.697
2976 12.697
2972 13.625
2968 15.478
2964 18.225
2960 21.775
2956 25.97
2952 30.603
2948 35.459
2944 40.343
2940 45.099
2936 49.623
2932 53.848
2928 57.743
2924 61.302
2920 64.532
2916 67.452
2912 70.086
2908 72.458
2904 74.594
2900 76.518
2896 78.253
2892 79.819
2888 81.236
2884 82.518
2880 83.683
2876 84.741
2872 85.705
2868 86.585
2864 87.39
2860 88.127
2856 88.804
2852 89.427
2848 90.001
2844 90.531
2840 91.021
2836 91.475
2832 91.896
2828 92.287
2824 92.651
2820 92.991
2816 93.308
2812 93.604
2808 93.881
2804 94.141
2800 94.385
2796 94.614
2792 94.829
2788 95.032
2784 95.223
2780 95.403
2776 95.574
2772 95.735
2768 95.888
2764 96.032
2760 96.169
2756 96.299
2752 96.423
2748 96.54
2744 96.652
2740 96.758
2736 96.86
2732 96.956
2728 97.048
2724 97.136
2720 97.221
2716 97.301
2712 97.378
2708 97.452
2704 97.522
2700 97.59
2696 97.655
2692 97.717
2688 97.777
2684 97.834
2680 97.889
2676 97.942
2672 97.993
2668 98.042
2664 98.09
2660 98.135
2656 98.179
2652 98.221
2648 98.262
2644 98.302
2640 98.34
2636 98.376
2632 98.412
2628 98.446
2624 98.479
2620 98.511
2616 98.542
2612 98.572
2608 98.601
2604 98.629
2600 98.657
2596 98.683
2592 98.709
2588 98.734
2584 98.758
2580 98.781
2576 98.804
2572 98.826
2568 98.847
2564 98.868
2560 98.888
2556 98.908
2552 98.927
2548 98.945
2544 98.963
2540 98.981
2536 98.998
2532 99.014
2528 99.031
2524 99.046
2520 99.062
2516 99.077
2512 99.091
2508 99.105
2504 99.119
2500 99.133
2496 99.146
2492 99.158
2488 99.171
2484 99.183
2480 99.195
2476 99.207
2472 99.218
2468 99.229
2464 99.24
2460 99.25
2456 99.261
2452 99.271
2448 99.28
2444 99.29
2440 99.299
2436 99.308
2432 99.317
2428 99.326
2424 99.335
2420 99.343
2416 99.351
2412 99.359
2408 99.367
2404 99.375
2400 99.382
2396 99.39
2392 99.397
2388 99.404
2384 99.411
2380 99.417
2376 99.424
2372 99.43
2368 99.437
2364 99.443
2360 99.449
2356 99.455
2352 99.461
2348 99.466
2344 99.472
2340 99.477
2336 99.483
2332 99.488
2328 99.493
2324 99.498
2320 99.503
2316 99.508
2312 99.513
2308 99.517
2304 99.522
2300 99.526
2296 99.531
2292 99.535
2288 99.539
2284 99.543
2280 99.547
2276 99.551
2272 99.555
2268 99.559
2264 99.563
2260 99.566
2256 99.57
2252 99.574
2248 99.577
2244 99.58
2240 99.584
2236 99.587
2232 99.59
2228 99.593
2224 99.596
2220 99.599
2216 99.602
2212 99.605
2208 99.608
2204 99.611
2200 99.614
2196 99.616
2192 99.619
2188 99.621
2184 99.624
2180 99.626
2176 99.629
2172 99.631
2168 99.633
2164 99.636
2160 99.638
2156 99.64
2152 99.642
2148 99.644
2144 99.646
2140 99.648
2136 99.65
2132 99.652
2128 99.654
2124 99.656
2120 99.658
2116 99.66
2112 99.661
2108 99.663
2104 99.665
2100 99.666
2096 99.668
2092 99.669
2088 99.671
2084 99.672
2080 99.674
2076 99.675
2072 99.676
2068 99.678
2064 99.679
2060 99.68
2056 99.681
2052 99.683
2048 99.684
2044 99.685
2040 99.686
2036 99.687
2032 99.688
2028 99.689
2024 99.69
2020 99.691
2016 99.692
2012 99.692
2008 99.693
2004 99.694
2000 99.695
1996 99.695
1992 99.696
1988 99.697
1984 99.697
1980 99.698
1976 99.699
1972 99.699
1968 99.7
1964 99.7
1960 99.701
1956 99.701
1952 99.701
1948 99.702
1944 99.702
1940 99.702
1936 99.703
1932 99.703
1928 99.703
1924 99.703
1920 99.703
1916 99.703
1912 99.704
1908 99.704
1904 99.704
1900 99.704
1896 99.704
1892 99.704
1888 99.703
1884 99.703
1880 99.703
1876 99.703
1872 99.703
1868 99.702
1864 99.702
1860 99.702
1856 99.701
1852 99.701
1848 99.701
1844 99.7
1840 99.7
1836 99.699
1832 99.699
1828 99.698
1824 99.697
1820 99.697
1816 99.696
1812 99.695
1808 99.694
1804 99.694
1800 99.693
1796 99.692
1792 99.691
1788 99.69
1784 99.689
1780 99.688
1776 99.687
1772 99.686
1768 99.684
1764 99.683
1760 99.682
1756 99.681
1752 99.679
1748 99.678
1744 99.676
1740 99.675
1736 99.673
1732 99.672
1728 99.67
1724 99.668
1720 99.667
1716 99.665
1712 99.663
1708 99.661
1704 99.659
1700 99.657
1696 99.655
1692 99.653
1688 99.651
1684 99.648
1680 99.646
1676 99.643
1672 99.641
1668 99.638
1664 99.636
1660 99.633
1656 99.63
1652 99.628
1648 99.625
1644 99.622
1640 99.619
1636 99.615
1632 99.612
1628 99.609
1624 99.605
1620 99.602
1616 99.598
1612 99.595
1608 99.591
1604 99.587
1600 99.583
1596 99.579
1592 99.575
1588 99.57
1584 99.566
1580 99.561
1576 99.556
1572 99.552
1568 99.547
1564 99.542
1560 99.536
1556 99.531
1552 99.525
1548 99.52
1544 99.514
1540 99.508
1536 99.502
1532 99.495
1528 99.489
1524 99.482
1520 99.475
1516 99.468
1512 99.461
1508 99.453
1504 99.445
1500 99.438
1496 99.429
1492 99.421
1488 99.412
1484 99.403
1480 99.394
1476 99.384
1472 99.375
1468 99.364
1464 99.354
1460 99.343
1456 99.332
1452 99.321
1448 99.309
1444 99.297
1440 99.284
1436 99.271
1432 99.257
1428 99.243
1424 99.229
1420 99.214
1416 99.199
1412 99.183
1408 99.166
1404 99.149
1400 99.131
1396 99.113
1392 99.094
1388 99.074
1384 99.054
1380 99.032
1376 99.01
1372 98.987
1368 98.963
1364 98.938
1360 98.912
1356 98.885
1352 98.857
1348 98.828
1344 98.798
1340 98.766
1336 98.733
1332 98.698
1328 98.662
1324 98.624
1320 98.584
1316 98.543
1312 98.5
1308 98.454
1304 98.406
1300 98.356
1296 98.303
1292 98.248
1288 98.19
1284 98.128
1280 98.064
1276 97.995
1272 97.923
1268 97.847
1264 97.767
1260 97.681
1256 97.591
1252 97.494
1248 97.392
1244 97.284
1240 97.168
1236 97.044
1232 96.913
1228 96.772
1224 96.62
1220 96.458
1216 96.284
1212 96.097
1208 95.895
1204 95.676
1200 95.44
1196 95.184
1192 94.905
1188 94.602
1184 94.271
1180 93.909
1176 93.512
1172 93.076
1168 92.594
1164 92.061
1160 91.47
1156 90.813
1152 90.078
1148 89.254
1144 88.328
1140 87.282
1136 86.096
1132 84.745
1128 83.202
1124 81.43
1120 79.388
1116 77.025
1112 74.283
1108 71.093
1104 67.379
1100 63.061
1096 58.064
1092 52.343
1088 45.912
1084 38.898
1080 31.606
1076 24.548
1072 18.385
1068 13.731
1064 10.92
1060 9.9947
1056 10.92
1052 13.731
1048 18.386
1044 24.548
1040 31.606
1036 38.899
1032 45.913
1028 52.345
1024 58.067
1020 63.063
1016 67.382
1012 71.097
1008 74.287
1004 77.03
1000 79.393
996 81.436
992 83.208
988 84.752
984 86.103
980 87.29
976 88.336
972 89.263
968 90.087
964 90.822
960 91.481
956 92.072
952 92.605
948 93.087
944 93.524
940 93.922
936 94.284
932 94.616
928 94.919
924 95.198
920 95.455
916 95.692
912 95.91
908 96.113
904 96.301
900 96.476
896 96.638
892 96.79
888 96.931
884 97.064
880 97.188
876 97.304
872 97.413
868 97.515
864 97.612
860 97.703
856 97.789
852 97.87
848 97.947
844 98.019
840 98.088
836 98.153
832 98.215
828 98.274
824 98.33
820 98.383
816 98.434
812 98.482
808 98.528
804 98.572
800 98.614
796 98.654
792 98.692
788 98.729
784 98.764
780 98.798
776 98.83
772 98.861
768 98.891
764 98.919
760 98.947
756 98.973
752 98.998
748 99.023
744 99.046
740 99.069
736 99.091
732 99.112
728 99.132
724 99.152
720 99.171
716 99.189
712 99.207
708 99.224
704 99.24
700 99.256
696 99.272
692 99.287
688 99.301
684 99.315
680 99.329
676 99.342
672 99.355
668 99.367
664 99.379
660 99.391
656 99.402
652 99.413
648 99.424
644 99.434
640 99.444
636 99.454
632 99.464
628 99.473
624 99.482
620 99.491
616 99.5
612 99.508
608 99.516
604 99.524
600 99.532
596 99.539
592 99.547
588 99.554
584 99.561
580 99.567
576 99.574
572 99.581
568 99.587
564 99.593
560 99.599
556 99.605
552 99.611
548 99.616
544 99.622
540 99.627
536 99.633
532 99.638
528 99.643
524 99.648
520 99.652
516 99.657
512 99.662
508 99.666
504 99.671
500 99.675
