lgp Mb Hb
-1.5 -1.0682 -5.51898
-1.45 -1.0182 -5.38398
-1.4 -0.968202 -5.24898
-1.35 -0.918202 -5.11398
-1.3 -0.868202 -4.97898
-1.25 -0.818202 -4.84398
-1.2 -0.768202 -4.70898
-1.15 -0.718202 -4.57398
-1.1 -0.668202 -4.43898
-1.05 -0.618202 -4.30398
-1 -0.568202 -4.16898
-0.95 -0.518202 -4.03398
-0.9 -0.468202 -3.89898
-0.85 -0.418202 -3.76398
-0.8 -0.368202 -3.62898
-0.75 -0.318202 -3.49398
-0.7 -0.268202 -3.35898
-0.65 -0.218202 -3.22398
-0.6 -0.168202 -3.08898
-0.55 -0.118202 -2.95398
-0.5 -0.0682017 -2.81898
-0.45 -0.0182017 -2.68398
-0.4 0.0317983 -2.54898
-0.35 0.0817983 -2.41398
-0.3 0.131798 -2.27898
-0.25 0.181798 -2.14398
-0.2 0.231798 -2.00898
-0.15 0.281798 -1.87398
-0.1 0.331798 -1.73898
-0.05 0.381798 -1.60398
0 0.431798 -1.46898
0.05 0.481798 -1.33398
0.1 0.531798 -1.19898
0.15 0.581798 -1.06398
0.2 0.631798 -0.928984
0.25 0.681798 -0.793984
0.3 0.731798 -0.658984
0.35 0.781798 -0.523984
0.4 0.831798 -0.388984
0.45 0.881798 -0.253984
0.5 0.931798 -0.118984
0.55 0.981798 0.0160163
0.6 1.0318 0.151016
0.65 1.0818 0.286016
0.7 1.1318 0.421016
0.75 1.1818 0.556016
0.8 1.2318 0.691016
0.85 1.2818 0.826016
0.9 1.3318 0.961016
0.95 1.3818 1.09602
1 1.4318 1.23102
1.05 1.4818 1.36602
1.1 1.5318 1.50102
1.15 1.5818 1.63602
1.2 1.6318 1.77102
1.25 1.6818 1.90602
1.3 1.7318 2.04102
1.35 1.7818 2.17602
1.4 1.8318 2.31102
1.45 1.8818 2.44602
1.5 1.9318 2.58102
