t a b c bss
0 1 0 0 2
0.05 0.951229 0.048161 0.0006096 1.90246
0.1 0.904837 0.092784 0.00237857 1.80967
0.15 0.860708 0.134071 0.005221 1.72142
0.2 0.818731 0.172213 0.00905592 1.63746
0.25 0.778801 0.207392 0.013807 1.5576
0.3 0.740818 0.23978 0.0194023 1.48164
0.35 0.704688 0.269538 0.025774 1.40938
0.4 0.67032 0.296821 0.0328585 1.34064
0.45 0.637628 0.321776 0.0405957 1.27526
0.5 0.606531 0.34454 0.0489291 1.21306
0.55 0.57695 0.365245 0.0578056 1.1539
0.6 0.548812 0.384013 0.0671752 1.09762
0.65 0.522046 0.400963 0.0769911 1.04409
0.7 0.496585 0.416206 0.0872091 0.993171
0.75 0.472367 0.429845 0.097788 0.944733
0.8 0.449329 0.441982 0.108689 0.898658
0.85 0.427415 0.45271 0.119875 0.85483
0.9 0.40657 0.462117 0.131313 0.813139
0.95 0.386741 0.470288 0.142971 0.773482
1 0.367879 0.477302 0.154818 0.735759
1.05 0.349938 0.483235 0.166827 0.699875
1.1 0.332871 0.488157 0.178971 0.665742
1.15 0.316637 0.492136 0.191227 0.633274
1.2 0.301194 0.495235 0.203571 0.602388
1.25 0.286505 0.497513 0.215982 0.57301
1.3 0.272532 0.499028 0.22844 0.545064
1.35 0.25924 0.499832 0.240927 0.518481
1.4 0.246597 0.499977 0.253426 0.493194
1.45 0.23457 0.499509 0.265921 0.469141
1.5 0.22313 0.498473 0.278397 0.44626
1.55 0.212248 0.496912 0.29084 0.424496
1.6 0.201897 0.494865 0.303239 0.403793
1.65 0.19205 0.49237 0.31558 0.3841
1.7 0.182684 0.489463 0.327854 0.365367
1.75 0.173774 0.486176 0.34005 0.347548
1.8 0.165299 0.482542 0.35216 0.330598
1.85 0.157237 0.478589 0.364174 0.314474
1.9 0.149569 0.474345 0.376087 0.299137
1.95 0.142274 0.469837 0.387889 0.284548
2 0.135335 0.465088 0.399576 0.270671
2.05 0.128735 0.460123 0.411142 0.25747
2.1 0.122456 0.454963 0.422581 0.244913
2.15 0.116484 0.449627 0.433889 0.232968
2.2 0.110803 0.444136 0.445061 0.221606
2.25 0.105399 0.438506 0.456094 0.210798
2.3 0.100259 0.432756 0.466985 0.200518
2.35 0.0953692 0.4269 0.477731 0.190738
2.4 0.090718 0.420953 0.48833 0.181436
2.45 0.0862936 0.414928 0.498778 0.172587
2.5 0.082085 0.40884 0.509075 0.16417
2.55 0.0780817 0.402699 0.51922 0.156163
2.6 0.0742736 0.396516 0.52921 0.148547
2.65 0.0706512 0.390303 0.539045 0.141302
2.7 0.0672055 0.384069 0.548725 0.134411
2.75 0.0639279 0.377823 0.558249 0.127856
2.8 0.0608101 0.371574 0.567616 0.12162
2.85 0.0578443 0.365328 0.576827 0.115689
2.9 0.0550232 0.359094 0.585883 0.110046
2.95 0.0523397 0.352878 0.594782 0.104679
3 0.0497871 0.346686 0.603527 0.0995741
3.05 0.0473589 0.340524 0.612117 0.0947178
3.1 0.0450492 0.334398 0.620553 0.0900984
3.15 0.0428521 0.328311 0.628837 0.0857043
3.2 0.0407622 0.322269 0.636969 0.0815244
3.25 0.0387742 0.316275 0.644951 0.0775484
3.3 0.0368832 0.310333 0.652783 0.0737663
3.35 0.0350844 0.304448 0.660468 0.0701687
3.4 0.0333733 0.298621 0.668006 0.0667465
3.45 0.0317456 0.292855 0.6754 0.0634913
3.5 0.0301974 0.287153 0.682649 0.0603948
3.55 0.0287246 0.281518 0.689758 0.0574493
3.6 0.0273237 0.27595 0.696726 0.0546474
3.65 0.0259911 0.270453 0.703556 0.0519823
3.7 0.0247235 0.265027 0.710249 0.0494471
3.75 0.0235177 0.259674 0.716808 0.0470355
3.8 0.0223708 0.254396 0.723234 0.0447415
3.85 0.0212797 0.249192 0.729528 0.0425595
3.9 0.0202419 0.244064 0.735694 0.0404838
3.95 0.0192547 0.239013 0.741732 0.0385094
4 0.0183156 0.234039 0.747645 0.0366313
4.05 0.0174224 0.229143 0.753435 0.0348447
4.1 0.0165727 0.224324 0.759103 0.0331454
4.15 0.0157644 0.219584 0.764652 0.0315288
4.2 0.0149956 0.214922 0.770083 0.0299912
4.25 0.0142642 0.210337 0.775398 0.0285285
4.3 0.0135686 0.205831 0.7806 0.0271371
4.35 0.0129068 0.201403 0.785691 0.0258136
4.4 0.0122773 0.197052 0.790671 0.0245547
4.45 0.0116786 0.192778 0.795544 0.0233571
4.5 0.011109 0.18858 0.800311 0.022218
4.55 0.0105672 0.184459 0.804973 0.0211344
4.6 0.0100518 0.180414 0.809534 0.0201037
4.65 0.0095616 0.176444 0.813995 0.0191232
4.7 0.00909528 0.172548 0.818357 0.0181906
4.75 0.0086517 0.168726 0.822623 0.0173034
4.8 0.00822975 0.164976 0.826794 0.0164595
4.85 0.00782838 0.161299 0.830872 0.0156568
4.9 0.00744658 0.157694 0.834859 0.0148932
4.95 0.00708341 0.154159 0.838757 0.0141668
5 0.00673795 0.150694 0.842568 0.0134759
5.05 0.00640933 0.147298 0.846293 0.0128187
5.1 0.00609675 0.14397 0.849933 0.0121935
5.15 0.0057994 0.140709 0.853492 0.0115988
5.2 0.00551656 0.137514 0.856969 0.0110331
5.25 0.00524752 0.134384 0.860368 0.010495
5.3 0.00499159 0.131319 0.863689 0.00998319
5.35 0.00474815 0.128317 0.866934 0.0094963
5.4 0.00451658 0.125378 0.870106 0.00903316
5.45 0.0042963 0.1225 0.873204 0.00859261
5.5 0.00408677 0.119682 0.876231 0.00817354
5.55 0.00388746 0.116924 0.879189 0.00777491
5.6 0.00369786 0.114224 0.882078 0.00739573
5.65 0.00351752 0.111582 0.8849 0.00703503
5.7 0.00334597 0.108997 0.887657 0.00669193
5.75 0.00318278 0.106467 0.890351 0.00636556
5.8 0.00302755 0.103991 0.892981 0.00605511
5.85 0.0028799 0.10157 0.895551 0.0057598
5.9 0.00273944 0.0992005 0.89806 0.00547889
5.95 0.00260584 0.0968832 0.900511 0.00521168
6 0.00247875 0.0946166 0.902905 0.0049575
