E i
-1.1 -2
-1.095 -2
-1.09 -2
-1.085 -2
-1.08 -2
-1.075 -2
-1.07 -2
-1.065 -2
-1.06 -2
-1.055 -2
-1.05 -2
-1.045 -2
-1.04 -2
-1.035 -2
-1.03 -2
-1.025 -2
-1.02 -2
-1.015 -2
-1.01 -2
-1.005 -2
-1 -2
-0.995 -2
-0.99 -2
-0.985 -2
-0.98 -2
-0.975 -2
-0.97 -2
-0.965 -2
-0.96 -2
-0.955 -2
-0.95 -2
-0.945 -2
-0.94 -2
-0.935 -2
-0.93 -2
-0.925 -2
-0.92 -2
-0.915 -2
-0.91 -2
-0.905 -2
-0.9 -2
-0.895 -2
-0.89 -2
-0.885 -2
-0.88 -2
-0.875 -2
-0.87 -2
-0.865 -2
-0.86 -2
-0.855 -2
-0.85 -2
-0.845 -2
-0.84 -2
-0.835 -2
-0.83 -2
-0.825 -2
-0.82 -2
-0.815 -2
-0.81 -2
-0.805 -2
-0.8 -2
-0.795 -2
-0.79 -2
-0.785 -2
-0.78 -2
-0.775 -2
-0.77 -2
-0.765 -2
-0.76 -2
-0.755 -2
-0.75 -2
-0.745 -2
-0.74 -2
-0.735 -2
-0.73 -2
-0.725 -2
-0.72 -2
-0.715 -2
-0.71 -2
-0.705 -2
-0.7 -2
-0.695 -2
-0.69 -2
-0.685 -2
-0.68 -2
-0.675 -2
-0.67 -2
-0.665 -2
-0.66 -2
-0.655 -2
-0.65 -2
-0.645 -2
-0.64 -2
-0.635 -2
-0.63 -2
-0.625 -2
-0.62 -2
-0.615 -2
-0.61 -2
-0.605 -2
-0.6 -2
-0.595 -2
-0.59 -2
-0.585 -2
-0.58 -2
-0.575 -2
-0.57 -2
-0.565 -2
-0.56 -2
-0.555 -2
-0.55 -2
-0.545 -2
-0.54 -1.99999
-0.535 -1.99999
-0.53 -1.99999
-0.525 -1.99999
-0.52 -1.99999
-0.515 -1.99999
-0.51 -1.99999
-0.505 -1.99999
-0.5 -1.99999
-0.495 -1.99999
-0.49 -1.99998
-0.485 -1.99998
-0.48 -1.99998
-0.475 -1.99998
-0.47 -1.99998
-0.465 -1.99998
-0.46 -1.99997
-0.455 -1.99997
-0.45 -1.99997
-0.445 -1.99996
-0.44 -1.99996
-0.435 -1.99995
-0.43 -1.99995
-0.425 -1.99994
-0.42 -1.99994
-0.415 -1.99993
-0.41 -1.99993
-0.405 -1.99992
-0.4 -1.99991
-0.395 -1.9999
-0.39 -1.99989
-0.385 -1.99988
-0.38 -1.99986
-0.375 -1.99985
-0.37 -1.99983
-0.365 -1.99982
-0.36 -1.9998
-0.355 -1.99978
-0.35 -1.99975
-0.345 -1.99973
-0.34 -1.9997
-0.335 -1.99967
-0.33 -1.99963
-0.325 -1.99959
-0.32 -1.99955
-0.315 -1.9995
-0.31 -1.99945
-0.305 -1.99939
-0.3 -1.99933
-0.295 -1.99926
-0.29 -1.99918
-0.285 -1.99909
-0.28 -1.999
-0.275 -1.99889
-0.27 -1.99878
-0.265 -1.99865
-0.26 -1.99851
-0.255 -1.99835
-0.25 -1.99818
-0.245 -1.99799
-0.24 -1.99777
-0.235 -1.99754
-0.23 -1.99728
-0.225 -1.997
-0.22 -1.99668
-0.215 -1.99633
-0.21 -1.99595
-0.205 -1.99552
-0.2 -1.99505
-0.195 -1.99454
-0.19 -1.99396
-0.185 -1.99333
-0.18 -1.99263
-0.175 -1.99186
-0.17 -1.99101
-0.165 -1.99007
-0.16 -1.98903
-0.155 -1.98788
-0.15 -1.98661
-0.145 -1.98522
-0.14 -1.98367
-0.135 -1.98197
-0.13 -1.9801
-0.125 -1.97803
-0.12 -1.97574
-0.115 -1.97323
-0.11 -1.97045
-0.105 -1.9674
-0.1 -1.96403
-0.095 -1.96032
-0.09 -1.95624
-0.085 -1.95175
-0.08 -1.94681
-0.075 -1.94138
-0.07 -1.93541
-0.065 -1.92886
-0.06 -1.92167
-0.055 -1.91379
-0.05 -1.90515
-0.045 -1.89569
-0.04 -1.88535
-0.035 -1.87405
-0.03 -1.86172
-0.025 -1.84828
-0.02 -1.83365
-0.015 -1.81775
-0.01 -1.8005
-0.005 -1.78181
0 -1.76159
0.005 -1.73978
0.01 -1.7163
0.015 -1.69107
0.02 -1.66404
0.025 -1.63515
0.03 -1.60437
0.035 -1.57167
0.04 -1.53705
0.045 -1.50052
0.05 -1.46212
0.055 -1.4219
0.06 -1.37995
0.065 -1.33638
0.07 -1.29131
0.075 -1.24492
0.08 -1.19738
0.085 -1.14889
0.09 -1.09967
0.095 -1.04996
0.1 -1
0.105 -0.950042
0.11 -0.900332
0.115 -0.851115
0.12 -0.802625
0.125 -0.755081
0.13 -0.708687
0.135 -0.663624
0.14 -0.620051
0.145 -0.578101
0.15 -0.537883
0.155 -0.49948
0.16 -0.46295
0.165 -0.42833
0.17 -0.395632
0.175 -0.364851
0.18 -0.335963
0.185 -0.308931
0.19 -0.283702
0.195 -0.260217
0.2 -0.238406
0.205 -0.218194
0.21 -0.199501
0.215 -0.182246
0.22 -0.166345
0.225 -0.151716
0.23 -0.138277
0.235 -0.125947
0.24 -0.114648
0.245 -0.104307
0.25 -0.0948517
0.255 -0.0862145
0.26 -0.0783314
0.265 -0.0711424
0.27 -0.0645909
0.275 -0.0586245
0.28 -0.053194
0.285 -0.048254
0.29 -0.0437625
0.295 -0.0396806
0.3 -0.0359724
0.305 -0.032605
0.31 -0.0295481
0.315 -0.0267738
0.32 -0.0242569
0.325 -0.0219739
0.33 -0.0199036
0.335 -0.0180266
0.34 -0.0163251
0.345 -0.0147831
0.35 -0.0133857
0.355 -0.0121196
0.36 -0.0109726
0.365 -0.0099336
0.37 -0.00899255
0.375 -0.00814028
0.38 -0.00736848
0.385 -0.00666961
0.39 -0.00603683
0.395 -0.00546392
0.4 -0.00494525
0.405 -0.0044757
0.41 -0.00405064
0.415 -0.00366588
0.42 -0.0033176
0.425 -0.00300236
0.43 -0.00271704
0.435 -0.0024588
0.44 -0.00222507
0.445 -0.00201354
0.45 -0.0018221
0.455 -0.00164885
0.46 -0.00149206
0.465 -0.00135017
0.47 -0.00122176
0.475 -0.00110556
0.48 -0.0010004
0.485 -0.000905244
0.49 -0.000819134
0.495 -0.000741212
0.5 -0.0006707
