nu T
4000 99.986
3996 99.986
3992 99.986
3988 99.986
3984 99.986
3980 99.986
3976 99.986
3972 99.986
3968 99.985
3964 99.985
3960 99.985
3956 99.985
3952 99.985
3948 99.985
3944 99.985
3940 99.985
3936 99.985
3932 99.985
3928 99.985
3924 99.985
3920 99.985
3916 99.985
3912 99.985
3908 99.985
3904 99.985
3900 99.985
3896 99.985
3892 99.984
3888 99.984
3884 99.984
3880 99.984
3876 99.984
3872 99.984
3868 99.984
3864 99.984
3860 99.984
3856 99.984
3852 99.984
3848 99.984
3844 99.984
3840 99.984
3836 99.984
3832 99.984
3828 99.984
3824 99.983
3820 99.983
3816 99.983
3812 99.983
3808 99.983
3804 99.983
3800 99.983
3796 99.983
3792 99.983
3788 99.983
3784 99.983
3780 99.983
3776 99.983
3772 99.983
3768 99.983
3764 99.983
3760 99.982
3756 99.982
3752 99.982
3748 99.982
3744 99.982
3740 99.982
3736 99.982
3732 99.982
3728 99.982
3724 99.982
3720 99.982
3716 99.982
3712 99.982
3708 99.982
3704 99.982
3700 99.981
3696 99.981
3692 99.981
3688 99.981
3684 99.981
3680 99.981
3676 99.981
3672 99.981
3668 99.981
3664 99.981
3660 99.981
3656 99.981
3652 99.981
3648 99.981
3644 99.98
3640 99.98
3636 99.98
3632 99.98
3628 99.98
3624 99.98
3620 99.98
3616 99.98
3612 99.98
3608 99.98
3604 99.98
3600 99.98
3596 99.979
3592 99.979
3588 99.979
3584 99.979
3580 99.979
3576 99.979
3572 99.979
3568 99.979
3564 99.979
3560 99.979
3556 99.979
3552 99.979
3548 99.978
3544 99.978
3540 99.978
3536 99.978
3532 99.978
3528 99.978
3524 99.978
3520 99.978
3516 99.978
3512 99.978
3508 99.978
3504 99.977
3500 99.977
3496 99.977
3492 99.977
3488 99.977
3484 99.977
3480 99.977
3476 99.977
3472 99.977
3468 99.977
3464 99.976
3460 99.976
3456 99.976
3452 99.976
3448 99.976
3444 99.976
3440 99.976
3436 99.976
3432 99.976
3428 99.975
3424 99.975
3420 99.975
3416 99.975
3412 99.975
3408 99.975
3404 99.975
3400 99.975
3396 99.975
3392 99.974
3388 99.974
3384 99.974
3380 99.974
3376 99.974
3372 99.974
3368 99.974
3364 99.974
3360 99.974
3356 99.973
3352 99.973
3348 99.973
3344 99.973
3340 99.973
3336 99.973
3332 99.973
3328 99.972
3324 99.972
3320 99.972
3316 99.972
3312 99.972
3308 99.972
3304 99.972
3300 99.972
3296 99.971
3292 99.971
3288 99.971
3284 99.971
3280 99.971
3276 99.971
3272 99.971
3268 99.97
3264 99.97
3260 99.97
3256 99.97
3252 99.97
3248 99.97
3244 99.97
3240 99.969
3236 99.969
3232 99.969
3228 99.969
3224 99.969
3220 99.969
3216 99.968
3212 99.968
3208 99.968
3204 99.968
3200 99.968
3196 99.968
3192 99.967
3188 99.967
3184 99.967
3180 99.967
3176 99.967
3172 99.967
3168 99.966
3164 99.966
3160 99.966
3156 99.966
3152 99.966
3148 99.966
3144 99.965
3140 99.965
3136 99.965
3132 99.965
3128 99.965
3124 99.964
3120 99.964
3116 99.964
3112 99.964
3108 99.964
3104 99.963
3100 99.963
3096 99.963
3092 99.963
3088 99.963
3084 99.962
3080 99.962
3076 99.962
3072 99.962
3068 99.962
3064 99.961
3060 99.961
3056 99.961
3052 99.961
3048 99.96
3044 99.96
3040 99.96
3036 99.96
3032 99.96
3028 99.959
3024 99.959
3020 99.959
3016 99.959
3012 99.958
3008 99.958
3004 99.958
3000 99.958
2996 99.957
2992 99.957
2988 99.957
2984 99.957
2980 99.956
2976 99.956
2972 99.956
2968 99.956
2964 99.955
2960 99.955
2956 99.955
2952 99.954
2948 99.954
2944 99.954
2940 99.954
2936 99.953
2932 99.953
2928 99.953
2924 99.952
2920 99.952
2916 99.952
2912 99.952
2908 99.951
2904 99.951
2900 99.951
2896 99.95
2892 99.95
2888 99.95
2884 99.949
2880 99.949
2876 99.949
2872 99.948
2868 99.948
2864 99.948
2860 99.947
2856 99.947
2852 99.947
2848 99.946
2844 99.946
2840 99.945
2836 99.945
2832 99.945
2828 99.944
2824 99.944
2820 99.944
2816 99.943
2812 99.943
2808 99.942
2804 99.942
2800 99.942
2796 99.941
2792 99.941
2788 99.94
2784 99.94
2780 99.939
2776 99.939
2772 99.939
2768 99.938
2764 99.938
2760 99.937
2756 99.937
2752 99.936
2748 99.936
2744 99.935
2740 99.935
2736 99.934
2732 99.934
2728 99.933
2724 99.933
2720 99.932
2716 99.932
2712 99.931
2708 99.931
2704 99.93
2700 99.93
2696 99.929
2692 99.929
2688 99.928
2684 99.928
2680 99.927
2676 99.926
2672 99.926
2668 99.925
2664 99.925
2660 99.924
2656 99.923
2652 99.923
2648 99.922
2644 99.922
2640 99.921
2636 99.92
2632 99.92
2628 99.919
2624 99.918
2620 99.918
2616 99.917
2612 99.916
2608 99.915
2604 99.915
2600 99.914
2596 99.913
2592 99.912
2588 99.912
2584 99.911
2580 99.91
2576 99.909
2572 99.908
2568 99.908
2564 99.907
2560 99.906
2556 99.905
2552 99.904
2548 99.903
2544 99.902
2540 99.902
2536 99.901
2532 99.9
2528 99.899
2524 99.898
2520 99.897
2516 99.896
2512 99.895
2508 99.894
2504 99.893
2500 99.892
2496 99.891
2492 99.89
2488 99.889
2484 99.887
2480 99.886
2476 99.885
2472 99.884
2468 99.883
2464 99.882
2460 99.88
2456 99.879
2452 99.878
2448 99.877
2444 99.875
2440 99.874
2436 99.873
2432 99.871
2428 99.87
2424 99.868
2420 99.867
2416 99.866
2412 99.864
2408 99.863
2404 99.861
2400 99.859
2396 99.858
2392 99.856
2388 99.855
2384 99.853
2380 99.851
2376 99.849
2372 99.848
2368 99.846
2364 99.844
2360 99.842
2356 99.84
2352 99.838
2348 99.836
2344 99.834
2340 99.832
2336 99.83
2332 99.828
2328 99.826
2324 99.824
2320 99.821
2316 99.819
2312 99.817
2308 99.814
2304 99.812
2300 99.809
2296 99.807
2292 99.804
2288 99.802
2284 99.799
2280 99.796
2276 99.793
2272 99.79
2268 99.787
2264 99.784
2260 99.781
2256 99.778
2252 99.775
2248 99.772
2244 99.768
2240 99.765
2236 99.761
2232 99.758
2228 99.754
2224 99.75
2220 99.746
2216 99.742
2212 99.738
2208 99.734
2204 99.73
2200 99.725
2196 99.721
2192 99.716
2188 99.711
2184 99.707
2180 99.702
2176 99.696
2172 99.691
2168 99.686
2164 99.68
2160 99.675
2156 99.669
2152 99.663
2148 99.656
2144 99.65
2140 99.643
2136 99.637
2132 99.63
2128 99.623
2124 99.615
2120 99.608
2116 99.6
2112 99.592
2108 99.583
2104 99.575
2100 99.566
2096 99.557
2092 99.547
2088 99.537
2084 99.527
2080 99.517
2076 99.506
2072 99.495
2068 99.483
2064 99.471
2060 99.458
2056 99.445
2052 99.432
2048 99.418
2044 99.404
2040 99.389
2036 99.373
2032 99.357
2028 99.34
2024 99.322
2020 99.304
2016 99.285
2012 99.265
2008 99.244
2004 99.222
2000 99.199
1996 99.176
1992 99.151
1988 99.125
1984 99.097
1980 99.069
1976 99.039
1972 99.007
1968 98.974
1964 98.939
1960 98.902
1956 98.864
1952 98.823
1948 98.779
1944 98.734
1940 98.685
1936 98.634
1932 98.58
1928 98.522
1924 98.461
1920 98.395
1916 98.326
1912 98.251
1908 98.172
1904 98.086
1900 97.995
1896 97.897
1892 97.791
1888 97.677
1884 97.554
1880 97.421
1876 97.276
1872 97.119
1868 96.947
1864 96.76
1860 96.555
1856 96.33
1852 96.081
1848 95.807
1844 95.503
1840 95.165
1836 94.787
1832 94.363
1828 93.887
1824 93.347
1820 92.735
1816 92.035
1812 91.231
1808 90.303
1804 89.224
1800 87.962
1796 86.476
1792 84.713
1788 82.605
1784 80.068
1780 76.991
1776 73.24
1772 68.648
1768 63.03
1764 56.21
1760 48.104
1756 38.877
1752 29.179
1748 20.286
1744 13.722
1740 10.398
1736 10.398
1732 13.722
1728 20.284
1724 29.176
1720 38.87
1716 48.094
1712 56.197
1708 63.012
1704 68.626
1700 73.214
1696 76.961
1692 80.033
1688 82.567
1684 84.67
1680 86.429
1676 87.911
1672 89.169
1668 90.243
1664 91.167
1660 91.966
1656 92.661
1652 93.27
1648 93.804
1644 94.277
1640 94.696
1636 95.069
1632 95.402
1628 95.701
1624 95.971
1620 96.214
1616 96.434
1612 96.634
1608 96.816
1604 96.982
1600 97.134
1596 97.273
1592 97.4
1588 97.517
1584 97.625
1580 97.725
1576 97.816
1572 97.901
1568 97.98
1564 98.052
1560 98.119
1556 98.182
1552 98.24
1548 98.293
1544 98.343
1540 98.389
1536 98.431
1532 98.47
1528 98.507
1524 98.54
1520 98.571
1516 98.6
1512 98.626
1508 98.65
1504 98.671
1500 98.691
1496 98.708
1492 98.724
1488 98.738
1484 98.749
1480 98.759
1476 98.768
1472 98.774
1468 98.779
1464 98.782
1460 98.783
1456 98.783
1452 98.78
1448 98.776
1444 98.771
1440 98.763
1436 98.753
1432 98.741
1428 98.727
1424 98.711
1420 98.693
1416 98.672
1412 98.649
1408 98.623
1404 98.594
1400 98.562
1396 98.526
1392 98.487
1388 98.444
1384 98.397
1380 98.345
1376 98.288
1372 98.225
1368 98.156
1364 98.081
1360 97.998
1356 97.906
1352 97.806
1348 97.694
1344 97.571
1340 97.435
1336 97.283
1332 97.114
1328 96.925
1324 96.713
1320 96.475
1316 96.206
1312 95.901
1308 95.553
1304 95.155
1300 94.696
1296 94.165
1292 93.547
1288 92.821
1284 91.963
1280 90.941
1276 89.713
1272 88.223
1268 86.4
1264 84.145
1260 81.332
1256 77.794
1252 73.325
1248 67.69
1244 60.685
1240 52.291
1236 42.979
1232 34.04
1228 27.477
1224 25.07
1220 27.479
1216 34.044
1212 42.987
1208 52.304
1204 60.703
1200 67.715
1196 73.357
1192 77.832
1188 81.377
1184 84.197
1180 86.458
1176 88.289
1172 89.786
1168 91.021
1164 92.05
1160 92.915
1156 93.647
1152 94.273
1148 94.811
1144 95.276
1140 95.682
1136 96.037
1132 96.35
1128 96.627
1124 96.873
1120 97.092
1116 97.289
1112 97.466
1108 97.626
1104 97.771
1100 97.903
1096 98.023
1092 98.132
1088 98.233
1084 98.325
1080 98.41
1076 98.489
1072 98.561
1068 98.629
1064 98.691
1060 98.749
1056 98.803
1052 98.854
1048 98.901
1044 98.945
1040 98.987
1036 99.026
1032 99.062
1028 99.097
1024 99.129
1020 99.16
1016 99.189
1012 99.217
1008 99.243
1004 99.267
1000 99.291
996 99.313
992 99.334
988 99.354
984 99.373
980 99.392
976 99.409
972 99.426
968 99.442
964 99.457
960 99.471
956 99.485
952 99.499
948 99.511
944 99.524
940 99.535
936 99.547
932 99.558
928 99.568
924 99.578
920 99.588
916 99.597
912 99.606
908 99.615
904 99.623
900 99.631
896 99.639
892 99.647
888 99.654
884 99.661
880 99.668
876 99.675
872 99.681
868 99.687
864 99.693
860 99.699
856 99.705
852 99.71
848 99.715
844 99.721
840 99.726
836 99.731
832 99.735
828 99.74
824 99.744
820 99.749
816 99.753
812 99.757
808 99.761
804 99.765
800 99.769
796 99.772
792 99.776
788 99.78
784 99.783
780 99.786
776 99.79
772 99.793
768 99.796
764 99.799
760 99.802
756 99.805
752 99.808
748 99.81
744 99.813
740 99.816
736 99.818
732 99.821
728 99.823
724 99.826
720 99.828
716 99.83
712 99.832
708 99.835
704 99.837
700 99.839
696 99.841
692 99.843
688 99.845
684 99.847
680 99.849
676 99.851
672 99.853
668 99.854
664 99.856
660 99.858
656 99.86
652 99.861
648 99.863
644 99.864
640 99.866
636 99.868
632 99.869
628 99.871
624 99.872
620 99.873
616 99.875
612 99.876
608 99.878
604 99.879
600 99.88
596 99.882
592 99.883
588 99.884
584 99.885
580 99.887
576 99.888
572 99.889
568 99.89
564 99.891
560 99.892
556 99.893
552 99.894
548 99.895
544 99.897
540 99.898
536 99.899
532 99.9
528 99.901
524 99.901
520 99.902
516 99.903
512 99.904
508 99.905
504 99.906
500 99.907
