xi Q
0.01 0.0152784
0.02 0.0311276
0.03 0.0475692
0.04 0.0646259
0.05 0.0823212
0.06 0.10068
0.07 0.119728
0.08 0.139493
0.09 0.160002
0.1 0.181287
0.11 0.203377
0.12 0.226306
0.13 0.250108
0.14 0.274819
0.15 0.300477
0.16 0.327122
0.17 0.354796
0.18 0.383543
0.19 0.41341
0.2 0.444444
0.21 0.476699
0.22 0.510228
0.23 0.545088
0.24 0.58134
0.25 0.619048
0.26 0.658279
0.27 0.699105
0.28 0.741602
0.29 0.78585
0.3 0.831933
0.31 0.879942
0.32 0.929972
0.33 0.982125
0.34 1.03651
0.35 1.09324
0.36 1.15244
0.37 1.21424
0.38 1.27877
0.39 1.3462
0.4 1.41667
0.41 1.49035
0.42 1.56744
0.43 1.64812
0.44 1.7326
0.45 1.82111
0.46 1.9139
0.47 2.01122
0.48 2.11336
0.49 2.22062
0.5 2.33333
0.51 2.45186
0.52 2.57658
0.53 2.70792
0.54 2.84634
0.55 2.99234
0.56 3.14646
0.57 3.30932
0.58 3.48156
0.59 3.6639
0.6 3.85714
0.61 4.06217
0.62 4.27994
0.63 4.51154
0.64 4.75817
0.65 5.02116
0.66 5.30202
0.67 5.60242
0.68 5.92424
0.69 6.26964
0.7 6.64103
0.71 7.04117
0.72 7.47321
0.73 7.9408
0.74 8.44811
0.75 9
0.76 9.60215
0.77 10.2612
0.78 10.9851
0.79 11.7832
0.8 12.6667
0.81 13.6493
0.82 14.7476
0.83 15.9824
0.84 17.3793
0.85 18.971
0.86 20.7995
0.87 22.9197
0.88 25.4048
0.89 28.3546
0.9 31.9091
0.91 36.2701
0.92 41.7407
0.93 48.7971
0.94 58.2327
0.95 71.4762
0.96 91.3846
0.97 124.625
0.98 191.196
