d n2 n6
3.16228 0.000249938 1.5625e-11
3.27341 0.000267808 1.92229e-11
3.38844 0.000286956 2.36494e-11
3.50752 0.000307473 2.90951e-11
3.63078 0.000329456 3.57948e-11
3.75837 0.00035301 4.40372e-11
3.89045 0.000378247 5.41776e-11
4.02717 0.000405288 6.6653e-11
4.16869 0.000434262 8.20012e-11
4.31519 0.000465305 1.00883e-10
4.46684 0.000498567 1.24114e-10
4.62381 0.000534205 1.52693e-10
4.7863 0.000572389 1.87854e-10
4.9545 0.000613301 2.31111e-10
5.12861 0.000657135 2.84328e-10
5.30884 0.0007041 3.498e-10
5.49541 0.000754418 4.30348e-10
5.68853 0.00080833 5.29444e-10
5.88844 0.000866091 6.51358e-10
6.09537 0.000927976 8.01346e-10
6.30957 0.000994278 9.85871e-10
6.53131 0.00106531 1.21289e-09
6.76083 0.00114142 1.49218e-09
6.99842 0.00122295 1.83578e-09
7.24436 0.0013103 2.2585e-09
7.49894 0.00140388 2.77856e-09
7.76247 0.00150413 3.41838e-09
8.03526 0.00161153 4.20552e-09
8.31764 0.00172659 5.17392e-09
8.60994 0.00184985 6.36532e-09
8.91251 0.00198188 7.83105e-09
9.22571 0.00212333 9.6343e-09
9.54993 0.00227484 1.18528e-08
9.88553 0.00243714 1.45821e-08
10.2329 0.00261099 1.79399e-08
10.5925 0.0027972 2.20709e-08
10.9648 0.00299665 2.71531e-08
11.3501 0.00321028 3.34057e-08
11.749 0.00343909 4.10979e-08
12.1619 0.00368415 5.05615e-08
12.5893 0.0039466 6.22042e-08
13.0317 0.00422766 7.65279e-08
13.4896 0.00452865 9.41499e-08
13.9637 0.00485096 1.1583e-07
14.4544 0.0051961 1.42502e-07
14.9624 0.00556565 1.75315e-07
15.4882 0.00596133 2.15685e-07
16.0325 0.00638496 2.65351e-07
16.5959 0.00683848 3.26452e-07
17.1791 0.00732399 4.01624e-07
17.7828 0.00784368 4.94106e-07
18.4077 0.00839995 6.07883e-07
19.0546 0.0089953 7.47859e-07
19.7242 0.00963244 9.20067e-07
20.4174 0.0103142 1.13193e-06
21.1349 0.0110438 1.39258e-06
21.8776 0.0118243 1.71324e-06
22.6464 0.0126592 2.10775e-06
23.4423 0.0135523 2.5931e-06
24.2661 0.0145075 3.19021e-06
25.1189 0.015529 3.92481e-06
26.0016 0.0166211 4.82856e-06
26.9153 0.0177887 5.94042e-06
27.8612 0.0190367 7.30831e-06
28.8403 0.0203705 8.99117e-06
29.8538 0.0217956 1.10615e-05
30.903 0.0233181 1.36086e-05
31.989 0.0249442 1.67422e-05
33.1131 0.0266806 2.05973e-05
34.2768 0.0285343 2.53401e-05
35.4813 0.0305128 3.1175e-05
36.7282 0.0326239 3.83534e-05
38.0189 0.0348757 4.71845e-05
39.355 0.037277 5.8049e-05
40.738 0.0398369 7.14149e-05
42.1697 0.0425647 8.78581e-05
43.6516 0.0454705 0.000108087
45.1856 0.0485645 0.000132973
46.7735 0.0518577 0.000163587
48.4172 0.0553612 0.000201248
50.1187 0.0590867 0.000247578
51.88 0.0630461 0.00030457
53.7032 0.0672519 0.000374677
55.5904 0.0717167 0.000460914
57.544 0.0764537 0.000566988
59.5662 0.0814761 0.000697456
61.6595 0.0867975 0.000857921
63.8263 0.0924314 0.00105526
66.0693 0.0983916 0.00129794
68.3912 0.104692 0.00159634
70.7946 0.111346 0.00196321
73.2825 0.118366 0.00241418
75.8578 0.125767 0.00296844
78.5236 0.133561 0.00364949
81.2831 0.141759 0.00448608
84.1395 0.150373 0.00551339
87.0964 0.159413 0.00677435
90.1571 0.168888 0.0083213
93.3254 0.178807 0.0102179
96.6051 0.189176 0.0125412
100 0.2 0.0153846
103.514 0.211282 0.0188604
107.152 0.223022 0.023103
110.917 0.235221 0.0282725
114.815 0.247874 0.0345578
118.85 0.260975 0.0421798
123.027 0.274516 0.0513933
127.35 0.288485 0.062488
131.826 0.302869 0.0757866
136.458 0.317649 0.0916386
141.254 0.332807 0.11041
146.218 0.348318 0.132467
151.356 0.364158 0.158146
156.675 0.380297 0.187725
162.181 0.396706 0.221383
167.88 0.413351 0.25915
173.78 0.430196 0.30087
179.887 0.447204 0.346168
186.209 0.464336 0.394438
192.752 0.481553 0.44486
199.526 0.498814 0.496443
206.538 0.516078 0.548101
213.796 0.533304 0.598744
221.309 0.55045 0.647363
229.087 0.567478 0.69311
237.137 0.584347 0.735349
245.471 0.601021 0.773673
254.097 0.617464 0.807896
263.027 0.633643 0.838028
272.27 0.649526 0.864229
281.838 0.665084 0.886763
291.743 0.680291 0.905965
301.995 0.695124 0.922196
312.608 0.709563 0.935824
323.594 0.723591 0.947201
334.965 0.737191 0.956655
346.737 0.750353 0.96448
358.922 0.763068 0.970935
371.535 0.775329 0.976246
384.592 0.787133 0.980606
398.107 0.798478 0.984178
412.098 0.809364 0.987101
426.58 0.819796 0.98949
441.57 0.829776 0.991441
457.088 0.839312 0.993031
473.151 0.848411 0.994328
489.779 0.857083 0.995385
506.991 0.865338 0.996246
524.807 0.873186 0.996946
543.25 0.88064 0.997516
562.341 0.887712 0.99798
582.103 0.894416 0.998358
602.56 0.900764 0.998665
623.735 0.90677 0.998914
645.654 0.912448 0.999117
668.344 0.917811 0.999282
691.831 0.922874 0.999417
716.143 0.927649 0.999526
741.31 0.932151 0.999615
767.361 0.936391 0.999687
794.328 0.940384 0.999745
822.243 0.944141 0.999793
851.138 0.947674 0.999832
881.049 0.950995 0.999863
912.011 0.954116 0.999889
944.061 0.957047 0.99991
977.237 0.959799 0.999927
1011.58 0.962381 0.99994
1047.13 0.964804 0.999951
1083.93 0.967075 0.999961
1122.02 0.969205 0.999968
1161.45 0.971202 0.999974
1202.26 0.973072 0.999979
1244.51 0.974824 0.999983
1288.25 0.976465 0.999986
1333.52 0.978001 0.999989
1380.38 0.979439 0.999991
1428.89 0.980785 0.999992
1479.11 0.982045 0.999994
1531.09 0.983223 0.999995
1584.89 0.984325 0.999996
1640.59 0.985356 0.999997
1698.24 0.98632 0.999997
1757.92 0.987222 0.999998
1819.7 0.988064 0.999998
1883.65 0.988852 0.999999
1949.84 0.989588 0.999999
2018.37 0.990277 0.999999
2089.3 0.99092 0.999999
2162.72 0.991521 0.999999
2238.72 0.992082 0.999999
2317.39 0.992607 1
2398.83 0.993097 1
2483.13 0.993555 1
2570.4 0.993982 1
2660.73 0.994382 1
2754.23 0.994755 1
2851.02 0.995103 1
2951.21 0.995428 1
3054.92 0.995732 1
3162.28 0.996016 1
