mdG logk
0 6.62019
2 6.79363
4 6.96357
6 7.13
8 7.29293
10 7.45235
12 7.60827
14 7.76069
16 7.90961
18 8.05502
20 8.19692
22 8.33532
24 8.47022
26 8.60162
28 8.72951
30 8.85389
32 8.97478
34 9.09215
36 9.20603
38 9.3164
40 9.42327
42 9.52663
44 9.62649
46 9.72285
48 9.8157
50 9.90505
52 9.99089
54 10.0732
56 10.1521
58 10.2274
60 10.2992
62 10.3676
64 10.4324
66 10.4937
68 10.5515
70 10.6058
72 10.6566
74 10.7039
76 10.7477
78 10.788
80 10.8248
82 10.8581
84 10.8879
86 10.9142
88 10.9369
90 10.9562
92 10.972
94 10.9842
96 10.993
98 10.9982
100 11
102 10.9982
104 10.993
106 10.9842
108 10.972
110 10.9562
112 10.9369
114 10.9142
116 10.8879
118 10.8581
120 10.8248
122 10.788
124 10.7477
126 10.7039
128 10.6566
130 10.6058
132 10.5515
134 10.4937
136 10.4324
138 10.3676
140 10.2992
142 10.2274
144 10.1521
146 10.0732
148 9.99089
150 9.90505
152 9.8157
154 9.72285
156 9.62649
158 9.52663
160 9.42327
162 9.3164
164 9.20603
166 9.09215
168 8.97478
170 8.85389
172 8.72951
174 8.60162
176 8.47022
178 8.33532
180 8.19692
182 8.05502
184 7.90961
186 7.76069
188 7.60827
190 7.45235
192 7.29293
194 7.13
196 6.96357
198 6.79363
200 6.62019
202 6.44325
204 6.2628
206 6.07884
208 5.89139
210 5.70043
212 5.50597
214 5.308
216 5.10653
218 4.90155
220 4.69307
222 4.48109
224 4.2656
226 4.04661
228 3.82412
230 3.59812
232 3.36862
234 3.13561
236 2.8991
238 2.65909
240 2.41557
242 2.16855
244 1.91802
246 1.664
248 1.40646
250 1.14543
