x E
0 0
0.05 0.0289111
0.1 0.1156
0.15 0.259933
0.2 0.461687
0.25 0.720552
0.3 1.03613
0.35 1.40793
0.4 1.83538
0.45 2.31782
0.5 2.85452
0.55 3.44463
0.6 4.08726
0.65 4.7814
0.7 5.52599
0.75 6.31989
0.8 7.16186
0.85 8.05062
0.9 8.98478
0.95 9.96291
1 10.9835
1.05 12.045
1.1 13.1457
1.15 14.284
1.2 15.4581
1.25 16.6661
1.3 17.9063
1.35 19.1767
1.4 20.4754
1.45 21.8003
1.5 23.1494
1.55 24.5206
1.6 25.9119
1.65 27.321
1.7 28.7458
1.75 30.1841
1.8 31.6337
1.85 33.0923
1.9 34.5578
1.95 36.0278
2 37.5
2.05 38.9722
2.1 40.4422
2.15 41.9077
2.2 43.3663
2.25 44.8159
2.3 46.2542
2.35 47.679
2.4 49.0881
2.45 50.4794
2.5 51.8506
2.55 53.1997
2.6 54.5246
2.65 55.8233
2.7 57.0937
2.75 58.3339
2.8 59.5419
2.85 60.716
2.9 61.8543
2.95 62.955
3 64.0165
3.05 65.0371
3.1 66.0152
3.15 66.9494
3.2 67.8381
3.25 68.6801
3.3 69.474
3.35 70.2186
3.4 70.9127
3.45 71.5554
3.5 72.1455
3.55 72.6822
3.6 73.1646
3.65 73.5921
3.7 73.9639
3.75 74.2794
3.8 74.5383
3.85 74.7401
3.9 74.8844
3.95 74.9711
4 75
4.05 74.8153
4.1 74.2658
4.15 73.3651
4.2 72.1353
4.25 70.6066
4.3 68.8168
4.35 66.8099
4.4 64.6353
4.45 62.3465
4.5 60
4.55 57.6535
4.6 55.3647
4.65 53.1901
4.7 51.1832
4.75 49.3934
4.8 47.8647
4.85 46.6349
4.9 45.7342
4.95 45.1847
5 45
5.05 45.0616
5.1 45.2447
5.15 45.545
5.2 45.9549
5.25 46.4645
5.3 47.0611
5.35 47.73
5.4 48.4549
5.45 49.2178
5.5 50
5.55 50.7822
5.6 51.5451
5.65 52.27
5.7 52.9389
5.75 53.5355
5.8 54.0451
5.85 54.455
5.9 54.7553
5.95 54.9384
6 55
6.05 54.9653
6.1 54.8613
6.15 54.6881
6.2 54.446
6.25 54.1353
6.3 53.7566
6.35 53.3105
6.4 52.7975
6.45 52.2186
6.5 51.5746
6.55 50.8664
6.6 50.0953
6.65 49.2623
6.7 48.3688
6.75 47.4161
6.8 46.4058
6.85 45.3393
6.9 44.2183
6.95 43.0445
7 41.8198
7.05 40.546
7.1 39.2252
7.15 37.8592
7.2 36.4503
7.25 35.0007
7.3 33.5124
7.35 31.988
7.4 30.4296
7.45 28.8397
7.5 27.2208
7.55 25.5753
7.6 23.9058
7.65 22.2148
7.7 20.505
7.75 18.7791
7.8 17.0396
7.85 15.2892
7.9 13.5307
7.95 11.7667
8 10
8.05 8.23331
8.1 6.46934
8.15 4.71082
8.2 2.96045
8.25 1.22094
8.3 -0.505041
8.35 -2.21482
8.4 -3.90576
8.45 -5.57527
8.5 -7.22075
8.55 -8.83969
8.6 -10.4296
8.65 -11.988
8.7 -13.5124
8.75 -15.0007
8.8 -16.4503
8.85 -17.8592
8.9 -19.2252
8.95 -20.546
9 -21.8198
9.05 -23.0445
9.1 -24.2183
9.15 -25.3393
9.2 -26.4058
9.25 -27.4161
9.3 -28.3688
9.35 -29.2623
9.4 -30.0953
9.45 -30.8664
9.5 -31.5746
9.55 -32.2186
9.6 -32.7975
9.65 -33.3105
9.7 -33.7566
9.75 -34.1353
9.8 -34.446
9.85 -34.6881
9.9 -34.8613
9.95 -34.9653
10 -35
