x T
0 5.49
0.00345148 5.26405
0.00689662 5.03811
0.0103354 4.81216
0.0137679 4.58621
0.017194 4.36026
0.0206138 4.13432
0.0240272 3.90837
0.0274342 3.68242
0.030835 3.45647
0.0342293 3.23053
0.0376173 3.00458
0.0409989 2.77863
0.0443742 2.55269
0.047743 2.32674
0.0511055 2.10079
0.0544617 1.87484
0.0578114 1.6489
0.0611548 1.42295
0.0644918 1.197
0.0678223 0.971055
0.0711465 0.745108
0.0744643 0.519161
0.0777757 0.293213
0.0810807 0.0672662
0.0843793 -0.158681
0.0876715 -0.384628
0.0909573 -0.610576
0.0942367 -0.836523
0.0975097 -1.06247
0.100776 -1.28842
0.104036 -1.51436
0.10729 -1.74031
0.110537 -1.96626
0.113778 -2.19221
0.117013 -2.41815
0.120241 -2.6441
0.123462 -2.87005
0.126677 -3.096
0.129886 -3.32194
0.133088 -3.54789
