pH model Al AlOH4
2.5 -0.267707 -0.267707 -12.7302
2.55 -0.417707 -0.417707 -12.6802
2.6 -0.567707 -0.567707 -12.6302
2.65 -0.717707 -0.717707 -12.5802
2.7 -0.867707 -0.867707 -12.5302
2.75 -1.01771 -1.01771 -12.4802
2.8 -1.16771 -1.16771 -12.4302
2.85 -1.31771 -1.31771 -12.3802
2.9 -1.46771 -1.46771 -12.3302
2.95 -1.61771 -1.61771 -12.2802
3 -1.76771 -1.76771 -12.2302
3.05 -1.91771 -1.91771 -12.1802
3.1 -2.06771 -2.06771 -12.1302
3.15 -2.21771 -2.21771 -12.0802
3.2 -2.36771 -2.36771 -12.0302
3.25 -2.51771 -2.51771 -11.9802
3.3 -2.66771 -2.66771 -11.9302
3.35 -2.81771 -2.81771 -11.8802
3.4 -2.96771 -2.96771 -11.8302
3.45 -3.11771 -3.11771 -11.7802
3.5 -3.26771 -3.26771 -11.7302
3.55 -3.41771 -3.41771 -11.6802
3.6 -3.56771 -3.56771 -11.6302
3.65 -3.71771 -3.71771 -11.5802
3.7 -3.86771 -3.86771 -11.5302
3.75 -4.01771 -4.01771 -11.4802
3.8 -4.16771 -4.16771 -11.4302
3.85 -4.31771 -4.31771 -11.3802
3.9 -4.46771 -4.46771 -11.3302
3.95 -4.61771 -4.61771 -11.2802
4 -4.76771 -4.76771 -11.2302
4.05 -4.91771 -4.91771 -11.1802
4.1 -5.06771 -5.06771 -11.1302
4.15 -5.21771 -5.21771 -11.0802
4.2 -5.36771 -5.36771 -11.0302
4.25 -5.51771 -5.51771 -10.9802
4.3 -5.6677 -5.66771 -10.9302
4.35 -5.8177 -5.81771 -10.8802
4.4 -5.9677 -5.96771 -10.8302
4.45 -6.1177 -6.11771 -10.7802
4.5 -6.26769 -6.26771 -10.7302
4.55 -6.41768 -6.41771 -10.6802
4.6 -6.56767 -6.56771 -10.6302
4.65 -6.71765 -6.71771 -10.5802
4.7 -6.86761 -6.86771 -10.5302
4.75 -7.01756 -7.01771 -10.4802
4.8 -7.16747 -7.16771 -10.4302
4.85 -7.31733 -7.31771 -10.3802
4.9 -7.46711 -7.46771 -10.3302
4.95 -7.61676 -7.61771 -10.2802
5 -7.76621 -7.76771 -10.2302
5.05 -7.91534 -7.91771 -10.1802
5.1 -8.06396 -8.06771 -10.1302
5.15 -8.21179 -8.21771 -10.0802
5.2 -8.35836 -8.36771 -10.0302
5.25 -8.50299 -8.51771 -9.98018
5.3 -8.6446 -8.66771 -9.93018
5.35 -8.78164 -8.81771 -9.88018
5.4 -8.91185 -8.96771 -9.83018
5.45 -9.03223 -9.11771 -9.78018
5.5 -9.13906 -9.26771 -9.73018
5.55 -9.22838 -9.41771 -9.68018
5.6 -9.29679 -9.56771 -9.63018
5.65 -9.34249 -9.71771 -9.58018
5.7 -9.36592 -9.86771 -9.53018
5.75 -9.36957 -10.0177 -9.48018
5.8 -9.35719 -10.1677 -9.43018
5.85 -9.33272 -10.3177 -9.38018
5.9 -9.29964 -10.4677 -9.33018
5.95 -9.26066 -10.6177 -9.28018
6 -9.21776 -10.7677 -9.23018
6.05 -9.1723 -10.9177 -9.18018
6.1 -9.12519 -11.0677 -9.13018
6.15 -9.07703 -11.2177 -9.08018
6.2 -9.02819 -11.3677 -9.03018
6.25 -8.97892 -11.5177 -8.98018
6.3 -8.92938 -11.6677 -8.93018
6.35 -8.87968 -11.8177 -8.88018
6.4 -8.82986 -11.9677 -8.83018
6.45 -8.77998 -12.1177 -8.78018
6.5 -8.73005 -12.2677 -8.73018
6.55 -8.6801 -12.4177 -8.68018
6.6 -8.63013 -12.5677 -8.63018
6.65 -8.58015 -12.7177 -8.58018
6.7 -8.53016 -12.8677 -8.53018
6.75 -8.48017 -13.0177 -8.48018
6.8 -8.43017 -13.1677 -8.43018
6.85 -8.38017 -13.3177 -8.38018
6.9 -8.33017 -13.4677 -8.33018
6.95 -8.28018 -13.6177 -8.28018
7 -8.23018 -13.7677 -8.23018
7.05 -8.18018 -13.9177 -8.18018
7.1 -8.13018 -14.0677 -8.13018
7.15 -8.08018 -14.2177 -8.08018
7.2 -8.03018 -14.3677 -8.03018
7.25 -7.98018 -14.5177 -7.98018
7.3 -7.93018 -14.6677 -7.93018
7.35 -7.88018 -14.8177 -7.88018
7.4 -7.83018 -14.9677 -7.83018
7.45 -7.78018 -15.1177 -7.78018
7.5 -7.73018 -15.2677 -7.73018
7.55 -7.68018 -15.4177 -7.68018
7.6 -7.63018 -15.5677 -7.63018
7.65 -7.58018 -15.7177 -7.58018
7.7 -7.53018 -15.8677 -7.53018
7.75 -7.48018 -16.0177 -7.48018
7.8 -7.43018 -16.1677 -7.43018
7.85 -7.38018 -16.3177 -7.38018
7.9 -7.33018 -16.4677 -7.33018
7.95 -7.28018 -16.6177 -7.28018
8 -7.23018 -16.7677 -7.23018
8.05 -7.18018 -16.9177 -7.18018
8.1 -7.13018 -17.0677 -7.13018
8.15 -7.08018 -17.2177 -7.08018
8.2 -7.03018 -17.3677 -7.03018
8.25 -6.98018 -17.5177 -6.98018
8.3 -6.93018 -17.6677 -6.93018
8.35 -6.88018 -17.8177 -6.88018
8.4 -6.83018 -17.9677 -6.83018
8.45 -6.78018 -18.1177 -6.78018
8.5 -6.73018 -18.2677 -6.73018
8.55 -6.68018 -18.4177 -6.68018
8.6 -6.63018 -18.5677 -6.63018
8.65 -6.58018 -18.7177 -6.58018
8.7 -6.53018 -18.8677 -6.53018
8.75 -6.48018 -19.0177 -6.48018
8.8 -6.43018 -19.1677 -6.43018
8.85 -6.38018 -19.3177 -6.38018
8.9 -6.33018 -19.4677 -6.33018
8.95 -6.28018 -19.6177 -6.28018
9 -6.23018 -19.7677 -6.23018
9.05 -6.18018 -19.9177 -6.18018
9.1 -6.13018 -20.0677 -6.13018
9.15 -6.08018 -20.2177 -6.08018
9.2 -6.03018 -20.3677 -6.03018
9.25 -5.98018 -20.5177 -5.98018
9.3 -5.93018 -20.6677 -5.93018
9.35 -5.88018 -20.8177 -5.88018
9.4 -5.83018 -20.9677 -5.83018
9.45 -5.78018 -21.1177 -5.78018
9.5 -5.73018 -21.2677 -5.73018
9.55 -5.68018 -21.4177 -5.68018
9.6 -5.63018 -21.5677 -5.63018
9.65 -5.58018 -21.7177 -5.58018
9.7 -5.53018 -21.8677 -5.53018
9.75 -5.48018 -22.0177 -5.48018
9.8 -5.43018 -22.1677 -5.43018
9.85 -5.38018 -22.3177 -5.38018
9.9 -5.33018 -22.4677 -5.33018
9.95 -5.28018 -22.6177 -5.28018
10 -5.23018 -22.7677 -5.23018
10.05 -5.18018 -22.9177 -5.18018
10.1 -5.13018 -23.0677 -5.13018
10.15 -5.08018 -23.2177 -5.08018
10.2 -5.03018 -23.3677 -5.03018
10.25 -4.98018 -23.5177 -4.98018
10.3 -4.93018 -23.6677 -4.93018
10.35 -4.88018 -23.8177 -4.88018
10.4 -4.83018 -23.9677 -4.83018
10.45 -4.78018 -24.1177 -4.78018
10.5 -4.73018 -24.2677 -4.73018
10.55 -4.68018 -24.4177 -4.68018
10.6 -4.63018 -24.5677 -4.63018
10.65 -4.58018 -24.7177 -4.58018
10.7 -4.53018 -24.8677 -4.53018
10.75 -4.48018 -25.0177 -4.48018
10.8 -4.43018 -25.1677 -4.43018
10.85 -4.38018 -25.3177 -4.38018
10.9 -4.33018 -25.4677 -4.33018
10.95 -4.28018 -25.6177 -4.28018
11 -4.23018 -25.7677 -4.23018
11.05 -4.18018 -25.9177 -4.18018
11.1 -4.13018 -26.0677 -4.13018
11.15 -4.08018 -26.2177 -4.08018
11.2 -4.03018 -26.3677 -4.03018
11.25 -3.98018 -26.5177 -3.98018
11.3 -3.93018 -26.6677 -3.93018
11.35 -3.88018 -26.8177 -3.88018
11.4 -3.83018 -26.9677 -3.83018
11.45 -3.78018 -27.1177 -3.78018
11.5 -3.73018 -27.2677 -3.73018
11.55 -3.68018 -27.4177 -3.68018
11.6 -3.63018 -27.5677 -3.63018
11.65 -3.58018 -27.7177 -3.58018
11.7 -3.53018 -27.8677 -3.53018
11.75 -3.48018 -28.0177 -3.48018
11.8 -3.43018 -28.1677 -3.43018
11.85 -3.38018 -28.3177 -3.38018
11.9 -3.33018 -28.4677 -3.33018
11.95 -3.28018 -28.6177 -3.28018
12 -3.23018 -28.7677 -3.23018
12.05 -3.18018 -28.9177 -3.18018
12.1 -3.13018 -29.0677 -3.13018
12.15 -3.08018 -29.2177 -3.08018
12.2 -3.03018 -29.3677 -3.03018
12.25 -2.98018 -29.5177 -2.98018
12.3 -2.93018 -29.6677 -2.93018
12.35 -2.88018 -29.8177 -2.88018
12.4 -2.83018 -29.9677 -2.83018
12.45 -2.78018 -30.1177 -2.78018
12.5 -2.73018 -30.2677 -2.73018
12.55 -2.68018 -30.4177 -2.68018
12.6 -2.63018 -30.5677 -2.63018
12.65 -2.58018 -30.7177 -2.58018
12.7 -2.53018 -30.8677 -2.53018
12.75 -2.48018 -31.0177 -2.48018
12.8 -2.43018 -31.1677 -2.43018
12.85 -2.38018 -31.3177 -2.38018
12.9 -2.33018 -31.4677 -2.33018
12.95 -2.28018 -31.6177 -2.28018
13 -2.23018 -31.7677 -2.23018
13.05 -2.18018 -31.9177 -2.18018
13.1 -2.13018 -32.0677 -2.13018
13.15 -2.08018 -32.2177 -2.08018
13.2 -2.03018 -32.3677 -2.03018
13.25 -1.98018 -32.5177 -1.98018
13.3 -1.93018 -32.6677 -1.93018
13.35 -1.88018 -32.8177 -1.88018
13.4 -1.83018 -32.9677 -1.83018
13.45 -1.78018 -33.1177 -1.78018
13.5 -1.73018 -33.2677 -1.73018
13.55 -1.68018 -33.4177 -1.68018
13.6 -1.63018 -33.5677 -1.63018
13.65 -1.58018 -33.7177 -1.58018
13.7 -1.53018 -33.8677 -1.53018
13.75 -1.48018 -34.0177 -1.48018
13.8 -1.43018 -34.1677 -1.43018
13.85 -1.38018 -34.3177 -1.38018
13.9 -1.33018 -34.4677 -1.33018
13.95 -1.28018 -34.6177 -1.28018
14 -1.23018 -34.7677 -1.23018
