invT lgSi lgGe
1.2 17.1875 18.2205
1.25 17.0015 18.0918
1.3 16.817 17.9644
1.35 16.6339 17.838
1.4 16.452 17.7127
1.45 16.2713 17.5884
1.5 16.0917 17.465
1.55 15.9131 17.3424
1.6 15.7356 17.2207
1.65 15.5589 17.0997
1.7 15.3832 16.9795
1.75 15.2083 16.8599
1.8 15.0342 16.741
1.85 14.8608 16.6227
1.9 14.6881 16.505
1.95 14.5161 16.3878
2 14.3448 16.2712
2.05 14.174 16.1551
2.1 14.0039 16.0395
2.15 13.8343 15.9244
2.2 13.6652 15.8097
2.25 13.4966 15.6954
2.3 13.3286 15.5816
2.35 13.161 15.4682
2.4 12.9938 15.3551
2.45 12.8271 15.2424
2.5 12.6608 15.1301
2.55 12.4949 15.0181
2.6 12.3294 14.9064
2.65 12.1643 14.7951
2.7 11.9995 14.6841
2.75 11.8351 14.5734
2.8 11.671 14.4629
2.85 11.5072 14.3528
2.9 11.3437 14.2429
2.95 11.1805 14.1333
3 11.0176 14.0239
3.05 10.855 13.9148
3.1 10.6926 13.8059
3.15 10.5306 13.6973
3.2 10.3687 13.5889
3.25 10.2071 13.4807
3.3 10.0458 13.3727
3.35 9.88469 13.265
3.4 9.72379 13.1574
3.45 9.56312 13.0501
3.5 9.40265 12.9429
3.55 9.24239 12.8359
3.6 9.08233 12.7291
3.65 8.92246 12.6225
3.7 8.76278 12.5161
3.75 8.60328 12.4098
3.8 8.44396 12.3037
3.85 8.28482 12.1977
3.9 8.12584 12.0919
3.95 7.96703 11.9863
4 7.80838 11.8808
4.05 7.64988 11.7755
4.1 7.49153 11.6703
4.15 7.33334 11.5653
4.2 7.17529 11.4603
