t ptol pwat psum
70 0.271648 0.311695 0.583343
71 0.281839 0.325428 0.607266
72 0.292338 0.339668 0.632005
73 0.303152 0.354429 0.657581
74 0.314288 0.369729 0.684017
75 0.325754 0.38558 0.711334
76 0.337556 0.402001 0.739556
77 0.349701 0.419005 0.768707
78 0.362198 0.436611 0.798809
79 0.375053 0.454834 0.829887
80 0.388273 0.473692 0.861965
81 0.401867 0.493202 0.895069
82 0.415842 0.513381 0.929223
83 0.430206 0.534248 0.964453
84 0.444966 0.555821 1.00079
85 0.46013 0.578118 1.03825
86 0.475707 0.60116 1.07687
87 0.491704 0.624964 1.11667
88 0.50813 0.649551 1.15768
89 0.524993 0.674941 1.19993
90 0.5423 0.701153 1.24345
91 0.560062 0.72821 1.28827
92 0.578285 0.756131 1.33442
93 0.596979 0.784939 1.38192
94 0.616152 0.814654 1.43081
95 0.635813 0.8453 1.48111
96 0.655971 0.876899 1.53287
97 0.676634 0.909473 1.58611
98 0.697812 0.943045 1.64086
99 0.719513 0.97764 1.69715
100 0.741747 1.01328 1.75503
