S v
0 0
0.05 0.0294639
0.1 0.0556589
0.15 0.0791004
0.2 0.100201
0.25 0.119294
0.3 0.136654
0.35 0.152506
0.4 0.167039
0.45 0.18041
0.5 0.192754
0.55 0.204184
0.6 0.214799
0.65 0.224682
0.7 0.233907
0.75 0.242537
0.8 0.250629
0.85 0.25823
0.9 0.265385
0.95 0.272131
1 0.278502
1.05 0.28453
1.1 0.29024
1.15 0.295658
1.2 0.300805
1.25 0.305701
1.3 0.310364
1.35 0.314811
1.4 0.319055
1.45 0.323111
1.5 0.32699
1.55 0.330705
1.6 0.334265
1.65 0.33768
1.7 0.340958
1.75 0.344108
1.8 0.347136
1.85 0.350051
1.9 0.352857
1.95 0.355562
2 0.35817
2.05 0.360686
2.1 0.363116
2.15 0.365464
2.2 0.367733
2.25 0.369928
2.3 0.372052
2.35 0.374108
2.4 0.376101
2.45 0.378032
2.5 0.379905
2.55 0.381721
2.6 0.383485
2.65 0.385197
2.7 0.386861
2.75 0.388477
2.8 0.390049
2.85 0.391577
2.9 0.393065
2.95 0.394512
3 0.395922
3.05 0.397295
3.1 0.398633
3.15 0.399937
3.2 0.401208
3.25 0.402448
3.3 0.403658
3.35 0.404838
3.4 0.405991
3.45 0.407116
3.5 0.408215
3.55 0.409289
3.6 0.410339
3.65 0.411365
3.7 0.412368
3.75 0.413349
3.8 0.414309
3.85 0.415248
3.9 0.416167
3.95 0.417067
4 0.417948
4.05 0.418811
4.1 0.419657
4.15 0.420485
4.2 0.421297
4.25 0.422092
4.3 0.422872
4.35 0.423637
4.4 0.424388
4.45 0.425123
4.5 0.425845
4.55 0.426554
4.6 0.427249
4.65 0.427932
4.7 0.428602
4.75 0.429261
4.8 0.429907
4.85 0.430542
4.9 0.431166
4.95 0.431779
5 0.432381
5.05 0.432973
5.1 0.433556
5.15 0.434128
5.2 0.434691
5.25 0.435244
5.3 0.435789
5.35 0.436324
5.4 0.436851
5.45 0.43737
5.5 0.43788
5.55 0.438382
5.6 0.438877
5.65 0.439363
5.7 0.439843
5.75 0.440314
5.8 0.440779
5.85 0.441237
5.9 0.441688
5.95 0.442132
6 0.44257
6.05 0.443001
6.1 0.443427
6.15 0.443846
6.2 0.444259
6.25 0.444666
6.3 0.445067
6.35 0.445463
6.4 0.445853
6.45 0.446238
6.5 0.446618
6.55 0.446992
6.6 0.447362
6.65 0.447726
6.7 0.448086
6.75 0.448441
6.8 0.448791
6.85 0.449137
6.9 0.449478
6.95 0.449814
7 0.450147
