x y u v
0.866025 0.5 -0.866025 0.5
0.866025 0.5 -3.33067e-16 -1
0.866025 0.5 0.866025 0.5
6.12323e-17 1 -0.866025 -0.5
6.12323e-17 1 -1.72255e-16 1
-0.866025 0.5 1.11022e-16 -1
-0.866025 -0.5 0.866025 -0.5
-1.83697e-16 -1 0.866025 0.5
0.866025 -0.5 0.866025 -0.5
2.59808 0.5 -0.866025 0.5
2.59808 0.5 -4.44089e-16 -1
2.59808 0.5 0.866025 0.5
1.73205 1 0 1
1.73205 -1 0.866025 0.5
2.59808 -0.5 0.866025 -0.5
4.33013 0.5 -0.866025 0.5
4.33013 0.5 0 -1
4.33013 0.5 0.866025 0.5
3.4641 1 4.44089e-16 1
3.4641 -1 0.866025 0.5
4.33013 -0.5 0.866025 -0.5
6.06218 0.5 -0.866025 0.5
6.06218 0.5 0 -1
6.06218 0.5 0.866025 0.5
5.19615 1 -8.88178e-16 1
5.19615 -1 0.866025 0.5
6.06218 -0.5 0.866025 -0.5
7.79423 0.5 -0.866025 0.5
7.79423 0.5 0 -1
7.79423 0.5 0.866025 0.5
6.9282 1 0 1
6.9282 -1 0.866025 0.5
7.79423 -0.5 0.866025 -0.5
9.52628 0.5 -0.866025 0.5
9.52628 0.5 -1.77636e-15 -1
9.52628 0.5 0.866025 0.5
8.66025 1 0 1
8.66025 -1 0.866025 0.5
9.52628 -0.5 0.866025 -0.5
11.2583 0.5 -0.866025 0.5
11.2583 0.5 -1.77636e-15 -1
11.2583 0.5 0.866025 0.5
10.3923 1 0 1
10.3923 -1 0.866025 0.5
1.73205 2 -0.866025 0.5
1.73205 2 0.866025 0.5
0.866025 2.5 -0.866025 -0.5
0.866025 2.5 0 1
-1.11022e-16 2 -0.866025 0.5
3.4641 2 -0.866025 0.5
3.4641 2 0.866025 0.5
2.59808 2.5 0 1
5.19615 2 -0.866025 0.5
5.19615 2 0.866025 0.5
4.33013 2.5 0 1
6.9282 2 -0.866025 0.5
6.9282 2 0.866025 0.5
6.06218 2.5 0 1
8.66025 2 -0.866025 0.5
8.66025 2 0.866025 0.5
7.79423 2.5 0 1
10.3923 2 -0.866025 0.5
10.3923 2 0.866025 0.5
9.52628 2.5 0 1
12.1244 2 -0.866025 0.5
12.1244 2 -1.77636e-15 -1
11.2583 2.5 1.77636e-15 1
0.866025 3.5 -0.866025 0.5
0.866025 3.5 0.866025 0.5
6.12323e-17 4 -0.866025 -0.5
6.12323e-17 4 -1.72255e-16 1
-0.866025 3.5 1.11022e-16 -1
2.59808 3.5 -0.866025 0.5
2.59808 3.5 0.866025 0.5
1.73205 4 0 1
4.33013 3.5 -0.866025 0.5
4.33013 3.5 0.866025 0.5
3.4641 4 4.44089e-16 1
6.06218 3.5 -0.866025 0.5
6.06218 3.5 0.866025 0.5
5.19615 4 -8.88178e-16 1
7.79423 3.5 -0.866025 0.5
7.79423 3.5 0.866025 0.5
6.9282 4 0 1
9.52628 3.5 -0.866025 0.5
9.52628 3.5 0.866025 0.5
8.66025 4 0 1
11.2583 3.5 -0.866025 0.5
11.2583 3.5 0.866025 0.5
10.3923 4 0 1
1.73205 5 -0.866025 0.5
1.73205 5 0.866025 0.5
0.866025 5.5 -0.866025 -0.5
0.866025 5.5 0 1
-1.11022e-16 5 -0.866025 0.5
3.4641 5 -0.866025 0.5
3.4641 5 0.866025 0.5
2.59808 5.5 0 1
5.19615 5 -0.866025 0.5
5.19615 5 0.866025 0.5
4.33013 5.5 0 1
6.9282 5 -0.866025 0.5
6.9282 5 0.866025 0.5
6.06218 5.5 0 1
8.66025 5 -0.866025 0.5
8.66025 5 0.866025 0.5
7.79423 5.5 0 1
10.3923 5 -0.866025 0.5
10.3923 5 0.866025 0.5
9.52628 5.5 0 1
12.1244 5 -0.866025 0.5
12.1244 5 -1.77636e-15 -1
11.2583 5.5 1.77636e-15 1
0.866025 6.5 -0.866025 0.5
0.866025 6.5 0.866025 0.5
6.12323e-17 7 -0.866025 -0.5
6.12323e-17 7 -1.72255e-16 1
-0.866025 6.5 1.11022e-16 -1
2.59808 6.5 -0.866025 0.5
2.59808 6.5 0.866025 0.5
1.73205 7 0 1
4.33013 6.5 -0.866025 0.5
4.33013 6.5 0.866025 0.5
3.4641 7 4.44089e-16 1
6.06218 6.5 -0.866025 0.5
6.06218 6.5 0.866025 0.5
5.19615 7 -8.88178e-16 1
7.79423 6.5 -0.866025 0.5
7.79423 6.5 0.866025 0.5
6.9282 7 0 1
9.52628 6.5 -0.866025 0.5
9.52628 6.5 0.866025 0.5
8.66025 7 0 1
11.2583 6.5 -0.866025 0.5
11.2583 6.5 0.866025 0.5
10.3923 7 0 1
1.73205 8 -0.866025 0.5
1.73205 8 0.866025 0.5
0.866025 8.5 -0.866025 -0.5
3.4641 8 -0.866025 0.5
3.4641 8 0.866025 0.5
5.19615 8 -0.866025 0.5
5.19615 8 0.866025 0.5
6.9282 8 -0.866025 0.5
6.9282 8 0.866025 0.5
8.66025 8 -0.866025 0.5
8.66025 8 0.866025 0.5
10.3923 8 -0.866025 0.5
10.3923 8 0.866025 0.5
12.1244 8 -0.866025 0.5
12.1244 8 -1.77636e-15 -1
