V pH dpH
0 2.88286 1.69031
0.05 2.96687 1.65983
0.1 3.04806 1.58048
0.15 3.12445 1.47168
0.2 3.19507 1.3525
0.25 3.25975 1.23595
0.3 3.31881 1.12867
0.35 3.3728 1.03303
0.4 3.4223 0.949081
0.45 3.46788 0.875838
0.5 3.51004 0.811989
0.55 3.54921 0.756209
0.6 3.58577 0.707295
0.65 3.62003 0.664207
0.7 3.65227 0.626064
0.75 3.68271 0.592133
0.8 3.71154 0.561804
0.85 3.73893 0.534568
0.9 3.76504 0.510003
0.95 3.78997 0.487755
1 3.81385 0.467527
1.05 3.83675 0.44907
1.1 3.85878 0.432171
1.15 3.87999 0.416649
1.2 3.90046 0.402351
1.25 3.92024 0.389143
1.3 3.93939 0.376911
1.35 3.95795 0.365555
1.4 3.97596 0.35499
1.45 3.99346 0.345138
1.5 4.01048 0.335935
1.55 4.02706 0.32732
1.6 4.04322 0.319244
1.65 4.059 0.311659
1.7 4.0744 0.304524
1.75 4.08945 0.297805
1.8 4.10418 0.291467
1.85 4.11861 0.285481
1.9 4.13274 0.279822
1.95 4.14659 0.274465
2 4.16019 0.269389
2.05 4.17354 0.264575
2.1 4.18665 0.260004
2.15 4.19954 0.255661
2.2 4.21222 0.251531
2.25 4.2247 0.247601
2.3 4.23698 0.243858
2.35 4.24909 0.240291
2.4 4.26101 0.23689
2.45 4.27278 0.233645
2.5 4.28438 0.230548
2.55 4.29583 0.22759
2.6 4.30714 0.224763
2.65 4.31831 0.222062
2.7 4.32935 0.219479
2.75 4.34026 0.217009
2.8 4.35105 0.214646
2.85 4.36173 0.212385
2.9 4.37229 0.210222
2.95 4.38275 0.208151
3 4.39311 0.206169
3.05 4.40337 0.204271
3.1 4.41354 0.202455
3.15 4.42362 0.200717
3.2 4.43361 0.199053
3.25 4.44352 0.197461
3.3 4.45336 0.195938
3.35 4.46312 0.194482
3.4 4.47281 0.193089
3.45 4.48243 0.191758
3.5 4.49198 0.190487
3.55 4.50148 0.189274
3.6 4.51091 0.188116
3.65 4.52029 0.187013
3.7 4.52961 0.185961
3.75 4.53889 0.184961
3.8 4.54811 0.18401
3.85 4.55729 0.183107
3.9 4.56642 0.182251
3.95 4.57552 0.18144
4 4.58457 0.180674
4.05 4.59358 0.179952
4.1 4.60256 0.179272
4.15 4.61151 0.178634
4.2 4.62043 0.178036
4.25 4.62932 0.177479
4.3 4.63818 0.176961
4.35 4.64701 0.176482
4.4 4.65583 0.176041
4.45 4.66462 0.175637
4.5 4.67339 0.17527
4.55 4.68214 0.17494
4.6 4.69088 0.174647
4.65 4.69961 0.174389
4.7 4.70832 0.174167
4.75 4.71703 0.17398
4.8 4.72572 0.173828
4.85 4.73441 0.173711
4.9 4.74309 0.173628
4.95 4.75177 0.173581
5 4.76045 0.173567
5.05 4.76913 0.173589
5.1 4.77781 0.173645
5.15 4.7865 0.173736
5.2 4.79519 0.173861
5.25 4.80388 0.174022
5.3 4.81259 0.174218
5.35 4.82131 0.174449
5.4 4.83003 0.174715
5.45 4.83878 0.175018
5.5 4.84754 0.175357
5.55 4.85631 0.175733
5.6 4.86511 0.176146
5.65 4.87393 0.176597
5.7 4.88277 0.177086
5.75 4.89164 0.177615
5.8 4.90053 0.178182
5.85 4.90946 0.178791
5.9 4.91841 0.17944
5.95 4.9274 0.180131
6 4.93643 0.180866
6.05 4.94549 0.181644
6.1 4.95459 0.182467
6.15 4.96374 0.183336
6.2 4.97293 0.184253
6.25 4.98216 0.185218
6.3 4.99145 0.186234
6.35 5.00079 0.1873
6.4 5.01018 0.18842
6.45 5.01963 0.189595
6.5 5.02914 0.190826
6.55 5.03871 0.192116
6.6 5.04835 0.193467
6.65 5.05806 0.19488
6.7 5.06784 0.196358
6.75 5.0777 0.197904
6.8 5.08763 0.19952
6.85 5.09765 0.201209
6.9 5.10776 0.202975
6.95 5.11795 0.20482
7 5.12824 0.206748
7.05 5.13863 0.208763
7.1 5.14912 0.210868
7.15 5.15971 0.213069
7.2 5.17042 0.21537
7.25 5.18125 0.217775
7.3 5.1922 0.22029
7.35 5.20328 0.222921
7.4 5.2145 0.225675
7.45 5.22585 0.228557
7.5 5.23736 0.231575
7.55 5.24901 0.234738
7.6 5.26083 0.238054
7.65 5.27282 0.241531
7.7 5.28499 0.245181
7.75 5.29734 0.249014
7.8 5.30989 0.253042
7.85 5.32265 0.25728
7.9 5.33562 0.26174
7.95 5.34883 0.266439
8 5.36227 0.271395
8.05 5.37597 0.276626
8.1 5.38994 0.282155
8.15 5.40419 0.288004
8.2 5.41875 0.294201
8.25 5.43362 0.300775
8.3 5.44883 0.307757
8.35 5.4644 0.315186
8.4 5.48036 0.323103
8.45 5.49672 0.331554
8.5 5.51352 0.340592
8.55 5.53079 0.350278
8.6 5.54856 0.360681
8.65 5.56687 0.371879
8.7 5.58576 0.383965
8.75 5.60528 0.397044
8.8 5.62548 0.41124
8.85 5.64643 0.426698
8.9 5.66818 0.44359
8.95 5.69081 0.46212
9 5.71442 0.482533
9.05 5.7391 0.505127
9.1 5.76497 0.530263
9.15 5.79217 0.558392
9.2 5.82087 0.590072
9.25 5.85125 0.626014
9.3 5.88355 0.667131
9.35 5.91806 0.714616
9.4 5.95514 0.770061
9.45 5.99523 0.835638
9.5 6.03891 0.914386
9.55 6.08695 1.0107
9.6 6.14037 1.13116
9.65 6.20061 1.28614
9.7 6.2698 1.4929
9.75 6.35121 1.78256
9.8 6.45034 2.21745
9.85 6.57748 2.94336
9.9 6.75574 4.40033
9.95 7.0588 8.83944
10 8.72716 97.211
10.05 10.3923 8.77413
10.1 10.6921 4.33487
10.15 10.8671 2.87774
10.2 10.9909 2.15166
10.25 11.0868 1.71659
10.3 11.1649 1.42675
10.35 11.2308 1.21981
10.4 11.2877 1.06466
10.45 11.3378 0.94401
10.5 11.3825 0.847512
10.55 11.4228 0.768574
10.6 11.4595 0.702804
10.65 11.4932 0.647163
10.7 11.5244 0.599479
10.75 11.5533 0.558161
10.8 11.5803 0.522015
10.85 11.6056 0.490127
10.9 11.6293 0.461788
10.95 11.6518 0.436438
11 11.673 0.413627
11.05 11.6932 0.392994
11.1 11.7124 0.374241
11.15 11.7306 0.357122
11.2 11.7481 0.341434
11.25 11.7648 0.327005
11.3 11.7808 0.313689
11.35 11.7962 0.301363
11.4 11.811 0.289921
11.45 11.8252 0.279271
11.5 11.8389 0.269334
11.55 11.8521 0.260041
11.6 11.8649 0.251331
11.65 11.8773 0.243152
11.7 11.8892 0.235457
11.75 11.9008 0.228203
11.8 11.9121 0.221355
11.85 11.923 0.21488
11.9 11.9336 0.208747
11.95 11.9438 0.202931
12 11.9539 0.197408
12.05 11.9636 0.192157
12.1 11.9731 0.187157
12.15 11.9823 0.182392
12.2 11.9913 0.177845
12.25 12.0001 0.173502
12.3 12.0087 0.16935
12.35 12.017 0.165376
12.4 12.0252 0.161569
12.45 12.0332 0.157919
12.5 12.041 0.154417
12.55 12.0486 0.151053
12.6 12.0561 0.147821
12.65 12.0634 0.144711
12.7 12.0706 0.141719
12.75 12.0776 0.138836
12.8 12.0845 0.136058
12.85 12.0912 0.133378
12.9 12.0978 0.130792
12.95 12.1043 0.128295
13 12.1106 0.125883
13.05 12.1169 0.123551
13.1 12.123 0.121295
13.15 12.129 0.119112
13.2 12.1349 0.116998
13.25 12.1407 0.11495
13.3 12.1464 0.112966
13.35 12.152 0.111041
13.4 12.1575 0.109174
13.45 12.1629 0.107363
13.5 12.1682 0.105604
13.55 12.1735 0.103895
13.6 12.1786 0.102235
13.65 12.1837 0.100622
13.7 12.1887 0.0990525
13.75 12.1936 0.097526
13.8 12.1985 0.0960406
13.85 12.2032 0.0945946
13.9 12.2079 0.0931865
13.95 12.2125 0.0918148
14 12.2171 0.0904782
14.05 12.2216 0.0891754
14.1 12.226 0.0879052
14.15 12.2304 0.0866663
14.2 12.2347 0.0854576
14.25 12.2389 0.0842781
14.3 12.2431 0.0831267
14.35 12.2472 0.0820025
14.4 12.2513 0.0809045
14.45 12.2553 0.0798319
14.5 12.2593 0.0787837
14.55 12.2632 0.0777593
14.6 12.2671 0.0767577
14.65 12.2709 0.0757784
14.7 12.2746 0.0748204
14.75 12.2784 0.0738833
14.8 12.282 0.0729663
14.85 12.2857 0.0720687
14.9 12.2892 0.0711901
14.95 12.2928 0.0703298
15 12.2963 0.0694872
15.05 12.2997 0.0686619
15.1 12.3031 0.0678533
15.15 12.3065 0.067061
15.2 12.3098 0.0662844
15.25 12.3131 0.0655231
15.3 12.3164 0.0647767
15.35 12.3196 0.0640447
15.4 12.3228 0.0633268
15.45 12.326 0.0626225
15.5 12.3291 0.0619316
15.55 12.3321 0.0612535
15.6 12.3352 0.060588
15.65 12.3382 0.0599348
15.7 12.3412 0.0592935
15.75 12.3441 0.0586637
15.8 12.3471 0.0580453
15.85 12.3499 0.0574379
15.9 12.3528 0.0568412
15.95 12.3556 0.0562549
16 12.3584 0.0556788
16.05 12.3612 0.0551127
16.1 12.3639 0.0545562
16.15 12.3666 0.0540092
16.2 12.3693 0.0534714
16.25 12.372 0.0529426
16.3 12.3746 0.0524226
16.35 12.3772 0.0519111
16.4 12.3798 0.051408
16.45 12.3824 0.0509131
16.5 12.3849 0.0504261
16.55 12.3874 0.0499469
16.6 12.3899 0.0494754
16.65 12.3924 0.0490113
16.7 12.3948 0.0485544
16.75 12.3972 0.0481047
16.8 12.3996 0.0476619
16.85 12.402 0.0472259
16.9 12.4043 0.0467965
16.95 12.4067 0.0463736
17 12.409 0.0459571
17.05 12.4113 0.0455468
17.1 12.4135 0.0451426
17.15 12.4158 0.0447444
17.2 12.418 0.044352
17.25 12.4202 0.0439653
17.3 12.4224 0.0435842
17.35 12.4246 0.0432086
17.4 12.4267 0.0428383
17.45 12.4289 0.0424733
17.5 12.431 0.0421134
17.55 12.4331 0.0417586
17.6 12.4352 0.0414087
17.65 12.4372 0.0410637
17.7 12.4393 0.0407234
17.75 12.4413 0.0403878
17.8 12.4433 0.0400567
17.85 12.4453 0.0397301
17.9 12.4473 0.0394079
17.95 12.4492 0.03909
18 12.4512 0.0387763
18.05 12.4531 0.0384668
18.1 12.455 0.0381613
18.15 12.4569 0.0378598
18.2 12.4588 0.0375623
18.25 12.4607 0.0372685
18.3 12.4625 0.0369786
18.35 12.4644 0.0366923
18.4 12.4662 0.0364097
18.45 12.468 0.0361306
18.5 12.4698 0.0358551
18.55 12.4716 0.035583
18.6 12.4734 0.0353143
18.65 12.4751 0.0350489
18.7 12.4769 0.0347867
18.75 12.4786 0.0345278
18.8 12.4803 0.034272
18.85 12.482 0.0340193
18.9 12.4837 0.0337697
18.95 12.4854 0.033523
19 12.4871 0.0332793
19.05 12.4887 0.0330385
19.1 12.4904 0.0328005
19.15 12.492 0.0325653
19.2 12.4937 0.0323328
19.25 12.4953 0.0321031
19.3 12.4969 0.031876
19.35 12.4985 0.0316515
19.4 12.5 0.0314296
19.45 12.5016 0.0312103
19.5 12.5031 0.0309934
19.55 12.5047 0.0307789
19.6 12.5062 0.0305669
19.65 12.5077 0.0303573
19.7 12.5093 0.0301499
19.75 12.5108 0.0299449
19.8 12.5123 0.0297421
19.85 12.5137 0.0295416
19.9 12.5152 0.0293432
19.95 12.5167 0.029147
20 12.5181 0.028953
