pL M ML ML2 ML3 ML4
0 4.30926e-13 5.39702e-09 1.38484e-05 0.00919916 0.990787
0.05 6.82204e-13 7.61492e-09 1.74144e-05 0.01031 0.989673
0.1 1.07986e-12 1.07428e-08 2.18958e-05 0.0115534 0.988425
0.15 1.70904e-12 1.51531e-08 2.75263e-05 0.0129449 0.987028
0.2 2.70435e-12 2.13705e-08 3.45986e-05 0.0145014 0.985464
0.25 4.2785e-12 3.0133e-08 4.34798e-05 0.0162419 0.983715
0.3 6.76748e-12 4.24794e-08 5.46289e-05 0.0181875 0.981758
0.35 1.07018e-11 5.987e-08 6.86204e-05 0.0203612 0.97957
0.4 1.69189e-11 8.43575e-08 8.61724e-05 0.0227886 0.977125
0.45 2.67398e-11 1.18825e-07 0.000108181 0.0254978 0.974394
0.5 4.2247e-11 1.6732e-07 0.000135766 0.0285195 0.971345
0.55 6.67225e-11 2.35517e-07 0.000170321 0.0318873 0.967942
0.6 1.05334e-10 3.31373e-07 0.000213581 0.0356379 0.964148
0.65 1.6621e-10 4.66025e-07 0.000267703 0.039811 0.959921
0.7 2.62134e-10 6.5505e-07 0.000335366 0.0444497 0.955214
0.75 4.13178e-10 9.20211e-07 0.000419887 0.0496 0.949979
0.8 6.50833e-10 1.29187e-06 0.000525369 0.0553114 0.944162
0.85 1.02445e-09 1.81234e-06 0.000656878 0.061636 0.937705
0.9 1.61125e-09 2.54046e-06 0.000820648 0.0686288 0.930548
0.95 2.53191e-09 3.55794e-06 0.00102434 0.0763472 0.922625
1 3.97472e-09 4.97802e-06 0.00127732 0.0848499 0.913868
1.05 6.2329e-09 6.9573e-06 0.00159105 0.0941966 0.904205
1.1 9.76222e-09 9.71179e-06 0.00197945 0.104446 0.893564
1.15 1.52696e-08 1.35387e-05 0.00245936 0.115657 0.88187
1.2 2.38488e-08 1.88459e-05 0.00305114 0.127883 0.869047
1.25 3.71878e-08 2.6191e-05 0.00377917 0.141171 0.855023
1.3 5.78844e-08 3.63339e-05 0.00467258 0.155563 0.839728
1.35 8.99235e-08 5.03065e-05 0.00576592 0.171088 0.823096
1.4 1.39398e-07 6.95037e-05 0.0070999 0.18776 0.805071
1.45 2.15589e-07 9.58028e-05 0.00872213 0.205576 0.785606
1.5 3.3258e-07 0.000131718 0.0106879 0.224513 0.764668
1.55 5.11643e-07 0.0001806 0.0130606 0.244519 0.74224
1.6 7.84772e-07 0.000246885 0.0159125 0.265515 0.718325
1.65 1.19984e-06 0.000336415 0.019325 0.287388 0.692949
1.7 1.82811e-06 0.000456829 0.0233883 0.30999 0.666163
1.75 2.77507e-06 0.000618051 0.0282013 0.333134 0.638044
1.8 4.19591e-06 0.00083287 0.0338705 0.356592 0.6087
1.85 6.3176e-06 0.00111764 0.0405086 0.380099 0.578268
1.9 9.46979e-06 0.00149311 0.048232 0.403353 0.546912
1.95 1.41281e-05 0.00198533 0.0571581 0.426018 0.514825
2 2.09735e-05 0.00262676 0.0674009 0.447729 0.482222
2.05 3.09741e-05 0.00345739 0.0790666 0.468105 0.44934
2.1 4.54949e-05 0.00452599 0.0922482 0.486752 0.416428
2.15 6.64453e-05 0.00589135 0.107019 0.50328 0.383744
2.2 9.64729e-05 0.00762353 0.123424 0.517309 0.351546
2.25 0.000139217 0.00980489 0.141477 0.528491 0.320088
2.3 0.000199634 0.012531 0.16115 0.536511 0.289608
2.35 0.000284409 0.0159109 0.182364 0.541113 0.260328
2.4 0.000402471 0.0200672 0.204989 0.542101 0.232441
2.45 0.000565623 0.0251349 0.228835 0.539352 0.206113
2.5 0.000789296 0.0312601 0.25365 0.532825 0.181475
2.55 0.00109344 0.0385963 0.27912 0.522565 0.158625
2.6 0.00150355 0.0473009 0.304869 0.508702 0.137624
2.65 0.0020518 0.0575289 0.330469 0.491452 0.118499
2.7 0.00277829 0.0694269 0.355445 0.47111 0.10124
2.75 0.00373228 0.0831237 0.379288 0.448043 0.0858127
2.8 0.00497352 0.0987222 0.401476 0.422678 0.0721508
2.85 0.00657334 0.116289 0.421484 0.395486 0.0601677
2.9 0.0086156 0.135843 0.438814 0.36697 0.0497579
2.95 0.0111973 0.157348 0.453009 0.337642 0.0408027
3 0.0144285 0.180706 0.463679 0.308012 0.0331741
3.05 0.0184323 0.205746 0.470517 0.278564 0.0267398
3.1 0.023343 0.232225 0.473318 0.249748 0.0213666
3.15 0.0293043 0.259826 0.471984 0.221961 0.0169242
3.2 0.0364663 0.288166 0.466538 0.195541 0.0132883
3.25 0.0449815 0.3168 0.457119 0.170757 0.0103422
3.3 0.0550001 0.345234 0.443975 0.147812 0.00797885
3.35 0.0666644 0.372945 0.427454 0.126835 0.00610198
3.4 0.0801031 0.399392 0.407985 0.107893 0.00462622
3.45 0.0954247 0.424045 0.386061 0.0909925 0.00347727
3.5 0.112712 0.446396 0.362213 0.0760877 0.00259147
3.55 0.132015 0.465987 0.336991 0.0630912 0.00191514
3.6 0.153349 0.482426 0.310939 0.051883 0.00140364
3.65 0.176686 0.495397 0.284576 0.0423202 0.00102042
3.7 0.201959 0.504678 0.25838 0.0342459 0.000735938
3.75 0.229056 0.510144 0.232776 0.0274971 0.000526647
3.8 0.257824 0.511769 0.208122 0.0219113 0.000374025
3.85 0.28807 0.509623 0.184711 0.0173318 0.000263679
3.9 0.31957 0.503868 0.162765 0.0136117 0.000184563
3.95 0.352072 0.494745 0.142438 0.0106164 0.000128295
4 0.385303 0.482562 0.123822 0.00822521 8.85889e-05
4.05 0.41898 0.467675 0.106952 0.00633197 6.07814e-05
4.1 0.452818 0.450479 0.0918162 0.00484473 4.14478e-05
4.15 0.486537 0.431387 0.078363 0.0036852 2.80991e-05
4.2 0.519869 0.410814 0.0665104 0.00278766 1.8944e-05
4.25 0.552568 0.389167 0.056154 0.00209764 1.27047e-05
4.3 0.584412 0.366834 0.0471752 0.00157059 8.47805e-06
4.35 0.615207 0.344169 0.0394472 0.00117049 5.63117e-06
4.4 0.644794 0.321493 0.032841 0.000868492 3.7239e-06
4.45 0.673042 0.299084 0.0272294 0.000641782 2.45256e-06
4.5 0.699857 0.277179 0.0224908 0.000472448 1.60911e-06
4.55 0.72517 0.255971 0.0185112 0.000346565 1.052e-06
4.6 0.748946 0.235614 0.0151861 0.000253394 6.85532e-07
4.65 0.771171 0.216223 0.0124207 0.000184712 4.45377e-07
4.7 0.791857 0.197878 0.0101308 0.000134274 2.88552e-07
4.75 0.811031 0.180629 0.008242 9.73605e-05 1.86472e-07
4.8 0.828739 0.164501 0.0066898 7.04308e-05 1.20225e-07
4.85 0.845036 0.149495 0.00541839 5.08417e-05 7.73486e-08
4.9 0.859988 0.135595 0.00438014 3.66301e-05 4.96672e-08
4.95 0.873668 0.122771 0.00353461 2.63446e-05 3.18364e-08
5 0.88615 0.110983 0.00284775 1.8917e-05 2.03744e-08
5.05 0.897513 0.100182 0.00229106 1.35639e-05 1.30202e-08
5.1 0.907835 0.0903145 0.00184078 9.71297e-06 8.30968e-09
5.15 0.917193 0.0813226 0.00147726 6.94714e-06 5.2971e-09
5.2 0.925663 0.0731482 0.00118426 4.96361e-06 3.37311e-09
5.25 0.933316 0.0657324 0.00094847 3.54302e-06 2.14588e-09
5.3 0.940221 0.0590175 0.000758971 2.52682e-06 1.36398e-09
5.35 0.946444 0.0529475 0.000606862 1.80069e-06 8.66307e-10
5.4 0.952045 0.0474688 0.000484901 1.28234e-06 5.49838e-10
5.45 0.957081 0.0425304 0.000387208 9.12628e-07 3.4876e-10
5.5 0.961606 0.0380845 0.000309024 6.49146e-07 2.21093e-10
5.55 0.965667 0.0340862 0.000246503 4.61501e-07 1.40089e-10
5.6 0.969309 0.0304939 0.000196543 3.2795e-07 8.87237e-11
5.65 0.972574 0.0272693 0.000156645 2.32953e-07 5.61694e-11
5.7 0.975498 0.0243768 0.000124802 1.65414e-07 3.55471e-11
5.75 0.978116 0.0217842 9.93998e-05 1.17418e-07 2.24889e-11
5.8 0.980459 0.0194617 7.91452e-05 8.33249e-08 1.42235e-11
5.85 0.982555 0.0173823 6.30016e-05 5.91156e-08 8.99361e-12
5.9 0.984428 0.0155215 5.01394e-05 4.19304e-08 5.6854e-12
5.95 0.986103 0.0138571 3.98949e-05 2.9735e-08 3.59335e-12
6 0.987599 0.0123689 3.17377e-05 2.10827e-08 2.27069e-12
6.05 0.988936 0.0110387 2.52443e-05 1.49456e-08 1.43465e-12
6.1 0.99013 0.00985015 2.00765e-05 1.05934e-08 9.06294e-13
6.15 0.991196 0.00878841 1.59645e-05 7.50766e-09 5.72449e-13
6.2 0.992147 0.00784019 1.26932e-05 5.32012e-09 3.61537e-13
6.25 0.992996 0.00699356 1.00912e-05 3.76958e-09 2.2831e-13
6.3 0.993754 0.00623777 8.02184e-06 2.67069e-09 1.44164e-13
6.35 0.99443 0.00556321 6.37631e-06 1.89199e-09 9.10231e-14
6.4 0.995034 0.00496122 5.06796e-06 1.34024e-09 5.74665e-14
6.45 0.995572 0.00442408 4.0278e-06 9.49331e-10 3.62785e-14
6.5 0.996052 0.00394487 3.20094e-06 6.72399e-10 2.29012e-14
6.55 0.99648 0.00351738 2.54369e-06 4.76227e-10 1.44559e-14
6.6 0.996862 0.00313607 2.0213e-06 3.37272e-10 9.12457e-15
6.65 0.997202 0.00279598 1.60612e-06 2.38852e-10 5.75918e-15
6.7 0.997506 0.00249268 1.27618e-06 1.69146e-10 3.6349e-15
6.75 0.997777 0.0022222 1.01398e-06 1.19778e-10 2.29409e-15
6.8 0.998018 0.00198102 8.05626e-07 8.48171e-11 1.44782e-15
6.85 0.998233 0.00176597 6.4007e-07 6.00589e-11 9.13712e-16
6.9 0.998425 0.00157422 5.08523e-07 4.25266e-11 5.76624e-16
6.95 0.998596 0.00140327 4.04004e-07 3.01117e-11 3.63888e-16
7 0.998749 0.00125086 3.2096e-07 2.13207e-11 2.29633e-16
