T CH NH OH
200 16.3308 25.4635 35.9836
205 15.2553 23.5303 32.9724
210 14.297 21.8258 30.3392
215 13.4394 20.3157 28.0246
220 12.6687 18.9718 25.9801
225 11.9737 17.7707 24.166
230 11.3446 16.6931 22.5494
235 10.7732 15.7227 21.103
240 10.2527 14.8456 19.8041
245 9.77709 14.0504 18.6333
250 9.34126 13.3271 17.5745
255 8.94083 12.6672 16.614
260 8.572 12.0636 15.74
265 8.23146 11.5099 14.9423
270 7.91632 11.0007 14.2125
275 7.62407 10.5314 13.5429
280 7.35247 10.0978 12.9272
285 7.09958 9.69638 12.3596
290 6.86367 9.32393 11.8352
295 6.6432 8.9777 11.3498
300 6.43682 8.65524 10.8994
305 6.2433 8.35437 10.4809
310 6.06157 8.07317 10.0911
315 5.89065 7.80992 9.72754
320 5.72967 7.56309 9.38784
325 5.57784 7.33129 9.06991
330 5.43445 7.11331 8.7719
335 5.29887 6.90803 8.49215
340 5.17051 6.71446 8.22917
345 5.04885 6.53169 7.9816
350 4.9334 6.3589 7.74824
355 4.82374 6.19536 7.52799
360 4.71946 6.0404 7.31986
365 4.62021 5.89341 7.12296
370 4.52563 5.75382 6.93646
375 4.43544 5.62112 6.75963
380 4.34935 5.49487 6.59178
385 4.26711 5.37461 6.4323
390 4.18846 5.25998 6.28062
395 4.11321 5.1506 6.13622
400 4.04114 5.04614 5.99864
405 3.97206 4.9463 5.86742
410 3.90581 4.85081 5.74216
415 3.84221 4.75939 5.62251
420 3.78114 4.67181 5.50811
425 3.72243 4.58785 5.39864
430 3.66597 4.50729 5.29383
435 3.61164 4.42996 5.19339
440 3.55932 4.35566 5.09707
445 3.50891 4.28424 5.00464
450 3.4603 4.21553 4.91589
455 3.41342 4.14941 4.83061
460 3.36817 4.08572 4.74862
465 3.32448 4.02435 4.66974
470 3.28226 3.96518 4.5938
475 3.24145 3.9081 4.52066
480 3.20199 3.853 4.45017
485 3.1638 3.7998 4.38221
490 3.12683 3.74839 4.31663
495 3.09103 3.69869 4.25333
500 3.05635 3.65063 4.1922
505 3.02273 3.60412 4.13313
510 2.99012 3.5591 4.07603
515 2.95849 3.51551 4.0208
520 2.9278 3.47326 3.96736
525 2.898 3.43232 3.91563
530 2.86905 3.39262 3.86553
535 2.84093 3.35411 3.81699
540 2.8136 3.31673 3.76995
545 2.78702 3.28045 3.72433
550 2.76117 3.24521 3.68007
555 2.73602 3.21098 3.63713
560 2.71154 3.17771 3.59544
565 2.68771 3.14536 3.55495
570 2.6645 3.1139 3.51562
575 2.64189 3.0833 3.47739
580 2.61986 3.05351 3.44023
585 2.59838 3.02452 3.4041
590 2.57744 2.99628 3.36894
595 2.55702 2.96878 3.33473
600 2.53709 2.94198 3.30143
605 2.51764 2.91586 3.269
610 2.49866 2.89039 3.23741
615 2.48013 2.86556 3.20664
620 2.46203 2.84133 3.17665
625 2.44434 2.81769 3.14741
630 2.42707 2.79462 3.1189
635 2.41018 2.7721 3.09109
640 2.39367 2.75011 3.06396
645 2.37753 2.72862 3.03748
650 2.36174 2.70764 3.01163
655 2.3463 2.68713 2.98639
660 2.33119 2.66708 2.96174
665 2.3164 2.64748 2.93766
670 2.30193 2.62831 2.91413
675 2.28775 2.60957 2.89113
680 2.27388 2.59123 2.86865
685 2.26028 2.57328 2.84667
690 2.24696 2.55572 2.82517
695 2.23392 2.53852 2.80414
700 2.22113 2.52169 2.78357
705 2.20859 2.5052 2.76343
710 2.1963 2.48905 2.74372
715 2.18425 2.47323 2.72442
720 2.17243 2.45772 2.70552
725 2.16084 2.44253 2.68702
730 2.14947 2.42763 2.66889
735 2.13831 2.41303 2.65112
740 2.12735 2.39871 2.63372
745 2.1166 2.38467 2.61665
750 2.10605 2.37089 2.59993
755 2.09569 2.35738 2.58353
760 2.08551 2.34411 2.56745
765 2.07552 2.3311 2.55167
770 2.0657 2.31832 2.5362
775 2.05605 2.30578 2.52102
780 2.04657 2.29346 2.50612
785 2.03726 2.28137 2.49149
790 2.0281 2.26949 2.47714
795 2.01911 2.25782 2.46305
800 2.01026 2.24636 2.44921
