e g
-1.995 2.2522
-1.97505 1.01075
-1.9551 0.75535
-1.93515 0.630107
-1.9152 0.552427
-1.89525 0.498317
-1.8753 0.457893
-1.85535 0.426245
-1.8354 0.400617
-1.81545 0.379333
-1.7955 0.361301
-1.77555 0.34578
-1.7556 0.332246
-1.73565 0.320315
-1.7157 0.3097
-1.69575 0.300181
-1.6758 0.291587
-1.65585 0.28378
-1.6359 0.276652
-1.61595 0.270113
-1.596 0.264089
-1.57605 0.258518
-1.5561 0.25335
-1.53615 0.24854
-1.5162 0.244051
-1.49625 0.239851
-1.4763 0.235912
-1.45635 0.23221
-1.4364 0.228725
-1.41645 0.225436
-1.3965 0.222329
-1.37655 0.219388
-1.3566 0.216601
-1.33665 0.213955
-1.3167 0.211442
-1.29675 0.209051
-1.2768 0.206774
-1.25685 0.204603
-1.2369 0.202533
-1.21695 0.200555
-1.197 0.198665
-1.17705 0.196857
-1.1571 0.195127
-1.13715 0.193471
-1.1172 0.191883
-1.09725 0.190361
-1.0773 0.188901
-1.05735 0.1875
-1.0374 0.186156
-1.01745 0.184864
-0.9975 0.183624
-0.97755 0.182431
-0.9576 0.181286
-0.93765 0.180184
-0.9177 0.179125
-0.89775 0.178106
-0.8778 0.177127
-0.85785 0.176185
-0.8379 0.175279
-0.81795 0.174408
-0.798 0.17357
-0.77805 0.172764
-0.7581 0.171989
-0.73815 0.171245
-0.7182 0.170529
-0.69825 0.169842
-0.6783 0.169182
-0.65835 0.168548
-0.6384 0.16794
-0.61845 0.167357
-0.5985 0.166799
-0.57855 0.166263
-0.5586 0.165751
-0.53865 0.165261
-0.5187 0.164794
-0.49875 0.164347
-0.4788 0.163922
-0.45885 0.163517
-0.4389 0.163131
-0.41895 0.162766
-0.399 0.16242
-0.37905 0.162093
-0.3591 0.161784
-0.33915 0.161494
-0.3192 0.161222
-0.29925 0.160967
-0.2793 0.16073
-0.25935 0.16051
-0.2394 0.160308
-0.21945 0.160122
-0.1995 0.159953
-0.17955 0.1598
-0.1596 0.159664
-0.13965 0.159544
-0.1197 0.159441
-0.09975 0.159353
-0.0798 0.159282
-0.05985 0.159226
-0.0399 0.159187
-0.01995 0.159163
0 0.159155
0.01995 0.159163
0.0399 0.159187
0.05985 0.159226
0.0798 0.159282
0.09975 0.159353
0.1197 0.159441
0.13965 0.159544
0.1596 0.159664
0.17955 0.1598
0.1995 0.159953
0.21945 0.160122
0.2394 0.160308
0.25935 0.16051
0.2793 0.16073
0.29925 0.160967
0.3192 0.161222
0.33915 0.161494
0.3591 0.161784
0.37905 0.162093
0.399 0.16242
0.41895 0.162766
0.4389 0.163131
0.45885 0.163517
0.4788 0.163922
0.49875 0.164347
0.5187 0.164794
0.53865 0.165261
0.5586 0.165751
0.57855 0.166263
0.5985 0.166799
0.61845 0.167357
0.6384 0.16794
0.65835 0.168548
0.6783 0.169182
0.69825 0.169842
0.7182 0.170529
0.73815 0.171245
0.7581 0.171989
0.77805 0.172764
0.798 0.17357
0.81795 0.174408
0.8379 0.175279
0.85785 0.176185
0.8778 0.177127
0.89775 0.178106
0.9177 0.179125
0.93765 0.180184
0.9576 0.181286
0.97755 0.182431
0.9975 0.183624
1.01745 0.184864
1.0374 0.186156
1.05735 0.1875
1.0773 0.188901
1.09725 0.190361
1.1172 0.191883
1.13715 0.193471
1.1571 0.195127
1.17705 0.196857
1.197 0.198665
1.21695 0.200555
1.2369 0.202533
1.25685 0.204603
1.2768 0.206774
1.29675 0.209051
1.3167 0.211442
1.33665 0.213955
1.3566 0.216601
1.37655 0.219388
1.3965 0.222329
1.41645 0.225436
1.4364 0.228725
1.45635 0.23221
1.4763 0.235912
1.49625 0.239851
1.5162 0.244051
1.53615 0.24854
1.5561 0.25335
1.57605 0.258518
1.596 0.264089
1.61595 0.270113
1.6359 0.276652
1.65585 0.28378
1.6758 0.291587
1.69575 0.300181
1.7157 0.3097
1.73565 0.320315
1.7556 0.332246
1.77555 0.34578
1.7955 0.361301
1.81545 0.379333
1.8354 0.400617
1.85535 0.426245
1.8753 0.457893
1.89525 0.498317
1.9152 0.552427
1.93515 0.630107
1.9551 0.75535
1.97505 1.01075
1.995 2.2522
