x E
0 0
0.05 0.0197376
0.1 0.0789309
0.15 0.177521
0.2 0.315412
0.25 0.492466
0.3 0.70851
0.35 0.96333
0.4 1.25667
0.45 1.58825
0.5 1.95774
0.55 2.36477
0.6 2.80894
0.65 3.28981
0.7 3.80692
0.75 4.35974
0.8 4.94773
0.85 5.57032
0.9 6.22688
0.95 6.91678
1 7.63932
1.05 8.3938
1.1 9.17947
1.15 9.99556
1.2 10.8413
1.25 11.7157
1.3 12.6181
1.35 13.5475
1.4 14.503
1.45 15.4837
1.5 16.4886
1.55 17.5167
1.6 18.5669
1.65 19.6383
1.7 20.7299
1.75 21.8404
1.8 22.9688
1.85 24.1141
1.9 25.275
1.95 26.4505
2 27.6393
2.05 28.8404
2.1 30.0524
2.15 31.2743
2.2 32.5047
2.25 33.7426
2.3 34.9867
2.35 36.2357
2.4 37.4884
2.45 38.7436
2.5 40
2.55 41.2564
2.6 42.5116
2.65 43.7643
2.7 45.0133
2.75 46.2574
2.8 47.4953
2.85 48.7257
2.9 49.9476
2.95 51.1596
3 52.3607
3.05 53.5495
3.1 54.725
3.15 55.8859
3.2 57.0312
3.25 58.1596
3.3 59.2701
3.35 60.3617
3.4 61.4331
3.45 62.4833
3.5 63.5114
3.55 64.5163
3.6 65.497
3.65 66.4525
3.7 67.3819
3.75 68.2843
3.8 69.1587
3.85 70.0044
3.9 70.8205
3.95 71.6062
4 72.3607
4.05 73.0832
4.1 73.7731
4.15 74.4297
4.2 75.0523
4.25 75.6403
4.3 76.1931
4.35 76.7102
4.4 77.1911
4.45 77.6352
4.5 78.0423
4.55 78.4117
4.6 78.7433
4.65 79.0367
4.7 79.2915
4.75 79.5075
4.8 79.6846
4.85 79.8225
4.9 79.9211
4.95 79.9803
5 80
5.05 79.9704
5.1 79.8816
5.15 79.7337
5.2 79.5269
5.25 79.2613
5.3 78.9372
5.35 78.555
5.4 78.115
5.45 77.6176
5.5 77.0634
5.55 76.4528
5.6 75.7866
5.65 75.0653
5.7 74.2896
5.75 73.4604
5.8 72.5784
5.85 71.6445
5.9 70.6597
5.95 69.6248
6 68.541
6.05 67.4093
6.1 66.2308
6.15 65.0067
6.2 63.7381
6.25 62.4264
6.3 61.0728
6.35 59.6787
6.4 58.2454
6.45 56.7744
6.5 55.2671
6.55 53.725
6.6 52.1496
6.65 50.5425
6.7 48.9052
6.75 47.2394
6.8 45.5468
6.85 43.8289
6.9 42.0875
6.95 40.3243
7 38.541
7.05 36.7395
7.1 34.9214
7.15 33.0886
7.2 31.2429
7.25 29.3861
7.3 27.52
7.35 25.6465
7.4 23.7674
7.45 21.8846
7.5 20
7.55 18.1154
7.6 16.2326
7.65 14.3535
7.7 12.48
7.75 10.6139
7.8 8.75712
7.85 6.91141
7.9 5.07861
7.95 3.26053
8 1.45898
8.05 -0.324275
8.1 -2.08747
8.15 -3.82887
8.2 -5.54676
8.25 -7.23943
8.3 -8.90522
8.35 -10.5425
8.4 -12.1496
8.45 -13.725
8.5 -15.2671
8.55 -16.7744
8.6 -18.2454
8.65 -19.6787
8.7 -21.0728
8.75 -22.4264
8.8 -23.7381
8.85 -25.0067
8.9 -26.2308
8.95 -27.4093
9 -28.541
9.05 -29.6248
9.1 -30.6597
9.15 -31.6445
9.2 -32.5784
9.25 -33.4604
9.3 -34.2896
9.35 -35.0653
9.4 -35.7866
9.45 -36.4528
9.5 -37.0634
9.55 -37.6176
9.6 -38.115
9.65 -38.555
9.7 -38.9372
9.75 -39.2613
9.8 -39.5269
9.85 -39.7337
9.9 -39.8816
9.95 -39.9704
10 -40
