t nu2 nu5 normal
-5 0.00712778 0.00175744 1.48672e-06
-4.95 0.00732942 0.00184785 1.9066e-06
-4.9 0.00753858 0.00194357 2.43896e-06
-4.85 0.0077556 0.00204494 3.11218e-06
-4.8 0.00798084 0.00215233 3.9613e-06
-4.75 0.00821469 0.00226615 5.02951e-06
-4.7 0.00845755 0.0023868 6.36983e-06
-4.65 0.00870986 0.00251476 8.04718e-06
-4.6 0.00897206 0.00265052 1.01409e-05
-4.55 0.00924463 0.00279459 1.27473e-05
-4.5 0.00952807 0.00294754 1.59837e-05
-4.45 0.00982292 0.00310998 1.99918e-05
-4.4 0.0101297 0.00328256 2.49425e-05
-4.35 0.0104491 0.00346597 3.10414e-05
-4.3 0.0107817 0.00366096 3.85352e-05
-4.25 0.0111281 0.00386834 4.77186e-05
-4.2 0.0114891 0.00408898 5.89431e-05
-4.15 0.0118655 0.0043238 7.26259e-05
-4.1 0.0122579 0.0045738 8.92617e-05
-4.05 0.0126673 0.00484006 0.000109434
-4 0.0130946 0.00512373 0.00013383
-3.95 0.0135406 0.00542605 0.000163256
-3.9 0.0140065 0.00574837 0.000198655
-3.85 0.0144932 0.00609212 0.000241127
-3.8 0.0150019 0.00645885 0.000291947
-3.75 0.0155339 0.00685022 0.000352596
-3.7 0.0160904 0.00726802 0.00042478
-3.65 0.0166727 0.00771418 0.000510465
-3.6 0.0172823 0.00819077 0.000611902
-3.55 0.0179209 0.00870003 0.000731664
-3.5 0.0185899 0.00924435 0.000872683
-3.45 0.0192913 0.00982632 0.00103828
-3.4 0.0200267 0.0104487 0.00123222
-3.35 0.0207984 0.0111145 0.00145873
-3.3 0.0216083 0.0118269 0.00172257
-3.25 0.0224588 0.0125894 0.00202905
-3.2 0.0233522 0.0134057 0.00238409
-3.15 0.0242912 0.0142797 0.00279426
-3.1 0.0252785 0.0152157 0.00326682
-3.05 0.0263171 0.0162184 0.00380976
-3 0.0274101 0.0172926 0.00443185
-2.95 0.0285609 0.0184435 0.00514264
-2.9 0.0297731 0.0196769 0.00595253
-2.85 0.0310505 0.0209988 0.00687277
-2.8 0.0323972 0.0224155 0.00791545
-2.75 0.0338176 0.023934 0.00909356
-2.7 0.0353164 0.0255616 0.0104209
-2.65 0.0368986 0.0273061 0.0119122
-2.6 0.0385695 0.0291757 0.013583
-2.55 0.0403348 0.0311794 0.0154493
-2.5 0.0422006 0.0333262 0.0175283
-2.45 0.0441735 0.0356262 0.0198374
-2.4 0.0462602 0.0380897 0.0223945
-2.35 0.0484682 0.0407274 0.0252182
-2.3 0.0508053 0.043551 0.028327
-2.25 0.0532798 0.0465721 0.0317397
-2.2 0.0559005 0.0498034 0.0354746
-2.15 0.0586769 0.0532574 0.03955
-2.1 0.0616188 0.0569475 0.0439836
-2.05 0.0647366 0.0608873 0.048792
-2 0.0680414 0.0650903 0.053991
-1.95 0.0715447 0.0695706 0.0595947
-1.9 0.0752585 0.074342 0.0656158
-1.85 0.0791955 0.0794183 0.0720649
-1.8 0.0833687 0.084813 0.0789502
-1.75 0.0877915 0.0905388 0.0862773
-1.7 0.0924776 0.0966079 0.0940491
-1.65 0.0974411 0.103032 0.102265
-1.6 0.102696 0.109819 0.110921
-1.55 0.108256 0.116979 0.120009
-1.5 0.114134 0.124517 0.129518
-1.45 0.120345 0.132437 0.139431
-1.4 0.126899 0.14074 0.149727
-1.35 0.133807 0.149422 0.160383
-1.3 0.141078 0.158477 0.171369
-1.25 0.148719 0.167894 0.182649
-1.2 0.156734 0.177659 0.194186
-1.15 0.165121 0.187749 0.205936
-1.1 0.173877 0.198139 0.217852
-1.05 0.182992 0.208795 0.229882
-1 0.19245 0.21968 0.241971
-0.95 0.202228 0.230747 0.254059
-0.9 0.212295 0.241944 0.266085
-0.85 0.222612 0.253213 0.277985
-0.8 0.233128 0.264488 0.289692
-0.75 0.243783 0.275698 0.301137
-0.7 0.254508 0.286765 0.312254
-0.65 0.265219 0.297608 0.322972
-0.6 0.275824 0.308141 0.333225
-0.55 0.28622 0.318274 0.342944
-0.5 0.296296 0.327919 0.352065
-0.45 0.305933 0.336983 0.360527
-0.4 0.315006 0.345378 0.36827
-0.35 0.323391 0.353019 0.37524
-0.3 0.330964 0.359824 0.381388
-0.25 0.337605 0.36572 0.386668
-0.2 0.343206 0.37064 0.391043
-0.15 0.34767 0.374528 0.394479
-0.1 0.350918 0.377338 0.396953
-0.05 0.352892 0.379038 0.398444
0 0.353553 0.379607 0.398942
0.05 0.352892 0.379038 0.398444
0.1 0.350918 0.377338 0.396953
0.15 0.34767 0.374528 0.394479
0.2 0.343206 0.37064 0.391043
0.25 0.337605 0.36572 0.386668
0.3 0.330964 0.359824 0.381388
0.35 0.323391 0.353019 0.37524
0.4 0.315006 0.345378 0.36827
0.45 0.305933 0.336983 0.360527
0.5 0.296296 0.327919 0.352065
0.55 0.28622 0.318274 0.342944
0.6 0.275824 0.308141 0.333225
0.65 0.265219 0.297608 0.322972
0.7 0.254508 0.286765 0.312254
0.75 0.243783 0.275698 0.301137
0.8 0.233128 0.264488 0.289692
0.85 0.222612 0.253213 0.277985
0.9 0.212295 0.241944 0.266085
0.95 0.202228 0.230747 0.254059
1 0.19245 0.21968 0.241971
1.05 0.182992 0.208795 0.229882
1.1 0.173877 0.198139 0.217852
1.15 0.165121 0.187749 0.205936
1.2 0.156734 0.177659 0.194186
1.25 0.148719 0.167894 0.182649
1.3 0.141078 0.158477 0.171369
1.35 0.133807 0.149422 0.160383
1.4 0.126899 0.14074 0.149727
1.45 0.120345 0.132437 0.139431
1.5 0.114134 0.124517 0.129518
1.55 0.108256 0.116979 0.120009
1.6 0.102696 0.109819 0.110921
1.65 0.0974411 0.103032 0.102265
1.7 0.0924776 0.0966079 0.0940491
1.75 0.0877915 0.0905388 0.0862773
1.8 0.0833687 0.084813 0.0789502
1.85 0.0791955 0.0794183 0.0720649
1.9 0.0752585 0.074342 0.0656158
1.95 0.0715447 0.0695706 0.0595947
2 0.0680414 0.0650903 0.053991
2.05 0.0647366 0.0608873 0.048792
2.1 0.0616188 0.0569475 0.0439836
2.15 0.0586769 0.0532574 0.03955
2.2 0.0559005 0.0498034 0.0354746
2.25 0.0532798 0.0465721 0.0317397
2.3 0.0508053 0.043551 0.028327
2.35 0.0484682 0.0407274 0.0252182
2.4 0.0462602 0.0380897 0.0223945
2.45 0.0441735 0.0356262 0.0198374
2.5 0.0422006 0.0333262 0.0175283
2.55 0.0403348 0.0311794 0.0154493
2.6 0.0385695 0.0291757 0.013583
2.65 0.0368986 0.0273061 0.0119122
2.7 0.0353164 0.0255616 0.0104209
2.75 0.0338176 0.023934 0.00909356
2.8 0.0323972 0.0224155 0.00791545
2.85 0.0310505 0.0209988 0.00687277
2.9 0.0297731 0.0196769 0.00595253
2.95 0.0285609 0.0184435 0.00514264
3 0.0274101 0.0172926 0.00443185
3.05 0.0263171 0.0162184 0.00380976
3.1 0.0252785 0.0152157 0.00326682
3.15 0.0242912 0.0142797 0.00279426
3.2 0.0233522 0.0134057 0.00238409
3.25 0.0224588 0.0125894 0.00202905
3.3 0.0216083 0.0118269 0.00172257
3.35 0.0207984 0.0111145 0.00145873
3.4 0.0200267 0.0104487 0.00123222
3.45 0.0192913 0.00982632 0.00103828
3.5 0.0185899 0.00924435 0.000872683
3.55 0.0179209 0.00870003 0.000731664
3.6 0.0172823 0.00819077 0.000611902
3.65 0.0166727 0.00771418 0.000510465
3.7 0.0160904 0.00726802 0.00042478
3.75 0.0155339 0.00685022 0.000352596
3.8 0.0150019 0.00645885 0.000291947
3.85 0.0144932 0.00609212 0.000241127
3.9 0.0140065 0.00574837 0.000198655
3.95 0.0135406 0.00542605 0.000163256
4 0.0130946 0.00512373 0.00013383
4.05 0.0126673 0.00484006 0.000109434
4.1 0.0122579 0.0045738 8.92617e-05
4.15 0.0118655 0.0043238 7.26259e-05
4.2 0.0114891 0.00408898 5.89431e-05
4.25 0.0111281 0.00386834 4.77186e-05
4.3 0.0107817 0.00366096 3.85352e-05
4.35 0.0104491 0.00346597 3.10414e-05
4.4 0.0101297 0.00328256 2.49425e-05
4.45 0.00982292 0.00310998 1.99918e-05
4.5 0.00952807 0.00294754 1.59837e-05
4.55 0.00924463 0.00279459 1.27473e-05
4.6 0.00897206 0.00265052 1.01409e-05
4.65 0.00870986 0.00251476 8.04718e-06
4.7 0.00845755 0.0023868 6.36983e-06
4.75 0.00821469 0.00226615 5.02951e-06
4.8 0.00798084 0.00215233 3.9613e-06
4.85 0.0077556 0.00204494 3.11218e-06
4.9 0.00753858 0.00194357 2.43896e-06
4.95 0.00732942 0.00184785 1.9066e-06
5 0.00712778 0.00175744 1.48672e-06
