u H A B C
0.4 62 10 50 2
0.45 56.6944 10 44.4444 2.25
0.5 52.5 10 40 2.5
0.55 49.1136 10 36.3636 2.75
0.6 46.3333 10 33.3333 3
0.65 44.0192 10 30.7692 3.25
0.7 42.0714 10 28.5714 3.5
0.75 40.4167 10 26.6667 3.75
0.8 39 10 25 4
0.85 37.7794 10 23.5294 4.25
0.9 36.7222 10 22.2222 4.5
0.95 35.8026 10 21.0526 4.75
1 35 10 20 5
1.05 34.2976 10 19.0476 5.25
1.1 33.6818 10 18.1818 5.5
1.15 33.1413 10 17.3913 5.75
1.2 32.6667 10 16.6667 6
1.25 32.25 10 16 6.25
1.3 31.8846 10 15.3846 6.5
1.35 31.5648 10 14.8148 6.75
1.4 31.2857 10 14.2857 7
1.45 31.0431 10 13.7931 7.25
1.5 30.8333 10 13.3333 7.5
1.55 30.6532 10 12.9032 7.75
1.6 30.5 10 12.5 8
1.65 30.3712 10 12.1212 8.25
1.7 30.2647 10 11.7647 8.5
1.75 30.1786 10 11.4286 8.75
1.8 30.1111 10 11.1111 9
1.85 30.0608 10 10.8108 9.25
1.9 30.0263 10 10.5263 9.5
1.95 30.0064 10 10.2564 9.75
2 30 10 10 10
2.05 30.0061 10 9.7561 10.25
2.1 30.0238 10 9.52381 10.5
2.15 30.0523 10 9.30233 10.75
2.2 30.0909 10 9.09091 11
2.25 30.1389 10 8.88889 11.25
2.3 30.1957 10 8.69565 11.5
2.35 30.2606 10 8.51064 11.75
2.4 30.3333 10 8.33333 12
2.45 30.4133 10 8.16327 12.25
2.5 30.5 10 8 12.5
2.55 30.5931 10 7.84314 12.75
2.6 30.6923 10 7.69231 13
2.65 30.7972 10 7.54717 13.25
2.7 30.9074 10 7.40741 13.5
2.75 31.0227 10 7.27273 13.75
2.8 31.1429 10 7.14286 14
2.85 31.2675 10 7.01754 14.25
2.9 31.3966 10 6.89655 14.5
2.95 31.5297 10 6.77966 14.75
3 31.6667 10 6.66667 15
3.05 31.8074 10 6.55738 15.25
3.1 31.9516 10 6.45161 15.5
3.15 32.0992 10 6.34921 15.75
3.2 32.25 10 6.25 16
3.25 32.4038 10 6.15385 16.25
3.3 32.5606 10 6.06061 16.5
3.35 32.7201 10 5.97015 16.75
3.4 32.8824 10 5.88235 17
3.45 33.0471 10 5.7971 17.25
3.5 33.2143 10 5.71429 17.5
3.55 33.3838 10 5.6338 17.75
3.6 33.5556 10 5.55556 18
3.65 33.7295 10 5.47945 18.25
3.7 33.9054 10 5.40541 18.5
3.75 34.0833 10 5.33333 18.75
3.8 34.2632 10 5.26316 19
3.85 34.4448 10 5.19481 19.25
3.9 34.6282 10 5.12821 19.5
3.95 34.8133 10 5.06329 19.75
4 35 10 5 20
4.05 35.1883 10 4.93827 20.25
4.1 35.378 10 4.87805 20.5
4.15 35.5693 10 4.81928 20.75
4.2 35.7619 10 4.7619 21
4.25 35.9559 10 4.70588 21.25
4.3 36.1512 10 4.65116 21.5
4.35 36.3477 10 4.5977 21.75
4.4 36.5455 10 4.54545 22
4.45 36.7444 10 4.49438 22.25
4.5 36.9444 10 4.44444 22.5
4.55 37.1456 10 4.3956 22.75
4.6 37.3478 10 4.34783 23
4.65 37.5511 10 4.30108 23.25
4.7 37.7553 10 4.25532 23.5
4.75 37.9605 10 4.21053 23.75
4.8 38.1667 10 4.16667 24
4.85 38.3737 10 4.12371 24.25
4.9 38.5816 10 4.08163 24.5
4.95 38.7904 10 4.0404 24.75
5 39 10 4 25
5.05 39.2104 10 3.9604 25.25
5.1 39.4216 10 3.92157 25.5
5.15 39.6335 10 3.8835 25.75
5.2 39.8462 10 3.84615 26
5.25 40.0595 10 3.80952 26.25
5.3 40.2736 10 3.77358 26.5
5.35 40.4883 10 3.73832 26.75
5.4 40.7037 10 3.7037 27
5.45 40.9197 10 3.66972 27.25
5.5 41.1364 10 3.63636 27.5
5.55 41.3536 10 3.6036 27.75
5.6 41.5714 10 3.57143 28
5.65 41.7898 10 3.53982 28.25
5.7 42.0088 10 3.50877 28.5
5.75 42.2283 10 3.47826 28.75
5.8 42.4483 10 3.44828 29
5.85 42.6688 10 3.4188 29.25
5.9 42.8898 10 3.38983 29.5
5.95 43.1113 10 3.36134 29.75
6 43.3333 10 3.33333 30
6.05 43.5558 10 3.30579 30.25
6.1 43.7787 10 3.27869 30.5
6.15 44.002 10 3.25203 30.75
6.2 44.2258 10 3.22581 31
6.25 44.45 10 3.2 31.25
6.3 44.6746 10 3.1746 31.5
6.35 44.8996 10 3.14961 31.75
6.4 45.125 10 3.125 32
6.45 45.3508 10 3.10078 32.25
6.5 45.5769 10 3.07692 32.5
6.55 45.8034 10 3.05344 32.75
6.6 46.0303 10 3.0303 33
6.65 46.2575 10 3.00752 33.25
6.7 46.4851 10 2.98507 33.5
6.75 46.713 10 2.96296 33.75
6.8 46.9412 10 2.94118 34
6.85 47.1697 10 2.91971 34.25
6.9 47.3986 10 2.89855 34.5
6.95 47.6277 10 2.8777 34.75
7 47.8571 10 2.85714 35
7.05 48.0869 10 2.83688 35.25
7.1 48.3169 10 2.8169 35.5
7.15 48.5472 10 2.7972 35.75
7.2 48.7778 10 2.77778 36
7.25 49.0086 10 2.75862 36.25
7.3 49.2397 10 2.73973 36.5
7.35 49.4711 10 2.72109 36.75
7.4 49.7027 10 2.7027 37
7.45 49.9346 10 2.68456 37.25
7.5 50.1667 10 2.66667 37.5
7.55 50.399 10 2.64901 37.75
7.6 50.6316 10 2.63158 38
7.65 50.8644 10 2.61438 38.25
7.7 51.0974 10 2.5974 38.5
7.75 51.3306 10 2.58065 38.75
7.8 51.5641 10 2.5641 39
7.85 51.7978 10 2.54777 39.25
7.9 52.0316 10 2.53165 39.5
7.95 52.2657 10 2.51572 39.75
8 52.5 10 2.5 40
