nu abs em
17 2.32073e-69 0.00162194
17.02 5.10908e-69 0.00165686
17.04 1.12254e-68 0.00169724
17.06 2.46152e-68 0.00174348
17.08 5.38701e-68 0.00179597
17.1 1.17661e-67 0.00185507
17.12 2.56485e-67 0.00192113
17.14 5.57996e-67 0.00199444
17.16 1.21156e-66 0.00207529
17.18 2.62542e-66 0.0021639
17.2 5.67799e-66 0.00226048
17.22 1.22556e-65 0.00236517
17.24 2.64006e-65 0.00247808
17.26 5.67593e-65 0.00259924
17.28 1.21787e-64 0.00272866
17.3 2.60801e-64 0.00286627
17.32 5.57389e-64 0.00301194
17.34 1.18891e-63 0.00316548
17.36 2.53095e-63 0.00332665
17.38 5.37724e-63 0.00349513
17.4 1.14019e-62 0.00367053
17.42 2.41289e-62 0.00385241
17.44 5.09612e-62 0.00404026
17.46 1.0742e-61 0.00423352
17.48 2.2598e-61 0.00443154
17.5 4.74459e-61 0.00463365
17.52 9.9419e-61 0.00483909
17.54 2.07913e-60 0.00504709
17.56 4.33948e-60 0.0052568
17.58 9.03929e-60 0.00546735
17.6 1.8792e-59 0.00567784
17.62 3.89901e-59 0.00588734
17.64 8.07381e-59 0.00609491
17.66 1.66857e-58 0.0062996
17.68 3.44153e-58 0.00650045
17.7 7.08438e-58 0.00669653
17.72 1.45544e-57 0.00688691
17.74 2.9842e-57 0.00707071
17.76 6.10667e-57 0.00724707
17.78 1.24716e-56 0.00741519
17.8 2.54204e-56 0.00757434
17.82 5.17113e-56 0.00772385
17.84 1.04986e-55 0.00786313
17.86 2.12725e-55 0.00799167
17.88 4.30177e-55 0.00810909
17.9 8.68196e-55 0.00821509
17.92 1.74876e-54 0.0083095
17.94 3.5155e-54 0.00839227
17.96 7.05317e-54 0.00846348
17.98 1.41229e-53 0.00852334
18 2.82232e-53 0.00857222
18.02 5.62899e-53 0.00861062
18.04 1.12046e-52 0.00863918
18.06 2.2259e-52 0.0086587
18.08 4.41322e-52 0.00867012
18.1 8.73268e-52 0.00867455
18.12 1.72458e-51 0.00867321
18.14 3.39906e-51 0.00866749
18.16 6.68618e-51 0.0086589
18.18 1.31262e-50 0.00864909
18.2 2.57183e-50 0.00863984
18.22 5.02907e-50 0.00863302
18.24 9.81467e-50 0.00863064
18.26 1.91164e-49 0.00863476
18.28 3.71601e-49 0.00864757
18.3 7.20926e-49 0.00867128
18.32 1.39588e-48 0.00870819
18.34 2.6974e-48 0.00876062
18.36 5.20218e-48 0.00883091
18.38 1.00131e-47 0.00892141
18.4 1.9235e-47 0.00903444
18.42 3.68773e-47 0.00917231
18.44 7.05616e-47 0.00933725
18.46 1.34747e-46 0.00953144
18.48 2.5681e-46 0.00975695
18.5 4.88481e-46 0.0100157
18.52 9.2731e-46 0.0103096
18.54 1.75689e-45 0.0106402
18.56 3.32205e-45 0.0110091
18.58 6.26917e-45 0.0114175
18.6 1.18074e-44 0.0118664
18.62 2.21944e-44 0.0123568
18.64 4.16365e-44 0.0128892
18.66 7.79555e-44 0.0134639
18.68 1.45667e-43 0.0140809
18.7 2.71655e-43 0.0147399
18.72 5.05611e-43 0.0154404
18.74 9.39198e-43 0.0161813
18.76 1.74117e-42 0.0169616
18.78 3.22155e-42 0.0177795
18.8 5.94884e-42 0.0186332
18.82 1.09633e-41 0.0195204
18.84 2.01648e-41 0.0204386
18.86 3.70158e-41 0.0213848
18.88 6.78146e-41 0.022356
18.9 1.23994e-40 0.0233485
18.92 2.26267e-40 0.0243586
18.94 4.12082e-40 0.0253823
18.96 7.4901e-40 0.0264154
18.98 1.35873e-39 0.0274533
19 2.45993e-39 0.0284916
19.02 4.44481e-39 0.0295254
19.04 8.01542e-39 0.0305499
19.06 1.44259e-38 0.0315603
19.08 2.59119e-38 0.0325516
19.1 4.64513e-38 0.033519
19.12 8.31074e-38 0.0344578
19.14 1.48396e-37 0.0353633
19.16 2.64453e-37 0.0362311
19.18 4.70345e-37 0.0370569
19.2 8.34885e-37 0.0378369
19.22 1.47904e-36 0.0385674
19.24 2.61501e-36 0.0392453
19.26 4.61434e-36 0.0398677
19.28 8.1262e-36 0.0404323
19.3 1.42826e-35 0.0409374
19.32 2.50537e-35 0.0413816
19.34 4.38608e-35 0.0417644
19.36 7.66343e-35 0.0420856
19.38 1.33633e-34 0.0423458
19.4 2.32565e-34 0.0425462
19.42 4.0394e-34 0.0426888
19.44 7.00217e-34 0.0427762
19.46 1.21141e-33 0.0428117
19.48 2.09166e-33 0.0427993
19.5 3.60439e-33 0.0427435
19.52 6.19892e-33 0.0426499
19.54 1.064e-32 0.0425243
19.56 1.82268e-32 0.0423735
19.58 3.11617e-32 0.0422046
19.6 5.31709e-32 0.0420254
19.62 9.05459e-32 0.0418442
19.64 1.53888e-31 0.0416699
19.66 2.61027e-31 0.0415117
19.68 4.41882e-31 0.041379
19.7 7.46568e-31 0.0412818
19.72 1.25885e-30 0.0412303
19.74 2.11847e-30 0.0412346
19.76 3.55805e-30 0.0413052
19.78 5.96409e-30 0.0414523
19.8 9.97742e-30 0.0416864
19.82 1.66584e-29 0.0420175
19.84 2.77583e-29 0.0424556
19.86 4.61629e-29 0.0430102
19.88 7.66188e-29 0.0436906
19.9 1.26917e-28 0.0445053
19.92 2.0982e-28 0.0454624
19.94 3.46191e-28 0.0465693
19.96 5.70068e-28 0.0478326
19.98 9.36872e-28 0.0492581
20 1.53665e-27 0.0508506
20.02 2.51543e-27 0.052614
20.04 4.10953e-27 0.0545509
20.06 6.70061e-27 0.056663
20.08 1.09038e-26 0.0589506
20.1 1.77086e-26 0.0614128
20.12 2.87033e-26 0.0640476
20.14 4.64326e-26 0.0668513
20.16 7.49644e-26 0.069819
20.18 1.2079e-25 0.0729446
20.2 1.94243e-25 0.0762202
20.22 3.11749e-25 0.0796368
20.24 4.99351e-25 0.0831841
20.26 7.98269e-25 0.0868504
20.28 1.2736e-24 0.0906225
20.3 2.02797e-24 0.0944863
20.32 3.22278e-24 0.0984264
20.34 5.11144e-24 0.102426
20.36 8.0909e-24 0.106469
20.38 1.27818e-23 0.110536
20.4 2.01526e-23 0.114608
20.42 3.17111e-23 0.118667
20.44 4.98004e-23 0.122691
20.46 7.80544e-23 0.126662
20.48 1.22097e-22 0.130558
20.5 1.90613e-22 0.13436
20.52 2.96991e-22 0.138048
20.54 4.61824e-22 0.141603
20.56 7.16723e-22 0.145006
20.58 1.11012e-21 0.14824
20.6 1.71604e-21 0.151287
20.62 2.64746e-21 0.154132
20.64 4.07637e-21 0.156761
20.66 6.26411e-21 0.159163
20.68 9.60698e-21 0.161325
20.7 1.47047e-20 0.16324
20.72 2.24631e-20 0.1649
20.74 3.42471e-20 0.166302
20.76 5.21099e-20 0.167444
20.78 7.91332e-20 0.168324
20.8 1.19933e-19 0.168947
20.82 1.8141e-19 0.169317
20.84 2.73859e-19 0.169443
20.86 4.12605e-19 0.169334
20.88 6.20417e-19 0.169004
20.9 9.31054e-19 0.168468
20.92 1.39447e-18 0.167744
20.94 2.08441e-18 0.166853
20.96 3.10958e-18 0.165817
20.98 4.6298e-18 0.16466
21 6.87961e-18 0.163411
21.02 1.02025e-17 0.162098
21.04 1.51006e-17 0.16075
21.06 2.23061e-17 0.159401
21.08 3.28847e-17 0.158083
21.1 4.83845e-17 0.156831
21.12 7.10495e-17 0.15568
21.14 1.04126e-16 0.154666
21.16 1.52299e-16 0.153825
21.18 2.2232e-16 0.153192
21.2 3.23893e-16 0.152803
21.22 4.70942e-16 0.152695
21.24 6.834e-16 0.152901
21.26 9.89749e-16 0.153454
21.28 1.4306e-15 0.154387
21.3 2.06372e-15 0.155729
21.32 2.97117e-15 0.157508
21.34 4.26919e-15 0.159751
21.36 6.12218e-15 0.162481
21.38 8.76211e-15 0.165717
21.4 1.25156e-14 0.169478
21.42 1.78419e-14 0.173778
21.44 2.53845e-14 0.178626
21.46 3.60446e-14 0.184029
21.48 5.10803e-14 0.189991
21.5 7.22452e-14 0.19651
21.52 1.01978e-13 0.203581
21.54 1.43663e-13 0.211193
21.56 2.01989e-13 0.219332
21.58 2.83434e-13 0.227981
21.6 3.96934e-13 0.237115
21.62 5.54787e-13 0.246707
21.64 7.73886e-13 0.256727
21.66 1.07738e-12 0.267137
21.68 1.49694e-12 0.277897
21.7 2.07578e-12 0.288965
21.72 2.87276e-12 0.300293
21.74 3.9679e-12 0.31183
21.76 5.4697e-12 0.323522
21.78 7.52505e-12 0.335313
21.8 1.03323e-11 0.347145
21.82 1.41588e-11 0.358957
21.84 1.93641e-11 0.370688
21.86 2.64309e-11 0.382274
21.88 3.60054e-11 0.393653
21.9 4.89515e-11 0.404763
21.92 6.64211e-11 0.41554
21.94 8.99474e-11 0.425925
21.96 1.21566e-10 0.435859
21.98 1.63976e-10 0.445284
22 2.20744e-10 0.454148
22.02 2.96578e-10 0.4624
22.04 3.97679e-10 0.469994
22.06 5.32191e-10 0.47689
22.08 7.10796e-10 0.48305
22.1 9.47467e-10 0.488443
22.12 1.26045e-09 0.493045
22.14 1.67351e-09 0.496837
22.16 2.21756e-09 0.499805
22.18 2.93267e-09 0.501945
22.2 3.87074e-09 0.503258
22.22 5.09877e-09 0.503751
22.24 6.70317e-09 0.503441
22.26 8.79502e-09 0.502349
22.28 1.15169e-08 0.500507
22.3 1.50514e-08 0.497949
22.32 1.96318e-08 0.494721
22.34 2.55555e-08 0.490872
22.36 3.3201e-08 0.486458
22.38 4.30488e-08 0.481543
22.4 5.57073e-08 0.476192
22.42 7.19458e-08 0.47048
22.44 9.27345e-08 0.464484
22.46 1.19294e-07 0.458285
22.48 1.53158e-07 0.451967
22.5 1.96246e-07 0.445619
22.52 2.50961e-07 0.43933
22.54 3.20296e-07 0.433191
22.56 4.07982e-07 0.427293
22.58 5.18646e-07 0.42173
22.6 6.58028e-07 0.41659
22.62 8.33219e-07 0.411965
22.64 1.05297e-06 0.407943
22.66 1.32805e-06 0.404606
22.68 1.67169e-06 0.402037
22.7 2.1001e-06 0.400313
22.72 2.63309e-06 0.399506
22.74 3.29483e-06 0.399681
22.76 4.11475e-06 0.400899
22.78 5.12856e-06 0.403213
22.8 6.37954e-06 0.40667
22.82 7.92001e-06 0.411307
22.84 9.81306e-06 0.417154
22.86 1.21346e-05 0.424234
22.88 1.49757e-05 0.432557
22.9 1.84456e-05 0.442126
22.92 2.26746e-05 0.452936
22.94 2.78182e-05 0.464969
22.96 3.40612e-05 0.4782
22.98 4.1623e-05 0.492591
23 5.07632e-05 0.508098
23.02 6.17883e-05 0.524664
23.04 7.50596e-05 0.542224
23.06 9.10014e-05 0.560706
23.08 0.000110111 0.580024
23.1 0.000132971 0.600089
23.12 0.00016026 0.620801
23.14 0.000192769 0.642054
23.16 0.000231414 0.663735
23.18 0.000277258 0.685726
23.2 0.000331529 0.707903
23.22 0.00039564 0.730139
23.24 0.000471217 0.752303
23.26 0.000560124 0.774264
23.28 0.000664492 0.795888
23.3 0.000786751 0.817041
23.32 0.000929666 0.837591
23.34 0.00109637 0.857408
23.36 0.00129042 0.876367
23.38 0.00151582 0.894344
23.4 0.00177708 0.911223
23.42 0.00207925 0.926895
23.44 0.00242801 0.941258
23.46 0.00282966 0.954218
23.48 0.00329125 0.965691
23.5 0.00382058 0.975604
23.52 0.0044263 0.983894
23.54 0.00511793 0.990511
23.56 0.00590594 0.995416
23.58 0.00680184 0.998583
23.6 0.00781819 1
23.62 0.00896867 0.999667
23.64 0.0102681 0.997597
23.66 0.0117327 0.993819
23.68 0.0133797 0.988371
23.7 0.0152278 0.981308
23.72 0.0172969 0.972694
23.74 0.0196084 0.962607
23.76 0.022185 0.951136
23.78 0.0250506 0.938381
23.8 0.0282306 0.92445
23.82 0.0317514 0.909461
23.84 0.0356408 0.893542
23.86 0.0399278 0.876824
23.88 0.0446421 0.859447
23.9 0.0498146 0.841555
23.92 0.0554767 0.823294
23.94 0.0616605 0.804814
23.96 0.0683983 0.786267
23.98 0.0757226 0.767802
24 0.0836658 0.749569
24.02 0.0922599 0.731716
24.04 0.101536 0.714387
24.06 0.111524 0.697719
24.08 0.122253 0.681847
24.1 0.13375 0.666896
24.12 0.14604 0.652987
24.14 0.159144 0.64023
24.16 0.173081 0.628725
24.18 0.187868 0.618563
24.2 0.203516 0.609826
24.22 0.220032 0.602581
24.24 0.237419 0.596886
24.26 0.255675 0.592785
24.28 0.274792 0.590311
24.3 0.294755 0.589482
24.32 0.315545 0.590307
24.34 0.337136 0.592777
24.36 0.359493 0.596873
24.38 0.382578 0.602564
24.4 0.406342 0.609804
24.42 0.430731 0.618535
24.44 0.455685 0.628689
24.46 0.481135 0.640186
24.48 0.507005 0.652934
24.5 0.533215 0.666831
24.52 0.559675 0.681767
24.54 0.586292 0.697623
24.56 0.612967 0.714271
24.58 0.639596 0.731578
24.6 0.66607 0.749404
24.62 0.692278 0.767604
24.64 0.718105 0.786031
24.66 0.743434 0.804534
24.68 0.76815 0.822962
24.7 0.792134 0.841161
24.72 0.81527 0.858982
24.74 0.837445 0.876276
24.76 0.858546 0.892897
24.78 0.878468 0.908704
24.8 0.897108 0.923561
24.82 0.91437 0.937341
24.84 0.930165 0.949922
24.86 0.944414 0.961192
24.88 0.957043 0.971048
24.9 0.96799 0.979397
24.92 0.977205 0.986158
24.94 0.984645 0.99126
24.96 0.990282 0.994644
24.98 0.994099 0.996266
25 0.996091 0.996091
25.02 0.996266 0.994099
25.04 0.994644 0.990282
25.06 0.99126 0.984645
25.08 0.986158 0.977205
25.1 0.979397 0.96799
25.12 0.971048 0.957043
25.14 0.961192 0.944414
25.16 0.949922 0.930165
25.18 0.937341 0.91437
25.2 0.923561 0.897108
25.22 0.908704 0.878468
25.24 0.892897 0.858546
25.26 0.876276 0.837445
25.28 0.858982 0.81527
25.3 0.841161 0.792134
25.32 0.822962 0.76815
25.34 0.804534 0.743434
25.36 0.786031 0.718105
25.38 0.767604 0.692278
25.4 0.749404 0.66607
25.42 0.731578 0.639596
25.44 0.714271 0.612967
25.46 0.697623 0.586292
25.48 0.681767 0.559675
25.5 0.666831 0.533215
25.52 0.652934 0.507005
25.54 0.640186 0.481135
25.56 0.628689 0.455685
25.58 0.618535 0.430731
25.6 0.609804 0.406342
25.62 0.602564 0.382578
25.64 0.596873 0.359493
25.66 0.592777 0.337136
25.68 0.590307 0.315545
25.7 0.589482 0.294755
25.72 0.590311 0.274792
25.74 0.592785 0.255675
25.76 0.596886 0.237419
25.78 0.602581 0.220032
25.8 0.609826 0.203516
25.82 0.618563 0.187868
25.84 0.628725 0.173081
25.86 0.64023 0.159144
25.88 0.652987 0.14604
25.9 0.666896 0.13375
25.92 0.681847 0.122253
25.94 0.697719 0.111524
25.96 0.714387 0.101536
25.98 0.731716 0.0922599
26 0.749569 0.0836658
26.02 0.767802 0.0757226
26.04 0.786267 0.0683983
26.06 0.804814 0.0616605
26.08 0.823294 0.0554767
26.1 0.841555 0.0498146
26.12 0.859447 0.0446421
26.14 0.876824 0.0399278
26.16 0.893542 0.0356408
26.18 0.909461 0.0317514
26.2 0.92445 0.0282306
26.22 0.938381 0.0250506
26.24 0.951136 0.022185
26.26 0.962607 0.0196084
26.28 0.972694 0.0172969
26.3 0.981308 0.0152278
26.32 0.988371 0.0133797
26.34 0.993819 0.0117327
26.36 0.997597 0.0102681
26.38 0.999667 0.00896867
26.4 1 0.00781819
26.42 0.998583 0.00680184
26.44 0.995416 0.00590594
26.46 0.990511 0.00511793
26.48 0.983894 0.0044263
26.5 0.975604 0.00382058
26.52 0.965691 0.00329125
26.54 0.954218 0.00282966
26.56 0.941258 0.00242801
26.58 0.926895 0.00207925
26.6 0.911223 0.00177708
26.62 0.894344 0.00151582
26.64 0.876367 0.00129042
26.66 0.857408 0.00109637
26.68 0.837591 0.000929666
26.7 0.817041 0.000786751
26.72 0.795888 0.000664492
26.74 0.774264 0.000560124
26.76 0.752303 0.000471217
26.78 0.730139 0.00039564
26.8 0.707903 0.000331529
26.82 0.685726 0.000277258
26.84 0.663735 0.000231414
26.86 0.642054 0.000192769
26.88 0.620801 0.00016026
26.9 0.600089 0.000132971
26.92 0.580024 0.000110111
26.94 0.560706 9.10014e-05
26.96 0.542224 7.50596e-05
26.98 0.524664 6.17883e-05
27 0.508098 5.07632e-05
27.02 0.492591 4.1623e-05
27.04 0.4782 3.40612e-05
27.06 0.464969 2.78182e-05
27.08 0.452936 2.26746e-05
27.1 0.442126 1.84456e-05
27.12 0.432557 1.49757e-05
27.14 0.424234 1.21346e-05
27.16 0.417154 9.81306e-06
27.18 0.411307 7.92001e-06
27.2 0.40667 6.37954e-06
27.22 0.403213 5.12856e-06
27.24 0.400899 4.11475e-06
27.26 0.399681 3.29483e-06
27.28 0.399506 2.63309e-06
27.3 0.400313 2.1001e-06
27.32 0.402037 1.67169e-06
27.34 0.404606 1.32805e-06
27.36 0.407943 1.05297e-06
27.38 0.411965 8.33219e-07
27.4 0.41659 6.58028e-07
27.42 0.42173 5.18646e-07
27.44 0.427293 4.07982e-07
27.46 0.433191 3.20296e-07
27.48 0.43933 2.50961e-07
27.5 0.445619 1.96246e-07
27.52 0.451967 1.53158e-07
27.54 0.458285 1.19294e-07
27.56 0.464484 9.27345e-08
27.58 0.47048 7.19458e-08
27.6 0.476192 5.57073e-08
27.62 0.481543 4.30488e-08
27.64 0.486458 3.3201e-08
27.66 0.490872 2.55555e-08
27.68 0.494721 1.96318e-08
27.7 0.497949 1.50514e-08
27.72 0.500507 1.15169e-08
27.74 0.502349 8.79502e-09
27.76 0.503441 6.70317e-09
27.78 0.503751 5.09877e-09
27.8 0.503258 3.87074e-09
27.82 0.501945 2.93267e-09
27.84 0.499805 2.21756e-09
27.86 0.496837 1.67351e-09
27.88 0.493045 1.26045e-09
27.9 0.488443 9.47467e-10
27.92 0.48305 7.10796e-10
27.94 0.47689 5.32191e-10
27.96 0.469994 3.97679e-10
27.98 0.4624 2.96578e-10
28 0.454148 2.20744e-10
28.02 0.445284 1.63976e-10
28.04 0.435859 1.21566e-10
28.06 0.425925 8.99474e-11
28.08 0.41554 6.64211e-11
28.1 0.404763 4.89515e-11
28.12 0.393653 3.60054e-11
28.14 0.382274 2.64309e-11
28.16 0.370688 1.93641e-11
28.18 0.358957 1.41588e-11
28.2 0.347145 1.03323e-11
28.22 0.335313 7.52505e-12
28.24 0.323522 5.4697e-12
28.26 0.31183 3.9679e-12
28.28 0.300293 2.87276e-12
28.3 0.288965 2.07578e-12
28.32 0.277897 1.49694e-12
28.34 0.267137 1.07738e-12
28.36 0.256727 7.73886e-13
28.38 0.246707 5.54787e-13
28.4 0.237115 3.96934e-13
28.42 0.227981 2.83434e-13
28.44 0.219332 2.01989e-13
28.46 0.211193 1.43663e-13
28.48 0.203581 1.01978e-13
28.5 0.19651 7.22452e-14
28.52 0.189991 5.10803e-14
28.54 0.184029 3.60446e-14
28.56 0.178626 2.53845e-14
28.58 0.173778 1.78419e-14
28.6 0.169478 1.25156e-14
28.62 0.165717 8.76211e-15
28.64 0.162481 6.12218e-15
28.66 0.159751 4.26919e-15
28.68 0.157508 2.97117e-15
28.7 0.155729 2.06372e-15
28.72 0.154387 1.4306e-15
28.74 0.153454 9.89749e-16
28.76 0.152901 6.834e-16
28.78 0.152695 4.70942e-16
28.8 0.152803 3.23893e-16
28.82 0.153192 2.2232e-16
28.84 0.153825 1.52299e-16
28.86 0.154666 1.04126e-16
28.88 0.15568 7.10495e-17
28.9 0.156831 4.83845e-17
28.92 0.158083 3.28847e-17
28.94 0.159401 2.23061e-17
28.96 0.16075 1.51006e-17
28.98 0.162098 1.02025e-17
29 0.163411 6.87961e-18
29.02 0.16466 4.6298e-18
29.04 0.165817 3.10958e-18
29.06 0.166853 2.08441e-18
29.08 0.167744 1.39447e-18
29.1 0.168468 9.31054e-19
29.12 0.169004 6.20417e-19
29.14 0.169334 4.12605e-19
29.16 0.169443 2.73859e-19
29.18 0.169317 1.8141e-19
29.2 0.168947 1.19933e-19
29.22 0.168324 7.91332e-20
29.24 0.167444 5.21099e-20
29.26 0.166302 3.42471e-20
29.28 0.1649 2.24631e-20
29.3 0.16324 1.47047e-20
29.32 0.161325 9.60698e-21
29.34 0.159163 6.26411e-21
29.36 0.156761 4.07637e-21
29.38 0.154132 2.64746e-21
29.4 0.151287 1.71604e-21
29.42 0.14824 1.11012e-21
29.44 0.145006 7.16723e-22
29.46 0.141603 4.61824e-22
29.48 0.138048 2.96991e-22
29.5 0.13436 1.90613e-22
29.52 0.130558 1.22097e-22
29.54 0.126662 7.80544e-23
29.56 0.122691 4.98004e-23
29.58 0.118667 3.17111e-23
29.6 0.114608 2.01526e-23
29.62 0.110536 1.27818e-23
29.64 0.106469 8.0909e-24
29.66 0.102426 5.11144e-24
29.68 0.0984264 3.22278e-24
29.7 0.0944863 2.02797e-24
29.72 0.0906225 1.2736e-24
29.74 0.0868504 7.98269e-25
29.76 0.0831841 4.99351e-25
29.78 0.0796368 3.11749e-25
29.8 0.0762202 1.94243e-25
29.82 0.0729446 1.2079e-25
29.84 0.069819 7.49644e-26
29.86 0.0668513 4.64326e-26
29.88 0.0640476 2.87033e-26
29.9 0.0614128 1.77086e-26
29.92 0.0589506 1.09038e-26
29.94 0.056663 6.70061e-27
29.96 0.0545509 4.10953e-27
29.98 0.052614 2.51543e-27
30 0.0508506 1.53665e-27
30.02 0.0492581 9.36872e-28
30.04 0.0478326 5.70068e-28
30.06 0.0465693 3.46191e-28
30.08 0.0454624 2.0982e-28
30.1 0.0445053 1.26917e-28
30.12 0.0436906 7.66188e-29
30.14 0.0430102 4.61629e-29
30.16 0.0424556 2.77583e-29
30.18 0.0420175 1.66584e-29
30.2 0.0416864 9.97742e-30
30.22 0.0414523 5.96409e-30
30.24 0.0413052 3.55805e-30
30.26 0.0412346 2.11847e-30
30.28 0.0412303 1.25885e-30
30.3 0.0412818 7.46568e-31
30.32 0.041379 4.41882e-31
30.34 0.0415117 2.61027e-31
30.36 0.0416699 1.53888e-31
30.38 0.0418442 9.05459e-32
30.4 0.0420254 5.31709e-32
30.42 0.0422046 3.11617e-32
30.44 0.0423735 1.82268e-32
30.46 0.0425243 1.064e-32
30.48 0.0426499 6.19892e-33
30.5 0.0427435 3.60439e-33
30.52 0.0427993 2.09166e-33
30.54 0.0428117 1.21141e-33
30.56 0.0427762 7.00217e-34
30.58 0.0426888 4.0394e-34
30.6 0.0425462 2.32565e-34
30.62 0.0423458 1.33633e-34
30.64 0.0420856 7.66343e-35
30.66 0.0417644 4.38608e-35
30.68 0.0413816 2.50537e-35
30.7 0.0409374 1.42826e-35
30.72 0.0404323 8.1262e-36
30.74 0.0398677 4.61434e-36
30.76 0.0392453 2.61501e-36
30.78 0.0385674 1.47904e-36
30.8 0.0378369 8.34885e-37
30.82 0.0370569 4.70345e-37
30.84 0.0362311 2.64453e-37
30.86 0.0353633 1.48396e-37
30.88 0.0344578 8.31074e-38
30.9 0.033519 4.64513e-38
30.92 0.0325516 2.59119e-38
30.94 0.0315603 1.44259e-38
30.96 0.0305499 8.01542e-39
30.98 0.0295254 4.44481e-39
31 0.0284916 2.45993e-39
31.02 0.0274533 1.35873e-39
31.04 0.0264154 7.4901e-40
31.06 0.0253823 4.12082e-40
31.08 0.0243586 2.26267e-40
31.1 0.0233485 1.23994e-40
31.12 0.022356 6.78146e-41
31.14 0.0213848 3.70158e-41
31.16 0.0204386 2.01648e-41
31.18 0.0195204 1.09633e-41
31.2 0.0186332 5.94884e-42
31.22 0.0177795 3.22155e-42
31.24 0.0169616 1.74117e-42
31.26 0.0161813 9.39198e-43
31.28 0.0154404 5.05611e-43
31.3 0.0147399 2.71655e-43
31.32 0.0140809 1.45667e-43
31.34 0.0134639 7.79555e-44
31.36 0.0128892 4.16365e-44
31.38 0.0123568 2.21944e-44
31.4 0.0118664 1.18074e-44
31.42 0.0114175 6.26917e-45
31.44 0.0110091 3.32205e-45
31.46 0.0106402 1.75689e-45
31.48 0.0103096 9.2731e-46
31.5 0.0100157 4.88481e-46
31.52 0.00975695 2.5681e-46
31.54 0.00953144 1.34747e-46
31.56 0.00933725 7.05616e-47
31.58 0.00917231 3.68773e-47
31.6 0.00903444 1.9235e-47
31.62 0.00892141 1.00131e-47
31.64 0.00883091 5.20218e-48
31.66 0.00876062 2.6974e-48
31.68 0.00870819 1.39588e-48
31.7 0.00867128 7.20926e-49
31.72 0.00864757 3.71601e-49
31.74 0.00863476 1.91164e-49
31.76 0.00863064 9.81467e-50
31.78 0.00863302 5.02907e-50
31.8 0.00863984 2.57183e-50
31.82 0.00864909 1.31262e-50
31.84 0.0086589 6.68618e-51
31.86 0.00866749 3.39906e-51
31.88 0.00867321 1.72458e-51
31.9 0.00867455 8.73268e-52
31.92 0.00867012 4.41322e-52
31.94 0.0086587 2.2259e-52
31.96 0.00863918 1.12046e-52
31.98 0.00861062 5.62899e-53
32 0.00857222 2.82232e-53
32.02 0.00852334 1.41229e-53
32.04 0.00846348 7.05317e-54
32.06 0.00839227 3.5155e-54
32.08 0.0083095 1.74876e-54
32.1 0.00821509 8.68196e-55
32.12 0.00810909 4.30177e-55
32.14 0.00799167 2.12725e-55
32.16 0.00786313 1.04986e-55
32.18 0.00772385 5.17113e-56
32.2 0.00757434 2.54204e-56
32.22 0.00741519 1.24716e-56
32.24 0.00724707 6.10667e-57
32.26 0.00707071 2.9842e-57
32.28 0.00688691 1.45544e-57
32.3 0.00669653 7.08438e-58
32.32 0.00650045 3.44153e-58
32.34 0.0062996 1.66857e-58
32.36 0.00609491 8.07381e-59
32.38 0.00588734 3.89901e-59
32.4 0.00567784 1.8792e-59
32.42 0.00546735 9.03929e-60
32.44 0.0052568 4.33948e-60
32.46 0.00504709 2.07913e-60
32.48 0.00483909 9.9419e-61
32.5 0.00463365 4.74459e-61
32.52 0.00443154 2.2598e-61
32.54 0.00423352 1.0742e-61
32.56 0.00404026 5.09612e-62
32.58 0.00385241 2.41289e-62
32.6 0.00367053 1.14019e-62
32.62 0.00349513 5.37724e-63
32.64 0.00332665 2.53095e-63
32.66 0.00316548 1.18891e-63
32.68 0.00301194 5.57389e-64
32.7 0.00286627 2.60801e-64
32.72 0.00272866 1.21787e-64
32.74 0.00259924 5.67593e-65
32.76 0.00247808 2.64006e-65
32.78 0.00236517 1.22556e-65
32.8 0.00226048 5.67799e-66
32.82 0.0021639 2.62542e-66
32.84 0.00207529 1.21156e-66
32.86 0.00199444 5.57996e-67
32.88 0.00192113 2.56485e-67
32.9 0.00185507 1.17661e-67
32.92 0.00179597 5.38701e-68
32.94 0.00174348 2.46152e-68
32.96 0.00169724 1.12254e-68
32.98 0.00165686 5.10908e-69
33 0.00162194 2.32073e-69
