x E
0 0
0.05 0.042403
0.1 0.169547
0.15 0.381235
0.2 0.677141
0.25 1.05681
0.3 1.51965
0.35 2.06496
0.4 2.69189
0.45 3.39948
0.5 4.18663
0.55 5.05213
0.6 5.99464
0.65 7.01272
0.7 8.10479
0.75 9.26917
0.8 10.5041
0.85 11.8076
0.9 13.1777
0.95 14.6123
1 16.1091
1.05 17.666
1.1 19.2804
1.15 20.9498
1.2 22.6718
1.25 24.4436
1.3 26.2626
1.35 28.1258
1.4 30.0305
1.45 31.9737
1.5 33.9524
1.55 35.9636
1.6 38.0041
1.65 40.0708
1.7 42.1605
1.75 44.27
1.8 46.3961
1.85 48.5354
1.9 50.6847
1.95 52.8407
2 55
2.05 57.1593
2.1 59.3153
2.15 61.4646
2.2 63.6039
2.25 65.73
2.3 67.8395
2.35 69.9292
2.4 71.9959
2.45 74.0364
2.5 76.0476
2.55 78.0263
2.6 79.9695
2.65 81.8742
2.7 83.7374
2.75 85.5564
2.8 87.3282
2.85 89.0502
2.9 90.7196
2.95 92.334
3 93.8909
3.05 95.3877
3.1 96.8223
3.15 98.1924
3.2 99.4959
3.25 100.731
3.3 101.895
3.35 102.987
3.4 104.005
3.45 104.948
3.5 105.813
3.55 106.601
3.6 107.308
3.65 107.935
3.7 108.48
3.75 108.943
3.8 109.323
3.85 109.619
3.9 109.83
3.95 109.958
4 110
4.05 109.846
4.1 109.388
4.15 108.638
4.2 107.613
4.25 106.339
4.3 104.847
4.35 103.175
4.4 101.363
4.45 99.4554
4.5 97.5
4.55 95.5446
4.6 93.6373
4.65 91.8251
4.7 90.1527
4.75 88.6612
4.8 87.3873
4.85 86.3624
4.9 85.6118
4.95 85.1539
5 85
5.05 85.0616
5.1 85.2447
5.15 85.545
5.2 85.9549
5.25 86.4645
5.3 87.0611
5.35 87.73
5.4 88.4549
5.45 89.2178
5.5 90
5.55 90.7822
5.6 91.5451
5.65 92.27
5.7 92.9389
5.75 93.5355
5.8 94.0451
5.85 94.455
5.9 94.7553
5.95 94.9384
6 95
6.05 94.9518
6.1 94.8073
6.15 94.5668
6.2 94.2305
6.25 93.7991
6.3 93.2731
6.35 92.6535
6.4 91.941
6.45 91.137
6.5 90.2425
6.55 89.2589
6.6 88.1879
6.65 87.031
6.7 85.79
6.75 84.4669
6.8 83.0636
6.85 81.5823
6.9 80.0254
6.95 78.3952
7 76.6942
7.05 74.925
7.1 73.0905
7.15 71.1934
7.2 69.2366
7.25 67.2231
7.3 65.1562
7.35 63.0388
7.4 60.8744
7.45 58.6662
7.5 56.4177
7.55 54.1323
7.6 51.8136
7.65 49.465
7.7 47.0903
7.75 44.6931
7.8 42.2772
7.85 39.8461
7.9 37.4037
7.95 34.9537
8 32.5
8.05 30.0463
8.1 27.5963
8.15 25.1539
8.2 22.7228
8.25 20.3069
8.3 17.9097
8.35 15.535
8.4 13.1864
8.45 10.8677
8.5 8.58229
8.55 6.33377
8.6 4.12559
8.65 1.96117
8.7 -0.15616
8.75 -2.22314
8.8 -4.23658
8.85 -6.19337
8.9 -8.0905
8.95 -9.92505
9 -11.6942
9.05 -13.3952
9.1 -15.0254
9.15 -16.5823
9.2 -18.0636
9.25 -19.4669
9.3 -20.79
9.35 -22.031
9.4 -23.1879
9.45 -24.2589
9.5 -25.2425
9.55 -26.137
9.6 -26.941
9.65 -27.6535
9.7 -28.2731
9.75 -28.7991
9.8 -29.2305
9.85 -29.5668
9.9 -29.8073
9.95 -29.9518
10 -30
