x y
0.433013 0.75
0.866025 -2.498e-16
1.29904 0.75
-0.433013 0.75
-2.4895e-17 1.5
-0.866025 -8.32667e-17
-0.433013 -0.75
0.433013 -0.75
1.29904 -0.75
2.16506 0.75
2.59808 -2.498e-16
3.03109 0.75
1.73205 1.5
2.16506 -0.75
3.03109 -0.75
3.89711 0.75
4.33013 -2.498e-16
4.76314 0.75
3.4641 1.5
3.89711 -0.75
4.76314 -0.75
5.62917 0.75
6.06218 -2.498e-16
6.49519 0.75
5.19615 1.5
5.62917 -0.75
6.49519 -0.75
7.36122 0.75
7.79423 -2.498e-16
8.22724 0.75
6.9282 1.5
7.36122 -0.75
8.22724 -0.75
9.09327 0.75
9.52628 -2.498e-16
9.95929 0.75
8.66025 1.5
9.09327 -0.75
9.95929 -0.75
10.8253 0.75
11.2583 -2.498e-16
11.6913 0.75
10.3923 1.5
10.8253 -0.75
1.29904 2.25
2.16506 2.25
0.433013 2.25
0.866025 3
-0.433013 2.25
3.03109 2.25
3.89711 2.25
2.59808 3
4.76314 2.25
5.62917 2.25
4.33013 3
6.49519 2.25
7.36122 2.25
6.06218 3
8.22724 2.25
9.09327 2.25
7.79423 3
9.95929 2.25
10.8253 2.25
9.52628 3
11.6913 2.25
12.1244 1.5
11.2583 3
0.433013 3.75
1.29904 3.75
-0.433013 3.75
-2.4895e-17 4.5
-0.866025 3
2.16506 3.75
3.03109 3.75
1.73205 4.5
3.89711 3.75
4.76314 3.75
3.4641 4.5
5.62917 3.75
6.49519 3.75
5.19615 4.5
7.36122 3.75
8.22724 3.75
6.9282 4.5
9.09327 3.75
9.95929 3.75
8.66025 4.5
10.8253 3.75
11.6913 3.75
10.3923 4.5
1.29904 5.25
2.16506 5.25
0.433013 5.25
0.866025 6
-0.433013 5.25
3.03109 5.25
3.89711 5.25
2.59808 6
4.76314 5.25
5.62917 5.25
4.33013 6
6.49519 5.25
7.36122 5.25
6.06218 6
8.22724 5.25
9.09327 5.25
7.79423 6
9.95929 5.25
10.8253 5.25
9.52628 6
11.6913 5.25
12.1244 4.5
11.2583 6
0.433013 6.75
1.29904 6.75
-0.433013 6.75
-2.4895e-17 7.5
-0.866025 6
2.16506 6.75
3.03109 6.75
1.73205 7.5
3.89711 6.75
4.76314 6.75
3.4641 7.5
5.62917 6.75
6.49519 6.75
5.19615 7.5
7.36122 6.75
8.22724 6.75
6.9282 7.5
9.09327 6.75
9.95929 6.75
8.66025 7.5
10.8253 6.75
11.6913 6.75
10.3923 7.5
1.29904 8.25
2.16506 8.25
0.433013 8.25
3.03109 8.25
3.89711 8.25
4.76314 8.25
5.62917 8.25
6.49519 8.25
7.36122 8.25
8.22724 8.25
9.09327 8.25
9.95929 8.25
10.8253 8.25
11.6913 8.25
12.1244 7.5
