invT lgn lgni
1 17.9488 17.9485
1.2 17.1889 17.1875
1.4 16.4596 16.452
1.6 15.7754 15.7356
1.8 15.2283 15.0342
2 15.0198 14.3448
2.2 15.0009 13.6652
2.4 15 12.9938
2.6 14.9999 12.3294
2.8 14.9999 11.671
3 14.9999 11.0176
3.2 14.9999 10.3687
3.4 14.9998 9.72379
3.6 14.9998 9.08233
3.8 14.9998 8.44396
4 14.9997 7.80838
4.2 14.9997 7.17529
4.4 14.9996 6.54445
4.6 14.9995 5.91567
4.8 14.9994 5.28877
5 14.9993 4.66357
5.2 14.9992 4.03994
5.4 14.9991 3.41777
5.6 14.9989 2.79693
5.8 14.9987 2.17732
6 14.9985 1.55887
6.2 14.9983 0.941487
6.4 14.998 0.325102
6.6 14.9977 -0.290351
6.8 14.9973 -0.90493
7 14.9969 -1.51869
7.2 14.9964 -2.13168
7.4 14.9958 -2.74395
7.6 14.9952 -3.35553
7.8 14.9944 -3.96646
8 14.9936 -4.57679
8.2 14.9927 -5.18653
8.4 14.9916 -5.79573
8.6 14.9904 -6.40441
8.8 14.989 -7.01259
9 14.9874 -7.6203
9.2 14.9856 -8.22757
9.4 14.9837 -8.8344
9.6 14.9814 -9.44083
9.8 14.9789 -10.0469
10 14.9761 -10.6525
10.2 14.973 -11.2578
10.4 14.9695 -11.8628
10.6 14.9656 -12.4674
10.8 14.9613 -13.0718
11 14.9566 -13.6758
11.2 14.9513 -14.2795
11.4 14.9456 -14.8829
11.6 14.9394 -15.4861
11.8 14.9326 -16.089
12 14.9252 -16.6917
12.2 14.9172 -17.2941
12.4 14.9086 -17.8963
12.6 14.8994 -18.4983
12.8 14.8895 -19.1
13 14.879 -19.7016
13.2 14.8679 -20.3029
13.4 14.8561 -20.9041
13.6 14.8436 -21.505
13.8 14.8306 -22.1058
14 14.8169 -22.7064
14.2 14.8026 -23.3068
14.4 14.7877 -23.9071
14.6 14.7722 -24.5072
14.8 14.7562 -25.1071
15 14.7397 -25.7069
15.2 14.7227 -26.3065
15.4 14.7051 -26.906
15.6 14.6871 -27.5053
15.8 14.6687 -28.1045
16 14.6498 -28.7036
16.2 14.6306 -29.3026
16.4 14.6109 -29.9014
16.6 14.5909 -30.5001
16.8 14.5706 -31.0987
17 14.55 -31.6971
17.2 14.529 -32.2955
17.4 14.5078 -32.8937
17.6 14.4863 -33.4918
17.8 14.4646 -34.0899
18 14.4427 -34.6878
18.2 14.4205 -35.2856
18.4 14.3981 -35.8833
18.6 14.3755 -36.481
18.8 14.3528 -37.0785
19 14.3299 -37.6759
19.2 14.3068 -38.2733
19.4 14.2836 -38.8706
19.6 14.2603 -39.4677
19.8 14.2368 -40.0648
20 14.2133 -40.6618
20.2 14.1896 -41.2588
20.4 14.1658 -41.8556
20.6 14.1419 -42.4524
20.8 14.118 -43.0491
21 14.0939 -43.6457
21.2 14.0698 -44.2423
21.4 14.0456 -44.8388
21.6 14.0214 -45.4352
21.8 13.9971 -46.0316
22 13.9728 -46.6278
22.2 13.9484 -47.2241
22.4 13.9239 -47.8202
22.6 13.8994 -48.4163
22.8 13.8749 -49.0123
23 13.8503 -49.6083
23.2 13.8258 -50.2042
23.4 13.8011 -50.8001
23.6 13.7765 -51.3959
23.8 13.7518 -51.9916
24 13.7271 -52.5873
24.2 13.7024 -53.1829
24.4 13.6777 -53.7785
24.6 13.653 -54.374
24.8 13.6282 -54.9695
25 13.6035 -55.5649
