E i
-1.2 -10
-1.19 -10
-1.18 -10
-1.17 -10
-1.16 -10
-1.15 -10
-1.14 -10
-1.13 -10
-1.12 -10
-1.11 -10
-1.1 -10
-1.09 -10
-1.08 -10
-1.07 -10
-1.06 -10
-1.05 -10
-1.04 -10
-1.03 -10
-1.02 -10
-1.01 -10
-1 -10
-0.99 -10
-0.98 -10
-0.97 -10
-0.96 -10
-0.95 -8.86271
-0.94 -7.3169
-0.93 -6.0407
-0.92 -4.98709
-0.91 -4.11725
-0.9 -3.39913
-0.89 -2.80626
-0.88 -2.3168
-0.87 -1.91271
-0.86 -1.5791
-0.85 -1.30367
-0.84 -1.07629
-0.83 -0.888565
-0.82 -0.733584
-0.81 -0.605633
-0.8 -0.5
-0.79 -0.412791
-0.78 -0.340793
-0.77 -0.281352
-0.76 -0.23228
-0.75 -0.191766
-0.74 -0.158318
-0.73 -0.130705
-0.72 -0.107908
-0.71 -0.0890865
-0.7 -0.0735482
-0.69 -0.0607201
-0.68 -0.0501294
-0.67 -0.0413859
-0.66 -0.0341675
-0.65 -0.0282081
-0.64 -0.0232881
-0.63 -0.0192262
-0.62 -0.0158728
-0.61 -0.0131043
-0.6 -0.0108187
-0.59 -0.00893171
-0.58 -0.00737386
-0.57 -0.00608773
-0.56 -0.00502592
-0.55 -0.00414931
-0.54 -0.00342559
-0.53 -0.00282811
-0.52 -0.00233484
-0.51 -0.0019276
-0.5 -0.00159139
-0.49 -0.00131382
-0.48 -0.00108467
-0.47 -0.000895483
-0.46 -0.000739295
-0.45 -0.000610348
-0.44 -0.000503893
-0.43 -0.000416005
-0.42 -0.000343446
-0.41 -0.000283543
-0.4 0
-0.39 0
-0.38 0
-0.37 0
-0.36 0
-0.35 0
-0.34 0
-0.33 0
-0.32 0
-0.31 0
-0.3 0
-0.29 0
-0.28 0
-0.27 0
-0.26 0
-0.25 0
-0.24 0
-0.23 0
-0.22 0
-0.21 0
-0.2 0
-0.19 0
-0.18 0
-0.17 0
-0.16 0
-0.15 0
-0.14 0
-0.13 0
-0.12 0
-0.11 0
-0.1 0
-0.09 0
-0.08 0
-0.07 0
-0.06 0
-0.05 0
-0.04 0
-0.03 0
-0.02 0
-0.01 0
0 0
0.01 0
0.02 0
0.03 0
0.04 0
0.05 0
0.06 0
0.07 0
0.08 0
0.09 0
0.1 0
0.11 0
0.12 0
0.13 0
0.14 0
0.15 0
0.16 0
0.17 0
0.18 0
0.19 0
0.2 0
0.21 0
0.22 0
0.23 0
0.24 0
0.25 0
0.26 0
0.27 0
0.28 0
0.29 0
0.3 0
0.31 0
0.32 0
0.33 0
0.34 0
0.35 0
0.36 0
0.37 0
0.38 0
0.39 0
0.4 0
0.41 0
0.42 0
0.43 0
0.44 0
0.45 0
0.46 0
0.47 0
0.48 0
0.49 0
0.5 0
0.51 0
0.52 0
0.53 0
0.54 0
0.55 0
0.56 0
0.57 0
0.58 0
0.59 0
0.6 0
0.61 0
0.62 0
0.63 0
0.64 0
0.65 0
0.66 0
0.67 0
0.68 0
0.69 0
0.7 0
0.71 0
0.72 0
0.73 0
0.74 0
0.75 0
0.76 0
0.77 0
0.78 0
0.79 0
0.8 0
0.81 0
0.82 0
0.83 0
0.84 0
0.85 0
0.86 0
0.87 0
0.88 0
0.89 0
0.9 0
0.91 0
0.92 0
0.93 0
0.94 0
0.95 0
0.96 0
0.97 0
0.98 0
0.99 0
1 0
1.01 0
1.02 0
1.03 0
1.04 0
1.05 0
1.06 0
1.07 0
1.08 0
1.09 0
1.1 0
1.11 0
1.12 0
1.13 0
1.14 0
1.15 0
1.16 0
1.17 0
1.18 0
1.19 0
1.2 0
1.21 0.000283543
1.22 0.000343446
1.23 0.000416005
1.24 0.000503893
1.25 0.000610348
1.26 0.000739295
1.27 0.000895483
1.28 0.00108467
1.29 0.00131382
1.3 0.00159139
1.31 0.0019276
1.32 0.00233484
1.33 0.00282811
1.34 0.00342559
1.35 0.00414931
1.36 0.00502592
1.37 0.00608773
1.38 0.00737386
1.39 0.00893171
1.4 0.0108187
1.41 0.0131043
1.42 0.0158728
1.43 0.0192262
1.44 0.0232881
1.45 0.0282081
1.46 0.0341675
1.47 0.0413859
1.48 0.0501294
1.49 0.0607201
1.5 0.0735482
1.51 0.0890865
1.52 0.107908
1.53 0.130705
1.54 0.158318
1.55 0.191766
1.56 0.23228
1.57 0.281352
1.58 0.340793
1.59 0.412791
1.6 0.5
1.61 0.605633
1.62 0.733584
1.63 0.888565
1.64 1.07629
1.65 1.30367
1.66 1.5791
1.67 1.91271
1.68 2.3168
1.69 2.80626
1.7 3.39913
1.71 4.11725
1.72 4.98709
1.73 6.0407
1.74 7.3169
1.75 8.86271
1.76 10
1.77 10
1.78 10
1.79 10
1.8 10
1.81 10
1.82 10
1.83 10
1.84 10
1.85 10
1.86 10
1.87 10
1.88 10
1.89 10
1.9 10
1.91 10
1.92 10
1.93 10
1.94 10
1.95 10
1.96 10
1.97 10
1.98 10
1.99 10
2 10
