E_mV i_uA
299.946 -0.00397384
297.948 -0.000426025
295.95 -0.000348181
293.952 -0.000326724
291.954 -0.000323607
289.956 -0.000329633
287.958 -0.000341428
285.96 -0.000357491
283.963 -0.000377095
281.965 -0.000399882
279.967 -0.000425701
277.915 -0.000455339
275.917 -0.000487287
273.919 -0.00052239
271.921 -0.000560802
269.923 -0.000602708
267.925 -0.000648331
265.927 -0.000697921
263.929 -0.00075176
261.931 -0.000810161
259.933 -0.000873464
257.881 -0.000943977
255.884 -0.0010184
253.886 -0.00109898
251.888 -0.00118617
249.89 -0.00128052
247.892 -0.00138259
245.894 -0.00149299
243.896 -0.0016124
241.898 -0.00174152
239.9 -0.00188115
237.848 -0.00203637
235.85 -0.00219995
233.852 -0.0023768
231.854 -0.00256799
229.856 -0.00277468
227.859 -0.00299812
225.861 -0.00323965
223.863 -0.00350074
221.865 -0.00378297
219.867 -0.00408804
217.815 -0.00442706
215.817 -0.00478424
213.819 -0.00517031
211.821 -0.0055876
209.823 -0.00603863
207.825 -0.00652612
205.827 -0.00705302
203.829 -0.0076225
201.831 -0.00823801
199.834 -0.00890325
197.782 -0.00964245
195.784 -0.0104211
193.786 -0.0112627
191.788 -0.0121723
189.79 -0.0131553
187.792 -0.0142176
185.794 -0.0153658
183.796 -0.0166065
181.798 -0.0179474
179.8 -0.0193965
177.748 -0.0210064
175.75 -0.0227022
173.752 -0.0245347
171.754 -0.0265148
169.757 -0.0286545
167.759 -0.0309666
165.761 -0.0334648
163.763 -0.0361641
161.765 -0.0390807
159.767 -0.0422318
157.769 -0.0456362
155.717 -0.0494176
153.719 -0.0533994
151.721 -0.0577007
149.723 -0.0623471
147.725 -0.067366
145.727 -0.072787
143.729 -0.0786419
141.732 -0.0849652
139.734 -0.0917937
137.736 -0.0991675
135.684 -0.107353
133.686 -0.115967
131.688 -0.125266
129.69 -0.135305
127.692 -0.14614
125.694 -0.157833
123.696 -0.170451
121.698 -0.184065
119.7 -0.198752
117.702 -0.214594
115.65 -0.232159
113.653 -0.250619
111.655 -0.270519
109.657 -0.291968
107.659 -0.315081
105.661 -0.339982
103.663 -0.3668
101.665 -0.395676
99.667 -0.426758
97.6691 -0.460204
95.6172 -0.49719
93.6192 -0.535951
91.6213 -0.57761
89.6234 -0.622366
87.6254 -0.670425
85.6275 -0.722004
83.6296 -0.777332
81.6316 -0.836644
79.6337 -0.900187
77.6358 -0.968215
75.5839 -1.04303
73.5859 -1.12096
71.588 -1.20419
69.5901 -1.29301
67.5921 -1.38768
65.5942 -1.48849
63.5963 -1.59571
61.5983 -1.70961
59.6004 -1.83046
57.6025 -1.9585
55.5506 -2.09772
53.5526 -2.24099
51.5547 -2.39206
49.5568 -2.55105
47.5588 -2.71806
45.5609 -2.89314
43.563 -3.07626
41.565 -3.26737
39.5671 -3.46631
37.5692 -3.67287
35.5173 -3.89262
33.5193 -4.11361
31.5214 -4.34102
29.5235 -4.5743
27.5255 -4.81275
25.5276 -5.05562
23.5297 -5.30203
21.5317 -5.55104
19.5338 -5.8016
17.5359 -6.0526
15.538 -6.30287
13.486 -6.55785
11.4881 -6.80283
9.49017 -7.04328
7.49224 -7.27791
5.49431 -7.50547
3.49638 -7.72474
1.49845 -7.93457
-0.499483 -8.13386
-2.49741 -8.32164
-4.49534 -8.49702
-6.54727 -8.66346
-8.5452 -8.81154
-10.5431 -8.94536
-12.5411 -9.06456
-14.539 -9.16897
-16.5369 -9.25851
-18.5349 -9.33328
-20.5328 -9.39347
-22.5307 -9.4394
-24.5286 -9.47152
-26.5806 -9.49067
-28.5785 -9.49646
-30.5764 -9.49023
-32.5744 -9.47271
-34.5723 -9.44466
-36.5702 -9.40685
-38.5682 -9.36009
-40.5661 -9.30517
-42.564 -9.24288
-44.5619 -9.174
-46.6139 -9.09717
-48.6118 -9.0172
-50.6097 -8.93281
-52.6077 -8.84466
-54.6056 -8.75335
-56.6035 -8.65947
-58.6014 -8.56355
-60.5994 -8.46606
-62.5973 -8.36745
-64.5952 -8.26813
-66.6472 -8.16578
-68.6451 -8.06611
-70.643 -7.96672
-72.641 -7.86788
-74.6389 -7.76982
-76.6368 -7.67273
-78.6347 -7.57679
-80.6327 -7.48214
-82.6306 -7.38891
-84.6285 -7.2972
-86.6805 -7.20469
-88.6784 -7.11632
-90.6763 -7.02968
-92.6743 -6.94481
-94.6722 -6.86175
-96.6701 -6.78051
-98.668 -6.70109
-100.666 -6.6235
-102.664 -6.54773
-104.662 -6.47377
-106.66 -6.4016
-108.712 -6.32932
-110.71 -6.2607
-112.708 -6.19378
-114.705 -6.12854
-116.703 -6.06495
-118.701 -6.00295
-120.699 -5.94253
-122.697 -5.88363
-124.695 -5.82621
-126.693 -5.77025
-128.745 -5.71424
-130.743 -5.66109
-132.741 -5.60927
-134.739 -5.55874
-136.737 -5.50946
-138.735 -5.46139
-140.733 -5.41449
-142.731 -5.36874
-144.728 -5.32409
-146.726 -5.2805
-148.778 -5.23681
-150.776 -5.19529
-152.774 -5.15474
-154.772 -5.11512
-156.77 -5.0764
-158.768 -5.03857
-160.766 -5.00158
-162.764 -4.96541
-164.762 -4.93004
-166.76 -4.89543
-168.812 -4.86067
-170.81 -4.82755
-172.807 -4.79512
-174.805 -4.76337
-176.803 -4.73227
-178.801 -4.70181
-180.799 -4.67195
-182.797 -4.64269
-184.795 -4.614
-186.793 -4.58587
-188.845 -4.55754
-190.843 -4.53048
-192.841 -4.50393
-194.839 -4.47788
-196.837 -4.45229
-198.835 -4.42717
-200.832 -4.4025
-202.83 -4.37827
-204.828 -4.35445
-206.826 -4.33105
-208.878 -4.30743
-210.876 -4.28483
-212.874 -4.2626
-214.872 -4.24073
-216.87 -4.21922
-218.868 -4.19806
-220.866 -4.17723
-222.864 -4.15673
-224.862 -4.13655
-226.86 -4.11668
-228.911 -4.09659
-230.909 -4.07733
-232.907 -4.05835
-234.905 -4.03965
-236.903 -4.02122
-238.901 -4.00306
-240.899 -3.98515
-242.897 -3.9675
-244.895 -3.9501
-246.893 -3.93293
-248.891 -3.91601
-250.943 -3.89886
-252.941 -3.88239
-254.939 -3.86613
-256.937 -3.8501
-258.934 -3.83427
-260.932 -3.81864
-262.93 -3.80321
-264.928 -3.78798
-266.926 -3.77294
-268.924 -3.75809
-270.976 -3.74302
-272.974 -3.72853
-274.972 -3.71422
-276.97 -3.70008
-278.968 -3.6861
-280.966 -3.67229
-282.964 -3.65864
-284.962 -3.64515
-286.959 -3.63181
-288.957 -3.61863
-291.009 -3.60524
-293.007 -3.59235
-295.005 -3.5796
-297.003 -3.567
-299.001 -3.55453
-299.001 -3.54212
-297.003 -3.52986
-295.005 -3.51774
-293.007 -3.50576
-291.009 -3.49391
-288.957 -3.48187
-286.959 -3.47027
-284.962 -3.45878
-282.964 -3.44741
-280.966 -3.43616
-278.968 -3.42501
-276.97 -3.41398
-274.972 -3.40305
-272.974 -3.39222
-270.976 -3.3815
-268.924 -3.37059
-266.926 -3.36007
-264.928 -3.34964
-262.93 -3.33931
-260.932 -3.32907
-258.934 -3.31892
-256.937 -3.30885
-254.939 -3.29888
-252.941 -3.28899
-250.943 -3.27918
-248.891 -3.26919
-246.893 -3.25954
-244.895 -3.24997
-242.897 -3.24047
-240.899 -3.23104
-238.901 -3.22169
-236.903 -3.2124
-234.905 -3.20318
-232.907 -3.19402
-230.909 -3.18493
-228.911 -3.17589
-226.86 -3.16667
-224.862 -3.15775
-222.864 -3.14888
-220.866 -3.14006
-218.868 -3.13128
-216.87 -3.12255
-214.872 -3.11386
-212.874 -3.1052
-210.876 -3.09658
-208.878 -3.088
-206.826 -3.0792
-204.828 -3.07066
-202.83 -3.06214
-200.832 -3.05364
-198.835 -3.04514
-196.837 -3.03665
-194.839 -3.02815
-192.841 -3.01965
-190.843 -3.01114
-188.845 -3.00261
-186.793 -2.99382
-184.795 -2.98523
-182.797 -2.9766
-180.799 -2.96792
-178.801 -2.95918
-176.803 -2.95037
-174.805 -2.94148
-172.807 -2.9325
-170.81 -2.92342
-168.812 -2.91423
-166.76 -2.90465
-164.762 -2.89518
-162.764 -2.88555
-160.766 -2.87574
-158.768 -2.86573
-156.77 -2.85551
-154.772 -2.84505
-152.774 -2.83433
-150.776 -2.82333
-148.778 -2.81201
-146.726 -2.80002
-144.728 -2.78798
-142.731 -2.77553
-140.733 -2.76263
-138.735 -2.74925
-136.737 -2.73535
-134.739 -2.72088
-132.741 -2.70579
-130.743 -2.69003
-128.745 -2.67354
-126.693 -2.65579
-124.695 -2.63764
-122.697 -2.61858
-120.699 -2.59852
-118.701 -2.57738
-116.703 -2.55508
-114.705 -2.53153
-112.708 -2.50663
-110.71 -2.48027
-108.712 -2.45235
-106.66 -2.42192
-104.662 -2.39045
-102.664 -2.35703
-100.666 -2.32151
-98.668 -2.28374
-96.6701 -2.24356
-94.6722 -2.20079
-92.6743 -2.15526
-90.6763 -2.10677
-88.6784 -2.05512
-86.6805 -2.00009
-84.6285 -1.93983
-82.6306 -1.87728
-80.6327 -1.81065
-78.6347 -1.7397
-76.6368 -1.66415
-74.6389 -1.58376
-72.641 -1.49824
-70.643 -1.40732
-68.6451 -1.31072
-66.6472 -1.20816
-64.5952 -1.09633
-62.5973 -0.98083
-60.5994 -0.858545
-58.6014 -0.729221
-56.6035 -0.592622
-54.6056 -0.448532
-52.6077 -0.296765
-50.6097 -0.137164
-48.6118 0.0303858
-46.6139 0.205957
-44.5619 0.394641
-42.564 0.586467
-40.5661 0.786183
-38.5682 0.99361
-36.5702 1.20849
-34.5723 1.43048
-32.5744 1.65914
-30.5764 1.89394
-28.5785 2.13428
-26.5806 2.37942
-24.5286 2.63533
-22.5307 2.88761
-20.5328 3.14196
-18.5349 3.39728
-16.5369 3.65245
-14.539 3.90625
-12.5411 4.15744
-10.5431 4.40475
-8.5452 4.64689
-6.54727 4.8826
-4.49534 5.11668
-2.49741 5.33559
-0.499483 5.54448
1.49845 5.74231
3.49638 5.92815
5.49431 6.10119
7.49224 6.26072
9.49017 6.40621
11.4881 6.53722
13.486 6.6535
15.538 6.75744
17.5359 6.84359
19.5338 6.91503
21.5317 6.97203
23.5297 7.01495
25.5276 7.04428
27.5255 7.06059
29.5235 7.06451
31.5214 7.05673
33.5193 7.038
35.5173 7.00908
37.5692 6.9696
39.5671 6.92247
41.565 6.86755
43.563 6.80564
45.5609 6.73749
47.5588 6.66385
49.5568 6.58542
51.5547 6.50287
53.5526 6.41684
55.5506 6.32792
57.6025 6.23416
59.6004 6.14102
61.5983 6.04654
63.5963 5.95112
65.5942 5.85517
67.5921 5.75903
69.5901 5.66301
71.588 5.56739
73.5859 5.47241
75.5839 5.37828
77.6358 5.2827
79.6337 5.19086
81.6316 5.10036
83.6296 5.01132
85.6275 4.92383
87.6254 4.83797
89.6234 4.75381
91.6213 4.67138
93.6192 4.59073
95.6172 4.51188
97.6691 4.43278
99.667 4.35759
101.665 4.28422
103.663 4.21265
105.661 4.14287
107.659 4.07484
109.657 4.00856
111.655 3.94399
113.653 3.88109
115.65 3.81984
117.702 3.75861
119.7 3.70059
121.698 3.64409
123.696 3.5891
125.694 3.53556
127.692 3.48343
129.69 3.43268
131.688 3.38326
133.686 3.33515
135.684 3.28829
137.736 3.24143
139.734 3.19701
141.732 3.15372
143.729 3.11155
145.727 3.07045
147.725 3.03039
149.723 2.99133
151.721 2.95325
153.719 2.9161
155.717 2.87987
157.769 2.84357
159.767 2.80909
161.765 2.77544
163.763 2.74258
165.761 2.71049
167.759 2.67914
169.757 2.64852
171.754 2.61859
173.752 2.58933
175.75 2.56073
177.748 2.53276
179.8 2.50467
181.798 2.47792
183.796 2.45175
185.794 2.42612
187.792 2.40103
189.79 2.37647
191.788 2.35241
193.786 2.32883
195.784 2.30573
197.782 2.28309
199.834 2.2603
201.831 2.23855
203.829 2.21722
205.827 2.19629
207.825 2.17576
209.823 2.15561
211.821 2.13583
213.819 2.11641
215.817 2.09735
217.815 2.07863
219.867 2.05974
221.865 2.04168
223.863 2.02393
225.861 2.00649
227.859 1.98935
229.856 1.97249
231.854 1.95591
233.852 1.93961
235.85 1.92358
237.848 1.9078
239.9 1.89186
241.898 1.8766
243.896 1.86157
245.894 1.84677
247.892 1.83221
249.89 1.81787
251.888 1.80374
253.886 1.78983
255.884 1.77613
257.881 1.76262
259.933 1.74896
261.931 1.73586
263.929 1.72294
265.927 1.71021
267.925 1.69766
269.923 1.68528
271.921 1.67308
273.919 1.66104
275.917 1.64917
277.915 1.63746
279.967 1.6256
281.965 1.61421
283.963 1.60297
285.96 1.59187
287.958 1.58093
289.956 1.57012
291.954 1.55945
293.952 1.54892
295.95 1.53853
297.948 1.52826
300 1.51785
