nu T
4000 99.871
3996 99.87
3992 99.869
3988 99.868
3984 99.867
3980 99.866
3976 99.865
3972 99.864
3968 99.863
3964 99.862
3960 99.861
3956 99.86
3952 99.859
3948 99.858
3944 99.857
3940 99.856
3936 99.855
3932 99.854
3928 99.853
3924 99.851
3920 99.85
3916 99.849
3912 99.848
3908 99.847
3904 99.845
3900 99.844
3896 99.843
3892 99.842
3888 99.84
3884 99.839
3880 99.838
3876 99.836
3872 99.835
3868 99.834
3864 99.832
3860 99.831
3856 99.829
3852 99.828
3848 99.827
3844 99.825
3840 99.824
3836 99.822
3832 99.821
3828 99.819
3824 99.817
3820 99.816
3816 99.814
3812 99.812
3808 99.811
3804 99.809
3800 99.807
3796 99.806
3792 99.804
3788 99.802
3784 99.8
3780 99.798
3776 99.796
3772 99.795
3768 99.793
3764 99.791
3760 99.789
3756 99.787
3752 99.785
3748 99.782
3744 99.78
3740 99.778
3736 99.776
3732 99.774
3728 99.772
3724 99.769
3720 99.767
3716 99.765
3712 99.762
3708 99.76
3704 99.757
3700 99.755
3696 99.752
3692 99.75
3688 99.747
3684 99.744
3680 99.742
3676 99.739
3672 99.736
3668 99.733
3664 99.73
3660 99.727
3656 99.724
3652 99.721
3648 99.718
3644 99.715
3640 99.711
3636 99.708
3632 99.705
3628 99.701
3624 99.698
3620 99.694
3616 99.691
3612 99.687
3608 99.683
3604 99.679
3600 99.675
3596 99.671
3592 99.667
3588 99.663
3584 99.659
3580 99.655
3576 99.65
3572 99.646
3568 99.641
3564 99.637
3560 99.632
3556 99.627
3552 99.622
3548 99.617
3544 99.612
3540 99.607
3536 99.601
3532 99.596
3528 99.59
3524 99.585
3520 99.579
3516 99.573
3512 99.567
3508 99.56
3504 99.554
3500 99.547
3496 99.541
3492 99.534
3488 99.527
3484 99.52
3480 99.512
3476 99.505
3472 99.497
3468 99.489
3464 99.481
3460 99.473
3456 99.465
3452 99.456
3448 99.447
3444 99.438
3440 99.428
3436 99.419
3432 99.409
3428 99.399
3424 99.388
3420 99.378
3416 99.367
3412 99.356
3408 99.344
3404 99.332
3400 99.32
3396 99.307
3392 99.294
3388 99.281
3384 99.267
3380 99.253
3376 99.239
3372 99.224
3368 99.208
3364 99.192
3360 99.176
3356 99.159
3352 99.141
3348 99.123
3344 99.105
3340 99.085
3336 99.065
3332 99.045
3328 99.024
3324 99.002
3320 98.979
3316 98.955
3312 98.931
3308 98.905
3304 98.879
3300 98.852
3296 98.824
3292 98.794
3288 98.764
3284 98.732
3280 98.7
3276 98.665
3272 98.63
3268 98.593
3264 98.554
3260 98.514
3256 98.472
3252 98.428
3248 98.383
3244 98.335
3240 98.285
3236 98.233
3232 98.178
3228 98.121
3224 98.061
3220 97.998
3216 97.932
3212 97.863
3208 97.79
3204 97.713
3200 97.633
3196 97.547
3192 97.457
3188 97.363
3184 97.262
3180 97.156
3176 97.043
3172 96.924
3168 96.798
3164 96.663
3160 96.52
3156 96.367
3152 96.204
3148 96.031
3144 95.845
3140 95.645
3136 95.432
3132 95.202
3128 94.955
3124 94.689
3120 94.401
3116 94.09
3112 93.753
3108 93.387
3104 92.989
3100 92.555
3096 92.081
3092 91.562
3088 90.992
3084 90.365
3080 89.673
3076 88.908
3072 88.061
3068 87.12
3064 86.071
3060 84.899
3056 83.588
3052 82.117
3048 80.464
3044 78.602
3040 76.504
3036 74.141
3032 71.48
3028 68.493
3024 65.157
3020 61.46
3016 57.413
3012 53.06
3008 48.493
3004 43.864
3000 39.387
2996 35.328
2992 31.971
2988 29.574
2984 28.326
2980 28.326
2976 29.574
2972 31.971
2968 35.327
2964 39.386
2960 43.862
2956 48.491
2952 53.057
2948 57.41
2944 61.456
2940 65.152
2936 68.488
2932 71.474
2928 74.134
2924 76.497
2920 78.594
2916 80.455
2912 82.108
2908 83.578
2904 84.889
2900 86.059
2896 87.107
2892 88.048
2888 88.895
2884 89.659
2880 90.35
2876 90.976
2872 91.545
2868 92.064
2864 92.537
2860 92.971
2856 93.368
2852 93.733
2848 94.07
2844 94.38
2840 94.667
2836 94.932
2832 95.179
2828 95.407
2824 95.62
2820 95.819
2816 96.004
2812 96.177
2808 96.339
2804 96.491
2800 96.634
2796 96.767
2792 96.893
2788 97.012
2784 97.124
2780 97.229
2776 97.329
2772 97.423
2768 97.512
2764 97.597
2760 97.677
2756 97.753
2752 97.825
2748 97.893
2744 97.959
2740 98.021
2736 98.08
2732 98.136
2728 98.19
2724 98.241
2720 98.29
2716 98.337
2712 98.382
2708 98.425
2704 98.466
2700 98.505
2696 98.543
2692 98.579
2688 98.614
2684 98.647
2680 98.679
2676 98.71
2672 98.74
2668 98.768
2664 98.795
2660 98.822
2656 98.847
2652 98.871
2648 98.895
2644 98.917
2640 98.939
2636 98.96
2632 98.981
2628 99
2624 99.019
2620 99.037
2616 99.055
2612 99.072
2608 99.089
2604 99.105
2600 99.12
2596 99.135
2592 99.149
2588 99.163
2584 99.177
2580 99.19
2576 99.202
2572 99.215
2568 99.226
2564 99.238
2560 99.249
2556 99.26
2552 99.27
2548 99.28
2544 99.29
2540 99.299
2536 99.309
2532 99.318
2528 99.326
2524 99.334
2520 99.343
2516 99.35
2512 99.358
2508 99.365
2504 99.372
2500 99.379
2496 99.386
2492 99.393
2488 99.399
2484 99.405
2480 99.411
2476 99.416
2472 99.422
2468 99.427
2464 99.432
2460 99.437
2456 99.442
2452 99.447
2448 99.451
2444 99.456
2440 99.46
2436 99.464
2432 99.468
2428 99.471
2424 99.475
2420 99.479
2416 99.482
2412 99.485
2408 99.488
2404 99.491
2400 99.494
2396 99.497
2392 99.499
2388 99.501
2384 99.504
2380 99.506
2376 99.508
2372 99.51
2368 99.512
2364 99.514
2360 99.515
2356 99.517
2352 99.518
2348 99.519
2344 99.521
2340 99.522
2336 99.523
2332 99.523
2328 99.524
2324 99.525
2320 99.525
2316 99.526
2312 99.526
2308 99.526
2304 99.526
2300 99.526
2296 99.526
2292 99.526
2288 99.525
2284 99.525
2280 99.524
2276 99.524
2272 99.523
2268 99.522
2264 99.521
2260 99.52
2256 99.518
2252 99.517
2248 99.516
2244 99.514
2240 99.512
2236 99.51
2232 99.508
2228 99.506
2224 99.504
2220 99.501
2216 99.499
2212 99.496
2208 99.493
2204 99.49
2200 99.487
2196 99.483
2192 99.48
2188 99.476
2184 99.472
2180 99.468
2176 99.464
2172 99.46
2168 99.455
2164 99.45
2160 99.445
2156 99.44
2152 99.434
2148 99.429
2144 99.423
2140 99.417
2136 99.41
2132 99.404
2128 99.397
2124 99.39
2120 99.382
2116 99.374
2112 99.366
2108 99.358
2104 99.349
2100 99.34
2096 99.33
2092 99.32
2088 99.31
2084 99.299
2080 99.288
2076 99.277
2072 99.265
2068 99.252
2064 99.239
2060 99.225
2056 99.211
2052 99.196
2048 99.181
2044 99.164
2040 99.147
2036 99.13
2032 99.111
2028 99.092
2024 99.072
2020 99.051
2016 99.029
2012 99.005
2008 98.981
2004 98.956
2000 98.929
1996 98.901
1992 98.871
1988 98.84
1984 98.807
1980 98.773
1976 98.737
1972 98.698
1968 98.658
1964 98.615
1960 98.57
1956 98.522
1952 98.471
1948 98.417
1944 98.36
1940 98.299
1936 98.234
1932 98.164
1928 98.09
1924 98.011
1920 97.926
1916 97.835
1912 97.737
1908 97.631
1904 97.518
1900 97.395
1896 97.262
1892 97.117
1888 96.96
1884 96.789
1880 96.602
1876 96.397
1872 96.172
1868 95.924
1864 95.651
1860 95.347
1856 95.009
1852 94.632
1848 94.209
1844 93.732
1840 93.194
1836 92.582
1832 91.883
1828 91.08
1824 90.153
1820 89.076
1816 87.816
1812 86.332
1808 84.571
1804 82.467
1800 79.933
1796 76.862
1792 73.116
1788 68.531
1784 62.923
1780 56.115
1776 48.022
1772 38.81
1768 29.129
1764 20.251
1760 13.699
1756 10.38
1752 10.38
1748 13.698
1744 20.249
1740 29.124
1736 38.801
1732 48.009
1728 56.096
1724 62.899
1720 68.502
1716 73.081
1712 76.82
1708 79.886
1704 82.414
1700 84.512
1696 86.267
1692 87.745
1688 89
1684 90.071
1680 90.992
1676 91.788
1672 92.481
1668 93.087
1664 93.619
1660 94.089
1656 94.506
1652 94.877
1648 95.208
1644 95.505
1640 95.773
1636 96.014
1632 96.232
1628 96.43
1624 96.61
1620 96.773
1616 96.923
1612 97.06
1608 97.185
1604 97.3
1600 97.406
1596 97.503
1592 97.592
1588 97.675
1584 97.751
1580 97.821
1576 97.886
1572 97.946
1568 98.001
1564 98.052
1560 98.099
1556 98.142
1552 98.182
1548 98.218
1544 98.252
1540 98.283
1536 98.311
1532 98.336
1528 98.359
1524 98.38
1520 98.399
1516 98.415
1512 98.43
1508 98.442
1504 98.453
1500 98.461
1496 98.468
1492 98.473
1488 98.476
1484 98.478
1480 98.478
1476 98.476
1472 98.473
1468 98.467
1464 98.461
1460 98.452
1456 98.441
1452 98.429
1448 98.415
1444 98.399
1440 98.381
1436 98.362
1432 98.34
1428 98.316
1424 98.29
1420 98.261
1416 98.23
1412 98.197
1408 98.16
1404 98.121
1400 98.079
1396 98.034
1392 97.985
1388 97.933
1384 97.877
1380 97.817
1376 97.752
1372 97.683
1368 97.609
1364 97.528
1360 97.442
1356 97.35
1352 97.25
1348 97.143
1344 97.027
1340 96.902
1336 96.767
1332 96.621
1328 96.462
1324 96.29
1320 96.103
1316 95.899
1312 95.676
1308 95.432
1304 95.165
1300 94.871
1296 94.547
1292 94.189
1288 93.792
1284 93.351
1280 92.859
1276 92.309
1272 91.691
1268 90.993
1264 90.204
1260 89.306
1256 88.279
1252 87.101
1248 85.741
1244 84.163
1240 82.324
1236 80.168
1232 77.628
1228 74.624
1224 71.06
1220 66.828
1216 61.815
1212 55.925
1208 49.123
1204 41.511
1200 33.428
1196 25.539
1192 18.758
1188 13.936
1184 11.501
1180 11.501
1176 13.937
1172 18.76
1168 25.543
1164 33.435
1160 41.522
1156 49.139
1152 55.945
1148 61.84
1144 66.858
1140 71.096
1136 74.665
1132 77.675
1128 80.22
1124 82.382
1120 84.227
1116 85.81
1112 87.175
1108 88.359
1104 89.391
1100 90.295
1096 91.09
1092 91.793
1088 92.417
1084 92.973
1080 93.471
1076 93.918
1072 94.321
1068 94.685
1064 95.015
1060 95.315
1056 95.588
1052 95.839
1048 96.068
1044 96.279
1040 96.473
1036 96.652
1032 96.817
1028 96.971
1024 97.113
1020 97.245
1016 97.369
1012 97.484
1008 97.591
1004 97.692
1000 97.786
996 97.874
992 97.957
988 98.036
984 98.109
980 98.179
976 98.244
972 98.306
968 98.365
964 98.42
960 98.473
956 98.523
952 98.571
948 98.616
944 98.659
940 98.7
936 98.738
932 98.776
928 98.811
924 98.845
920 98.877
916 98.908
912 98.938
908 98.967
904 98.994
900 99.02
896 99.045
892 99.069
888 99.092
884 99.114
880 99.136
876 99.156
872 99.176
868 99.195
864 99.214
860 99.231
856 99.249
852 99.265
848 99.281
844 99.296
840 99.311
836 99.326
832 99.34
828 99.353
824 99.366
820 99.379
816 99.391
812 99.403
808 99.414
804 99.425
800 99.436
796 99.447
792 99.457
788 99.467
784 99.476
780 99.486
776 99.495
772 99.503
768 99.512
764 99.52
760 99.528
756 99.536
752 99.544
748 99.551
744 99.559
740 99.566
736 99.573
732 99.579
728 99.586
724 99.592
720 99.599
716 99.605
712 99.611
708 99.616
704 99.622
700 99.628
696 99.633
692 99.638
688 99.643
684 99.648
680 99.653
676 99.658
672 99.663
668 99.667
664 99.672
660 99.676
656 99.681
652 99.685
648 99.689
644 99.693
640 99.697
636 99.701
632 99.705
628 99.708
624 99.712
620 99.716
616 99.719
612 99.722
608 99.726
604 99.729
600 99.732
596 99.736
592 99.739
588 99.742
584 99.745
580 99.748
576 99.75
572 99.753
568 99.756
564 99.759
560 99.761
556 99.764
552 99.767
548 99.769
544 99.772
540 99.774
536 99.777
532 99.779
528 99.781
524 99.784
520 99.786
516 99.788
512 99.79
508 99.792
504 99.794
500 99.796
