E_mV i_uA
299.946 -0.00561986
297.948 -0.00060249
295.95 -0.000492403
293.952 -0.000462057
291.954 -0.000457649
289.956 -0.000466172
287.958 -0.000482852
285.96 -0.000505569
283.963 -0.000533292
281.965 -0.000565519
279.967 -0.000602032
277.915 -0.000643946
275.917 -0.000689127
273.919 -0.000738772
271.921 -0.000793093
269.923 -0.000852358
267.925 -0.000916878
265.927 -0.000987009
263.929 -0.00106315
261.931 -0.00114574
259.933 -0.00123527
257.881 -0.00133498
255.884 -0.00144024
253.886 -0.00155419
251.888 -0.0016775
249.89 -0.00181093
247.892 -0.00195528
245.894 -0.00211141
243.896 -0.00228027
241.898 -0.00246288
239.9 -0.00266035
237.848 -0.00287986
235.85 -0.0031112
233.852 -0.0033613
231.854 -0.00363169
229.856 -0.00392399
227.859 -0.00423998
225.861 -0.00458156
223.863 -0.0049508
221.865 -0.00534993
219.867 -0.00578136
217.815 -0.00626081
215.817 -0.00676594
213.819 -0.00731192
211.821 -0.00790206
209.823 -0.00853991
207.825 -0.00922933
205.827 -0.00997447
203.829 -0.0107798
201.831 -0.0116503
199.834 -0.0125911
197.782 -0.0136365
195.784 -0.0147377
193.786 -0.0159279
191.788 -0.0172142
189.79 -0.0186044
187.792 -0.0201068
185.794 -0.0217305
183.796 -0.0234852
181.798 -0.0253815
179.8 -0.0274307
177.748 -0.0297076
175.75 -0.0321057
173.752 -0.0346972
171.754 -0.0374976
169.757 -0.0405236
167.759 -0.0437934
165.761 -0.0473264
163.763 -0.0511438
161.765 -0.0552684
159.767 -0.0597247
157.769 -0.0645394
155.717 -0.0698871
153.719 -0.0755181
151.721 -0.0816011
149.723 -0.0881721
147.725 -0.0952699
145.727 -0.102936
143.729 -0.111216
141.732 -0.120159
139.734 -0.129816
137.736 -0.140244
135.684 -0.15182
133.686 -0.164002
131.688 -0.177153
129.69 -0.19135
127.692 -0.206673
125.694 -0.223209
123.696 -0.241054
121.698 -0.260308
119.7 -0.281078
117.702 -0.303482
115.65 -0.328323
113.653 -0.354429
111.655 -0.382572
109.657 -0.412906
107.659 -0.445592
105.661 -0.480806
103.663 -0.518733
101.665 -0.55957
99.667 -0.603527
97.6691 -0.650827
95.6172 -0.703133
93.6192 -0.757949
91.6213 -0.816864
89.6234 -0.880158
87.6254 -0.948124
85.6275 -1.02107
83.6296 -1.09931
81.6316 -1.18319
79.6337 -1.27306
77.6358 -1.36926
75.5839 -1.47506
73.5859 -1.58528
71.588 -1.70299
69.5901 -1.82859
67.5921 -1.96247
65.5942 -2.10504
63.5963 -2.25667
61.5983 -2.41776
59.6004 -2.58867
57.6025 -2.76974
55.5506 -2.96662
53.5526 -3.16924
51.5547 -3.38288
49.5568 -3.60773
47.5588 -3.84392
45.5609 -4.09151
43.563 -4.35049
41.565 -4.62076
39.5671 -4.9021
37.5692 -5.19422
35.5173 -5.505
33.5193 -5.81752
31.5214 -6.13913
29.5235 -6.46903
27.5255 -6.80626
25.5276 -7.14972
23.5297 -7.4982
21.5317 -7.85035
19.5338 -8.2047
17.5359 -8.55967
15.538 -8.91361
13.486 -9.2742
11.4881 -9.62066
9.49017 -9.9607
7.49224 -10.2925
5.49431 -10.6143
3.49638 -10.9244
1.49845 -11.2212
-0.499483 -11.503
-2.49741 -11.7686
-4.49534 -12.0166
-6.54727 -12.252
-8.5452 -12.4614
-10.5431 -12.6506
-12.5411 -12.8192
-14.539 -12.9669
-16.5369 -13.0935
-18.5349 -13.1992
-20.5328 -13.2844
-22.5307 -13.3493
-24.5286 -13.3948
-26.5806 -13.4218
-28.5785 -13.43
-30.5764 -13.4212
-32.5744 -13.3964
-34.5723 -13.3568
-36.5702 -13.3033
-38.5682 -13.2372
-40.5661 -13.1595
-42.564 -13.0714
-44.5619 -12.974
-46.6139 -12.8653
-48.6118 -12.7522
-50.6097 -12.6329
-52.6077 -12.5082
-54.6056 -12.3791
-56.6035 -12.2463
-58.6014 -12.1107
-60.5994 -11.9728
-62.5973 -11.8334
-64.5952 -11.6929
-66.6472 -11.5482
-68.6451 -11.4072
-70.643 -11.2666
-72.641 -11.1269
-74.6389 -10.9882
-76.6368 -10.8509
-78.6347 -10.7152
-80.6327 -10.5813
-82.6306 -10.4495
-84.6285 -10.3198
-86.6805 -10.189
-88.6784 -10.064
-90.6763 -9.94147
-92.6743 -9.82145
-94.6722 -9.70398
-96.6701 -9.58909
-98.668 -9.47677
-100.666 -9.36705
-102.664 -9.25989
-104.662 -9.1553
-106.66 -9.05323
-108.712 -8.95101
-110.71 -8.85396
-112.708 -8.75933
-114.705 -8.66707
-116.703 -8.57713
-118.701 -8.48946
-120.699 -8.404
-122.697 -8.3207
-124.695 -8.23951
-126.693 -8.16037
-128.745 -8.08116
-130.743 -8.00599
-132.741 -7.93271
-134.739 -7.86124
-136.737 -7.79155
-138.735 -7.72357
-140.733 -7.65725
-142.731 -7.59254
-144.728 -7.52939
-146.726 -7.46776
-148.778 -7.40597
-150.776 -7.34725
-152.774 -7.2899
-154.772 -7.23387
-156.77 -7.17912
-158.768 -7.12561
-160.766 -7.0733
-162.764 -7.02215
-164.762 -6.97213
-166.76 -6.92319
-168.812 -6.87402
-170.81 -6.82718
-172.807 -6.78133
-174.805 -6.73643
-176.803 -6.69245
-178.801 -6.64936
-180.799 -6.60714
-182.797 -6.56575
-184.795 -6.52518
-186.793 -6.4854
-188.845 -6.44533
-190.843 -6.40707
-192.841 -6.36952
-194.839 -6.33267
-196.837 -6.29649
-198.835 -6.26097
-200.832 -6.22608
-202.83 -6.19181
-204.828 -6.15813
-206.826 -6.12503
-208.878 -6.09163
-210.876 -6.05966
-212.874 -6.02822
-214.872 -5.9973
-216.87 -5.96688
-218.868 -5.93695
-220.866 -5.9075
-222.864 -5.87851
-224.862 -5.84997
-226.86 -5.82187
-228.911 -5.79346
-230.909 -5.76621
-232.907 -5.73937
-234.905 -5.71292
-236.903 -5.68686
-238.901 -5.66118
-240.899 -5.63586
-242.897 -5.6109
-244.895 -5.58628
-246.893 -5.56201
-248.891 -5.53807
-250.943 -5.51382
-252.941 -5.49052
-254.939 -5.46754
-256.937 -5.44486
-258.934 -5.42247
-260.932 -5.40037
-262.93 -5.37856
-264.928 -5.35702
-266.926 -5.33574
-268.924 -5.31474
-270.976 -5.29343
-272.974 -5.27294
-274.972 -5.2527
-276.97 -5.2327
-278.968 -5.21294
-280.966 -5.1934
-282.964 -5.1741
-284.962 -5.15502
-286.959 -5.13616
-288.957 -5.11751
-291.009 -5.09858
-293.007 -5.08035
-295.005 -5.06233
-297.003 -5.0445
-299.001 -5.02687
-299.001 -5.00931
-297.003 -4.99197
-295.005 -4.97484
-293.007 -4.9579
-291.009 -4.94114
-288.957 -4.92411
-286.959 -4.9077
-284.962 -4.89146
-282.964 -4.87538
-280.966 -4.85946
-278.968 -4.8437
-276.97 -4.82809
-274.972 -4.81264
-272.974 -4.79733
-270.976 -4.78216
-268.924 -4.76673
-266.926 -4.75185
-264.928 -4.73711
-262.93 -4.7225
-260.932 -4.70801
-258.934 -4.69366
-256.937 -4.67943
-254.939 -4.66532
-252.941 -4.65133
-250.943 -4.63746
-248.891 -4.62333
-246.893 -4.60968
-244.895 -4.59615
-242.897 -4.58271
-240.899 -4.56938
-238.901 -4.55615
-236.903 -4.54302
-234.905 -4.52998
-232.907 -4.51703
-230.909 -4.50417
-228.911 -4.49139
-226.86 -4.47835
-224.862 -4.46573
-222.864 -4.45319
-220.866 -4.44071
-218.868 -4.4283
-216.87 -4.41595
-214.872 -4.40366
-212.874 -4.39142
-210.876 -4.37923
-208.878 -4.36709
-206.826 -4.35465
-204.828 -4.34257
-202.83 -4.33052
-200.832 -4.31849
-198.835 -4.30648
-196.837 -4.29447
-194.839 -4.28246
-192.841 -4.27043
-190.843 -4.2584
-188.845 -4.24633
-186.793 -4.2339
-184.795 -4.22175
-182.797 -4.20955
-180.799 -4.19727
-178.801 -4.18491
-176.803 -4.17245
-174.805 -4.15988
-172.807 -4.14719
-170.81 -4.13435
-168.812 -4.12134
-166.76 -4.1078
-164.762 -4.0944
-162.764 -4.08078
-160.766 -4.06691
-158.768 -4.05276
-156.77 -4.0383
-154.772 -4.02351
-152.774 -4.00835
-150.776 -3.99279
-148.778 -3.97678
-146.726 -3.95983
-144.728 -3.9428
-142.731 -3.92519
-140.733 -3.90695
-138.735 -3.88803
-136.737 -3.86837
-134.739 -3.8479
-132.741 -3.82656
-130.743 -3.80427
-128.745 -3.78096
-126.693 -3.75585
-124.695 -3.73019
-122.697 -3.70323
-120.699 -3.67486
-118.701 -3.64496
-116.703 -3.61343
-114.705 -3.58012
-112.708 -3.54491
-110.71 -3.50764
-108.712 -3.46815
-106.66 -3.42511
-104.662 -3.38061
-102.664 -3.33334
-100.666 -3.28311
-98.668 -3.22969
-96.6701 -3.17287
-94.6722 -3.11239
-92.6743 -3.048
-90.6763 -2.97942
-88.6784 -2.90637
-86.6805 -2.82855
-84.6285 -2.74334
-82.6306 -2.65488
-80.6327 -2.56065
-78.6347 -2.4603
-76.6368 -2.35347
-74.6389 -2.23978
-72.641 -2.11884
-70.643 -1.99026
-68.6451 -1.85364
-66.6472 -1.7086
-64.5952 -1.55044
-62.5973 -1.3871
-60.5994 -1.21417
-58.6014 -1.03127
-56.6035 -0.838094
-54.6056 -0.634321
-52.6077 -0.419689
-50.6097 -0.19398
-48.6118 0.042972
-46.6139 0.291267
-44.5619 0.558107
-42.564 0.829389
-40.5661 1.11183
-38.5682 1.40518
-36.5702 1.70906
-34.5723 2.023
-32.5744 2.34637
-30.5764 2.67844
-28.5785 3.01833
-26.5806 3.36501
-24.5286 3.72692
-22.5307 4.0837
-20.5328 4.4434
-18.5349 4.80448
-16.5369 5.16534
-14.539 5.52427
-12.5411 5.87951
-10.5431 6.22925
-8.5452 6.5717
-6.54727 6.90504
-4.49534 7.23607
-2.49741 7.54566
-0.499483 7.84107
1.49845 8.12085
3.49638 8.38367
5.49431 8.62838
7.49224 8.854
9.49017 9.05974
11.4881 9.24503
13.486 9.40947
15.538 9.55647
17.5359 9.6783
19.5338 9.77933
21.5317 9.85993
23.5297 9.92064
25.5276 9.96212
27.5255 9.98518
29.5235 9.99072
31.5214 9.97972
33.5193 9.95323
35.5173 9.91233
37.5692 9.8565
39.5671 9.78985
41.565 9.71218
43.563 9.62463
45.5609 9.52825
47.5588 9.42411
49.5568 9.31319
51.5547 9.19645
53.5526 9.07478
55.5506 8.94902
57.6025 8.81643
59.6004 8.68472
61.5983 8.55109
63.5963 8.41616
65.5942 8.28047
67.5921 8.1445
69.5901 8.00871
71.588 7.87348
73.5859 7.73915
75.5839 7.60604
77.6358 7.47087
79.6337 7.34098
81.6316 7.213
83.6296 7.08708
85.6275 6.96335
87.6254 6.84193
89.6234 6.7229
91.6213 6.60634
93.6192 6.49228
95.6172 6.38076
97.6691 6.26889
99.667 6.16257
101.665 6.05881
103.663 5.95759
105.661 5.8589
107.659 5.7627
109.657 5.66896
111.655 5.57764
113.653 5.48869
115.65 5.40207
117.702 5.31548
119.7 5.23342
121.698 5.15353
123.696 5.07575
125.694 5.00003
127.692 4.92631
129.69 4.85454
131.688 4.78466
133.686 4.71661
135.684 4.65034
137.736 4.58408
139.734 4.52125
141.732 4.46004
143.729 4.4004
145.727 4.34227
147.725 4.28562
149.723 4.23038
151.721 4.17652
153.719 4.12399
155.717 4.07275
157.769 4.02142
159.767 3.97266
161.765 3.92506
163.763 3.87859
165.761 3.83321
167.759 3.78888
169.757 3.74557
171.754 3.70324
173.752 3.66187
175.75 3.62142
177.748 3.58187
179.8 3.54214
181.798 3.50431
183.796 3.46729
185.794 3.43105
187.792 3.39558
189.79 3.36083
191.788 3.3268
193.786 3.29347
195.784 3.2608
197.782 3.22878
199.834 3.19655
201.831 3.16579
203.829 3.13562
205.827 3.10602
207.825 3.07699
209.823 3.04849
211.821 3.02052
213.819 2.99306
215.817 2.9661
217.815 2.93962
219.867 2.91292
221.865 2.88737
223.863 2.86228
225.861 2.83761
227.859 2.81336
229.856 2.78952
231.854 2.76608
233.852 2.74303
235.85 2.72035
237.848 2.69804
239.9 2.6755
241.898 2.65391
243.896 2.63265
245.894 2.61173
247.892 2.59113
249.89 2.57085
251.888 2.55088
253.886 2.5312
255.884 2.51182
257.881 2.49273
259.933 2.47341
261.931 2.45487
263.929 2.43661
265.927 2.4186
267.925 2.40085
269.923 2.38334
271.921 2.36609
273.919 2.34907
275.917 2.33228
277.915 2.31572
279.967 2.29895
281.965 2.28283
283.963 2.26694
285.96 2.25125
287.958 2.23577
289.956 2.22048
291.954 2.2054
293.952 2.19051
295.95 2.1758
297.948 2.16129
300 2.14657
