S none comp uncomp
0 0 0 0
0.05 0.0294118 0.0102041 0.0277778
0.1 0.0555556 0.02 0.05
0.15 0.0789474 0.0294118 0.0681818
0.2 0.1 0.0384615 0.0833333
0.25 0.119048 0.0471698 0.0961538
0.3 0.136364 0.0555556 0.107143
0.35 0.152174 0.0636364 0.116667
0.4 0.166667 0.0714286 0.125
0.45 0.18 0.0789474 0.132353
0.5 0.192308 0.0862069 0.138889
0.55 0.203704 0.0932203 0.144737
0.6 0.214286 0.1 0.15
0.65 0.224138 0.106557 0.154762
0.7 0.233333 0.112903 0.159091
0.75 0.241935 0.119048 0.163043
0.8 0.25 0.125 0.166667
0.85 0.257576 0.130769 0.17
0.9 0.264706 0.136364 0.173077
0.95 0.271429 0.141791 0.175926
1 0.277778 0.147059 0.178571
1.05 0.283784 0.152174 0.181034
1.1 0.289474 0.157143 0.183333
1.15 0.294872 0.161972 0.185484
1.2 0.3 0.166667 0.1875
1.25 0.304878 0.171233 0.189394
1.3 0.309524 0.175676 0.191176
1.35 0.313953 0.18 0.192857
1.4 0.318182 0.184211 0.194444
1.45 0.322222 0.188312 0.195946
1.5 0.326087 0.192308 0.197368
1.55 0.329787 0.196203 0.198718
1.6 0.333333 0.2 0.2
1.65 0.336735 0.203704 0.20122
1.7 0.34 0.207317 0.202381
1.75 0.343137 0.210843 0.203488
1.8 0.346154 0.214286 0.204545
1.85 0.349057 0.217647 0.205556
1.9 0.351852 0.22093 0.206522
1.95 0.354545 0.224138 0.207447
2 0.357143 0.227273 0.208333
2.05 0.359649 0.230337 0.209184
2.1 0.362069 0.233333 0.21
2.15 0.364407 0.236264 0.210784
2.2 0.366667 0.23913 0.211538
2.25 0.368852 0.241935 0.212264
2.3 0.370968 0.244681 0.212963
2.35 0.373016 0.247368 0.213636
2.4 0.375 0.25 0.214286
2.45 0.376923 0.252577 0.214912
2.5 0.378788 0.255102 0.215517
2.55 0.380597 0.257576 0.216102
2.6 0.382353 0.26 0.216667
2.65 0.384058 0.262376 0.217213
2.7 0.385714 0.264706 0.217742
2.75 0.387324 0.26699 0.218254
2.8 0.388889 0.269231 0.21875
2.85 0.390411 0.271429 0.219231
2.9 0.391892 0.273585 0.219697
2.95 0.393333 0.275701 0.220149
3 0.394737 0.277778 0.220588
3.05 0.396104 0.279817 0.221014
3.1 0.397436 0.281818 0.221429
3.15 0.398734 0.283784 0.221831
3.2 0.4 0.285714 0.222222
3.25 0.401235 0.287611 0.222603
3.3 0.402439 0.289474 0.222973
3.35 0.403614 0.291304 0.223333
3.4 0.404762 0.293103 0.223684
3.45 0.405882 0.294872 0.224026
3.5 0.406977 0.29661 0.224359
3.55 0.408046 0.298319 0.224684
3.6 0.409091 0.3 0.225
3.65 0.410112 0.301653 0.225309
3.7 0.411111 0.303279 0.22561
3.75 0.412088 0.304878 0.225904
3.8 0.413043 0.306452 0.22619
3.85 0.413978 0.308 0.226471
3.9 0.414894 0.309524 0.226744
3.95 0.415789 0.311024 0.227011
4 0.416667 0.3125 0.227273
4.05 0.417526 0.313953 0.227528
4.1 0.418367 0.315385 0.227778
4.15 0.419192 0.316794 0.228022
4.2 0.42 0.318182 0.228261
4.25 0.420792 0.319549 0.228495
4.3 0.421569 0.320896 0.228723
4.35 0.42233 0.322222 0.228947
4.4 0.423077 0.323529 0.229167
4.45 0.42381 0.324818 0.229381
4.5 0.424528 0.326087 0.229592
4.55 0.425234 0.327338 0.229798
4.6 0.425926 0.328571 0.23
4.65 0.426606 0.329787 0.230198
4.7 0.427273 0.330986 0.230392
4.75 0.427928 0.332168 0.230583
4.8 0.428571 0.333333 0.230769
4.85 0.429204 0.334483 0.230952
4.9 0.429825 0.335616 0.231132
4.95 0.430435 0.336735 0.231308
5 0.431034 0.337838 0.231481
5.05 0.431624 0.338926 0.231651
5.1 0.432203 0.34 0.231818
5.15 0.432773 0.34106 0.231982
5.2 0.433333 0.342105 0.232143
5.25 0.433884 0.343137 0.232301
5.3 0.434426 0.344156 0.232456
5.35 0.434959 0.345161 0.232609
5.4 0.435484 0.346154 0.232759
5.45 0.436 0.347134 0.232906
5.5 0.436508 0.348101 0.233051
5.55 0.437008 0.349057 0.233193
5.6 0.4375 0.35 0.233333
5.65 0.437984 0.350932 0.233471
5.7 0.438462 0.351852 0.233607
5.75 0.438931 0.352761 0.23374
5.8 0.439394 0.353659 0.233871
5.85 0.43985 0.354545 0.234
5.9 0.440299 0.355422 0.234127
5.95 0.440741 0.356287 0.234252
6 0.441176 0.357143 0.234375
6.05 0.441606 0.357988 0.234496
6.1 0.442029 0.358824 0.234615
6.15 0.442446 0.359649 0.234733
6.2 0.442857 0.360465 0.234848
6.25 0.443262 0.361272 0.234962
6.3 0.443662 0.362069 0.235075
6.35 0.444056 0.362857 0.235185
6.4 0.444444 0.363636 0.235294
6.45 0.444828 0.364407 0.235401
6.5 0.445205 0.365169 0.235507
6.55 0.445578 0.365922 0.235612
6.6 0.445946 0.366667 0.235714
6.65 0.446309 0.367403 0.235816
6.7 0.446667 0.368132 0.235915
6.75 0.44702 0.368852 0.236014
6.8 0.447368 0.369565 0.236111
6.85 0.447712 0.37027 0.236207
6.9 0.448052 0.370968 0.236301
6.95 0.448387 0.371658 0.236395
7 0.448718 0.37234 0.236486
7.05 0.449045 0.373016 0.236577
7.1 0.449367 0.373684 0.236667
7.15 0.449686 0.374346 0.236755
7.2 0.45 0.375 0.236842
7.25 0.450311 0.375648 0.236928
7.3 0.450617 0.376289 0.237013
7.35 0.45092 0.376923 0.237097
7.4 0.45122 0.377551 0.237179
7.45 0.451515 0.378173 0.237261
7.5 0.451807 0.378788 0.237342
7.55 0.452096 0.379397 0.237421
7.6 0.452381 0.38 0.2375
7.65 0.452663 0.380597 0.237578
7.7 0.452941 0.381188 0.237654
7.75 0.453216 0.381773 0.23773
7.8 0.453488 0.382353 0.237805
7.85 0.453757 0.382927 0.237879
7.9 0.454023 0.383495 0.237952
7.95 0.454286 0.384058 0.238024
8 0.454545 0.384615 0.238095
