d Elow Ehigh aA aB wB
0 -1 1 0 0 0.5
0.05 -1.00031 1.00031 0.025 -0.025 0.512496
0.1 -1.00125 1.00125 0.05 -0.05 0.524969
0.15 -1.00281 1.00281 0.075 -0.075 0.537395
0.2 -1.00499 1.00499 0.1 -0.1 0.549752
0.25 -1.00778 1.00778 0.125 -0.125 0.562017
0.3 -1.01119 1.01119 0.15 -0.15 0.57417
0.35 -1.0152 1.0152 0.175 -0.175 0.58619
0.4 -1.0198 1.0198 0.2 -0.2 0.598058
0.45 -1.025 1.025 0.225 -0.225 0.609756
0.5 -1.03078 1.03078 0.25 -0.25 0.621268
0.55 -1.03712 1.03712 0.275 -0.275 0.632578
0.6 -1.04403 1.04403 0.3 -0.3 0.643674
0.65 -1.05149 1.05149 0.325 -0.325 0.654543
0.7 -1.05948 1.05948 0.35 -0.35 0.665175
0.75 -1.068 1.068 0.375 -0.375 0.675562
0.8 -1.07703 1.07703 0.4 -0.4 0.685695
0.85 -1.08657 1.08657 0.425 -0.425 0.69557
0.9 -1.09659 1.09659 0.45 -0.45 0.705182
0.95 -1.10708 1.10708 0.475 -0.475 0.714528
1 -1.11803 1.11803 0.5 -0.5 0.723607
1.05 -1.12944 1.12944 0.525 -0.525 0.732417
1.1 -1.14127 1.14127 0.55 -0.55 0.740959
1.15 -1.15353 1.15353 0.575 -0.575 0.749236
1.2 -1.16619 1.16619 0.6 -0.6 0.757248
1.25 -1.17925 1.17925 0.625 -0.625 0.764999
1.3 -1.19269 1.19269 0.65 -0.65 0.772494
1.35 -1.20649 1.20649 0.675 -0.675 0.779736
1.4 -1.22066 1.22066 0.7 -0.7 0.786731
1.45 -1.23516 1.23516 0.725 -0.725 0.793484
1.5 -1.25 1.25 0.75 -0.75 0.8
1.55 -1.26516 1.26516 0.775 -0.775 0.806286
1.6 -1.28062 1.28062 0.8 -0.8 0.812348
1.65 -1.29639 1.29639 0.825 -0.825 0.818191
1.7 -1.31244 1.31244 0.85 -0.85 0.823824
1.75 -1.32877 1.32877 0.875 -0.875 0.829252
1.8 -1.34536 1.34536 0.9 -0.9 0.834482
1.85 -1.36221 1.36221 0.925 -0.925 0.839521
1.9 -1.37931 1.37931 0.95 -0.95 0.844375
1.95 -1.39665 1.39665 0.975 -0.975 0.84905
2 -1.41421 1.41421 1 -1 0.853553
2.05 -1.432 1.432 1.025 -1.025 0.857891
2.1 -1.45 1.45 1.05 -1.05 0.862069
2.15 -1.4682 1.4682 1.075 -1.075 0.866093
2.2 -1.48661 1.48661 1.1 -1.1 0.86997
2.25 -1.5052 1.5052 1.125 -1.125 0.873705
2.3 -1.52398 1.52398 1.15 -1.15 0.877303
2.35 -1.54293 1.54293 1.175 -1.175 0.88077
2.4 -1.56205 1.56205 1.2 -1.2 0.884111
2.45 -1.58134 1.58134 1.225 -1.225 0.887331
2.5 -1.60078 1.60078 1.25 -1.25 0.890434
2.55 -1.62038 1.62038 1.275 -1.275 0.893427
2.6 -1.64012 1.64012 1.3 -1.3 0.896312
2.65 -1.66001 1.66001 1.325 -1.325 0.899095
2.7 -1.68003 1.68003 1.35 -1.35 0.901779
2.75 -1.70018 1.70018 1.375 -1.375 0.904368
2.8 -1.72047 1.72047 1.4 -1.4 0.906867
2.85 -1.74087 1.74087 1.425 -1.425 0.909278
2.9 -1.76139 1.76139 1.45 -1.45 0.911606
2.95 -1.78203 1.78203 1.475 -1.475 0.913854
3 -1.80278 1.80278 1.5 -1.5 0.916025
3.05 -1.82363 1.82363 1.525 -1.525 0.918122
3.1 -1.84459 1.84459 1.55 -1.55 0.920148
3.15 -1.86564 1.86564 1.575 -1.575 0.922106
3.2 -1.8868 1.8868 1.6 -1.6 0.923999
3.25 -1.90804 1.90804 1.625 -1.625 0.925829
3.3 -1.92938 1.92938 1.65 -1.65 0.927599
3.35 -1.9508 1.9508 1.675 -1.675 0.929311
3.4 -1.97231 1.97231 1.7 -1.7 0.930967
3.45 -1.9939 1.9939 1.725 -1.725 0.93257
3.5 -2.01556 2.01556 1.75 -1.75 0.934122
3.55 -2.03731 2.03731 1.775 -1.775 0.935624
3.6 -2.05913 2.05913 1.8 -1.8 0.937079
3.65 -2.08102 2.08102 1.825 -1.825 0.938488
3.7 -2.10297 2.10297 1.85 -1.85 0.939853
3.75 -2.125 2.125 1.875 -1.875 0.941176
3.8 -2.14709 2.14709 1.9 -1.9 0.942459
3.85 -2.16925 2.16925 1.925 -1.925 0.943703
3.9 -2.19146 2.19146 1.95 -1.95 0.944909
3.95 -2.21374 2.21374 1.975 -1.975 0.946079
4 -2.23607 2.23607 2 -2 0.947214
4.05 -2.25846 2.25846 2.025 -2.025 0.948315
4.1 -2.2809 2.2809 2.05 -2.05 0.949384
4.15 -2.30339 2.30339 2.075 -2.075 0.950422
4.2 -2.32594 2.32594 2.1 -2.1 0.95143
4.25 -2.34854 2.34854 2.125 -2.125 0.952409
4.3 -2.37118 2.37118 2.15 -2.15 0.953361
4.35 -2.39387 2.39387 2.175 -2.175 0.954285
4.4 -2.41661 2.41661 2.2 -2.2 0.955183
4.45 -2.43939 2.43939 2.225 -2.225 0.956057
4.5 -2.46221 2.46221 2.25 -2.25 0.956906
4.55 -2.48508 2.48508 2.275 -2.275 0.957732
4.6 -2.50799 2.50799 2.3 -2.3 0.958535
4.65 -2.53093 2.53093 2.325 -2.325 0.959317
4.7 -2.55392 2.55392 2.35 -2.35 0.960077
4.75 -2.57694 2.57694 2.375 -2.375 0.960818
4.8 -2.6 2.6 2.4 -2.4 0.961538
4.85 -2.62309 2.62309 2.425 -2.425 0.96224
4.9 -2.64622 2.64622 2.45 -2.45 0.962924
4.95 -2.66939 2.66939 2.475 -2.475 0.96359
5 -2.69258 2.69258 2.5 -2.5 0.964238
5.05 -2.71581 2.71581 2.525 -2.525 0.96487
5.1 -2.73907 2.73907 2.55 -2.55 0.965487
5.15 -2.76236 2.76236 2.575 -2.575 0.966087
5.2 -2.78568 2.78568 2.6 -2.6 0.966673
5.25 -2.80903 2.80903 2.625 -2.625 0.967244
5.3 -2.8324 2.8324 2.65 -2.65 0.967801
5.35 -2.85581 2.85581 2.675 -2.675 0.968344
5.4 -2.87924 2.87924 2.7 -2.7 0.968874
5.45 -2.90269 2.90269 2.725 -2.725 0.969392
5.5 -2.92617 2.92617 2.75 -2.75 0.969897
5.55 -2.94968 2.94968 2.775 -2.775 0.97039
5.6 -2.97321 2.97321 2.8 -2.8 0.970871
5.65 -2.99677 2.99677 2.825 -2.825 0.971341
5.7 -3.02035 3.02035 2.85 -2.85 0.9718
5.75 -3.04395 3.04395 2.875 -2.875 0.972248
5.8 -3.06757 3.06757 2.9 -2.9 0.972686
5.85 -3.09122 3.09122 2.925 -2.925 0.973115
5.9 -3.11488 3.11488 2.95 -2.95 0.973533
5.95 -3.13857 3.13857 2.975 -2.975 0.973942
6 -3.16228 3.16228 3 -3 0.974342
6.05 -3.186 3.186 3.025 -3.025 0.974733
6.1 -3.20975 3.20975 3.05 -3.05 0.975115
6.15 -3.23352 3.23352 3.075 -3.075 0.975489
6.2 -3.2573 3.2573 3.1 -3.1 0.975854
6.25 -3.2811 3.2811 3.125 -3.125 0.976212
6.3 -3.30492 3.30492 3.15 -3.15 0.976562
6.35 -3.32876 3.32876 3.175 -3.175 0.976905
6.4 -3.35261 3.35261 3.2 -3.2 0.97724
6.45 -3.37648 3.37648 3.225 -3.225 0.977568
6.5 -3.40037 3.40037 3.25 -3.25 0.97789
6.55 -3.42427 3.42427 3.275 -3.275 0.978204
6.6 -3.44819 3.44819 3.3 -3.3 0.978512
6.65 -3.47212 3.47212 3.325 -3.325 0.978814
6.7 -3.49607 3.49607 3.35 -3.35 0.97911
6.75 -3.52003 3.52003 3.375 -3.375 0.979399
6.8 -3.54401 3.54401 3.4 -3.4 0.979683
6.85 -3.568 3.568 3.425 -3.425 0.979961
6.9 -3.59201 3.59201 3.45 -3.45 0.980233
6.95 -3.61602 3.61602 3.475 -3.475 0.9805
7 -3.64005 3.64005 3.5 -3.5 0.980762
7.05 -3.6641 3.6641 3.525 -3.525 0.981019
7.1 -3.68816 3.68816 3.55 -3.55 0.98127
7.15 -3.71223 3.71223 3.575 -3.575 0.981517
7.2 -3.73631 3.73631 3.6 -3.6 0.981759
7.25 -3.7604 3.7604 3.625 -3.625 0.981996
7.3 -3.78451 3.78451 3.65 -3.65 0.982229
7.35 -3.80863 3.80863 3.675 -3.675 0.982458
7.4 -3.83275 3.83275 3.7 -3.7 0.982682
7.45 -3.85689 3.85689 3.725 -3.725 0.982902
7.5 -3.88104 3.88104 3.75 -3.75 0.983117
7.55 -3.9052 3.9052 3.775 -3.775 0.983329
7.6 -3.92938 3.92938 3.8 -3.8 0.983537
7.65 -3.95356 3.95356 3.825 -3.825 0.983741
7.7 -3.97775 3.97775 3.85 -3.85 0.983942
7.75 -4.00195 4.00195 3.875 -3.875 0.984139
7.8 -4.02616 4.02616 3.9 -3.9 0.984332
7.85 -4.05039 4.05039 3.925 -3.925 0.984522
7.9 -4.07462 4.07462 3.95 -3.95 0.984708
7.95 -4.09886 4.09886 3.975 -3.975 0.984891
8 -4.12311 4.12311 4 -4 0.985071
