T H
300 1.94533
350 54.5219
400 107.098
450 159.675
500 212.251
550 269.801
600 327.35
650 384.9
700 442.449
750 499.998
800 557.548
850 615.097
900 672.646
950 730.196
1000 787.745
1050 851.486
1100 915.227
1150 978.968
1200 1042.71
1250 1106.45
1300 1170.19
1350 1233.93
1400 1297.67
1450 1361.41
1500 1425.16
1550 1492.63
1600 1560.09
1650 1627.56
1700 1695.03
1750 1762.5
1800 1829.97
1850 1897.44
1900 1964.91
1950 2032.38
2000 2099.85
2050 2168.79
2100 2237.73
2150 2307.05
2200 2376.36
2250 2446.04
2300 2515.73
2350 2585.71
2400 2655.7
2450 2725.98
2500 2796.26
2550 2867.27
2600 2938.29
2650 3009.3
2700 3080.32
2750 3151.33
2800 3222.35
2850 3293.36
2900 3364.38
2950 3435.39
3000 3506.41
