x y u v
0.853186 0.487833 -0.860268 0.499338
0.853186 0.487833 0.010962 -0.998739
0.853186 0.487833 0.864786 0.48891
-0.00708249 0.987171 -0.858943 -0.487171
-0.00708249 0.987171 -0.00612912 0.994616
-0.866025 0.5 1.11022e-16 -1
-0.866025 -0.5 0.866025 -0.5
-1.83697e-16 -1 0.864148 0.489094
0.864148 -0.510906 0.867903 -0.489094
2.56618 0.471106 -0.848211 0.505637
2.56618 0.471106 0.027434 -0.995593
2.56618 0.471106 0.860495 0.483072
1.71797 0.976743 0.0300165 0.996529
1.73205 -1 0.861566 0.475513
2.59362 -0.524487 0.870485 -0.475513
4.25274 0.425695 -0.826061 0.528482
4.25274 0.425695 0.0668615 -0.991394
4.25274 0.425695 0.855598 0.422873
3.42668 0.954178 0.05776 0.991656
3.4641 -1 0.855499 0.434301
4.3196 -0.565699 0.876552 -0.434301
5.97221 0.351412 -0.863876 0.497157
5.97221 0.351412 0.0867299 -0.960802
5.97221 0.351412 0.813348 0.578666
5.10834 0.848569 0.122436 1.00477
5.19615 -1 0.862789 0.39061
6.05894 -0.60939 0.869261 -0.39061
7.67553 0.502762 -0.889974 0.427316
7.67553 0.502762 0.109191 -1.00899
7.67553 0.502762 0.887829 0.443077
6.78556 0.930077 -0.542929 0.85559
6.9282 -1 0.856523 0.493774
7.78473 -0.506226 0.875528 -0.493774
9.47418 0.502076 -0.910819 0.443763
9.47418 0.502076 0.0469266 -1.00653
9.47418 0.502076 0.906405 0.446508
8.56336 0.945838 -0.0390766 1.00759
8.66025 -1 0.860856 0.495548
9.52111 -0.504452 0.871195 -0.495548
11.26 0.492613 -0.879459 0.455971
11.26 0.492613 -0.00171709 -0.992613
11.26 0.492613 0.864308 0.507387
10.3806 0.948584 0.0123046 1.01122
10.3923 -1 0.866025 0.5
1.74799 1.97327 -0.878837 0.467027
1.74799 1.97327 0.88121 0.48047
0.869151 2.4403 -0.882362 -0.458512
0.869151 2.4403 -0.0123599 0.988547
-0.0132116 1.98179 -0.852814 0.518213
3.48444 1.94583 -0.855239 0.507909
3.48444 1.94583 0.899673 0.435859
2.6292 2.45374 0.0133712 0.997143
5.23077 1.85334 -0.846661 0.528354
5.23077 1.85334 1.01186 -0.0676719
4.38411 2.38169 -0.0369572 1.03038
6.766 2.54833 -0.523367 -0.762668
6.766 2.54833 0.995958 0.0154943
6.766 2.54833 -0.552585 0.847654
8.52429 1.95343 -0.76233 0.610399
8.52429 1.95343 0.937782 0.244281
7.76196 2.56383 0.0798781 1.00526
10.3929 1.95981 -0.930824 0.237905
10.3929 1.95981 0.833905 0.550516
12.1244 2 -0.897557 0.510322
12.1244 2 -1.77636e-15 -1
11.2268 2.51032 0.0110511 1.0139
0.856791 3.42885 -0.85083 0.511324
0.856791 3.42885 0.889431 0.447533
0.00596094 3.94017 -0.871986 -0.440171
0.00596094 3.94017 -0.0866104 0.986418
-0.866025 3.5 1.11022e-16 -1
2.64257 3.45088 -0.896348 0.425495
2.64257 3.45088 0.869354 0.532554
1.74622 3.87638 -0.106449 0.957852
4.34715 3.41207 -0.83523 0.571367
4.34715 3.41207 0.951593 0.189645
3.51192 3.98344 -0.166918 1.02225
6.21341 3.39599 -0.914668 0.205728
6.21341 3.39599 0.736879 0.667547
7.84184 3.56908 -0.891542 0.494451
7.84184 3.56908 0.836175 0.451188
6.95029 4.06354 -0.158731 0.955325
9.58621 3.78097 -0.908195 0.239301
9.58621 3.78097 0.873183 0.368127
8.67801 4.02027 -0.124465 0.95913
11.2378 3.52422 -0.778461 0.624875
11.2378 3.52422 0.886506 0.475776
10.4594 4.1491 -0.134479 1.01473
1.63977 4.83423 -0.858395 0.518986
1.63977 4.83423 0.802131 0.606822
0.781378 5.35322 -0.862028 -0.426628
0.781378 5.35322 0.0946125 1.00687
-0.0806495 4.92659 -0.785376 0.573411
3.345 5.00568 -0.903101 0.43537
3.345 5.00568 0.807956 0.597886
2.4419 5.44105 -0.543633 0.860469
5.05075 5.22127 -0.897785 0.382299
5.05075 5.22127 0.913936 0.334672
4.15296 5.60357 0.0286198 1.0047
6.79156 5.01886 -0.826881 0.537082
6.79156 5.01886 0.877468 0.423595
5.96468 5.55594 0.0629885 1.00598
8.55355 4.9794 -0.884516 0.463053
8.55355 4.9794 0.843581 0.561568
7.66903 5.44246 0.124443 0.996201
10.3249 5.16383 -0.927783 0.377144
10.3249 5.16383 0.924258 0.402423
9.39713 5.54097 -0.587407 0.832653
12.1244 5 -0.875189 0.566249
12.1244 5 -1.77636e-15 -1
11.2492 5.56625 -0.0746973 1.01193
0.875991 6.36009 -0.793543 0.59707
0.875991 6.36009 1.02228 -0.0585642
0.0824479 6.95716 -0.948473 -0.457157
0.0824479 6.95716 -0.0824479 1.04284
-0.866025 6.5 1.11022e-16 -1
2.31831 7.13235 -0.420039 -0.830832
2.31831 7.13235 1.02059 -0.0179099
2.31831 7.13235 -0.568673 0.845282
4.18158 6.60827 -0.842683 0.506175
4.18158 6.60827 0.944937 0.407029
3.3389 7.11444 0.143288 1.00473
6.02767 6.56192 -0.901152 0.453375
6.02767 6.56192 0.930194 0.418231
5.12652 7.0153 0.0688093 1.00228
7.79347 6.43866 -0.835609 0.541498
7.79347 6.43866 1.01625 -0.0650338
6.95786 6.98016 -0.0200083 1.00702
9.28893 7.1606 -0.479208 -0.786978
9.28893 7.1606 1.02546 -0.0760355
9.28893 7.1606 -0.601016 0.829013
11.1745 6.57818 -0.860084 0.506386
11.1745 6.57818 0.949886 0.42182
10.3144 7.08457 0.10569 1.01517
1.74964 7.97764 -0.883612 0.522363
1.74964 7.97764 0.848439 0.522363
0.866025 8.5 -0.866025 -0.5
3.48219 8.11917 -0.884109 0.380825
3.48219 8.11917 0.847941 0.380825
5.19533 8.01758 -0.8652 0.482418
5.19533 8.01758 0.866851 0.482418
6.93786 7.98717 -0.875677 0.512827
6.93786 7.98717 0.856373 0.512827
8.68791 7.98961 -0.893683 0.510385
8.68791 7.98961 0.838368 0.510385
10.4201 8.09973 -0.893796 0.400269
10.4201 8.09973 0.838255 0.400269
12.1244 8 -0.866025 0.5
12.1244 8 -1.77636e-15 -1
5.29875 3.60172 -0.0756825 0.494239
5.05075 5.22127 0.0756825 -0.494239
9.46207 2.19771 0.0390827 0.49847
9.58621 3.78097 -0.0390827 -0.49847
