J T100 T300 T1000
0 0.0274068 0.009192 0.00276354
1 0.0777953 0.0270721 0.00824488
2 0.116078 0.0434864 0.0135903
3 0.137658 0.0576044 0.0187132
4 0.141854 0.0687964 0.0235333
5 0.131481 0.0766784 0.0279782
6 0.111495 0.0811281 0.0319856
7 0.0873419 0.0822733 0.0355046
8 0.0635877 0.0804539 0.0384965
9 0.0431961 0.0761683 0.0409357
10 0.0274568 0.0700089 0.0428097
11 0.0163634 0.0625989 0.0441187
12 0.00915744 0.054535 0.0448749
13 0.00481793 0.0463432 0.0451018
14 0.00238524 0.0384503 0.0448323
15 0.001112 0.0311698 0.0441079
16 0.000488476 0.0247029 0.0429761
17 0.000202281 0.0191494 0.0414894
18 7.89991e-05 0.0145255 0.039703
19 2.91066e-05 0.0107853 0.0376736
20 1.01203e-05 0.0078411 0.0354572
21 3.32148e-06 0.00558316 0.0331081
22 1.02921e-06 0.00389434 0.0306776
23 3.01158e-07 0.00266146 0.0282129
24 8.32279e-08 0.00178242 0.0257563
25 2.17267e-08 0.00116995 0.0233449
26 5.35828e-09 0.000752748 0.0210102
27 1.24857e-09 0.000474791 0.0187779
28 2.74914e-10 0.000293611 0.0166681
29 5.72034e-11 0.000178032 0.0146957
30 1.12492e-11 0.000105856 0.0128703
31 2.09087e-12 6.17248e-05 0.0111975
32 3.67341e-13 3.52985e-05 0.00967852
33 6.10063e-14 1.97985e-05 0.0083116
34 9.57782e-15 1.08921e-05 0.00709203
35 1.42157e-15 5.87785e-06 0.00601297
36 1.99479e-16 3.11151e-06 0.00506594
37 2.64653e-17 1.61581e-06 0.00424134
38 3.31986e-18 8.23172e-07 0.00352885
39 3.93771e-19 4.11424e-07 0.00291789
40 4.41635e-20 2.01744e-07 0.00239785
