t mz mxy
0 -1 1
0.05 -0.95062 0.904837
0.1 -0.902459 0.818731
0.15 -0.855487 0.740818
0.2 -0.809675 0.67032
0.25 -0.764994 0.606531
0.3 -0.721416 0.548812
0.35 -0.678914 0.496585
0.4 -0.637462 0.449329
0.45 -0.597032 0.40657
0.5 -0.557602 0.367879
0.55 -0.519144 0.332871
0.6 -0.481636 0.301194
0.65 -0.445055 0.272532
0.7 -0.409376 0.246597
0.75 -0.374579 0.22313
0.8 -0.34064 0.201897
0.85 -0.30754 0.182684
0.9 -0.275256 0.165299
0.95 -0.24377 0.149569
1 -0.213061 0.135335
1.05 -0.183111 0.122456
1.1 -0.1539 0.110803
1.15 -0.12541 0.100259
1.2 -0.0976233 0.090718
1.25 -0.0705229 0.082085
1.3 -0.0440916 0.0742736
1.35 -0.0183128 0.0672055
1.4 0.00682939 0.0608101
1.45 0.0313509 0.0550232
1.5 0.0552669 0.0497871
1.55 0.0785924 0.0450492
1.6 0.101342 0.0407622
1.65 0.12353 0.0368832
1.7 0.14517 0.0333733
1.75 0.166276 0.0301974
1.8 0.186861 0.0273237
1.85 0.206937 0.0247235
1.9 0.226518 0.0223708
1.95 0.245615 0.0202419
2 0.264241 0.0183156
2.05 0.282407 0.0165727
2.1 0.300125 0.0149956
2.15 0.317404 0.0135686
2.2 0.334258 0.0122773
2.25 0.350695 0.011109
2.3 0.366726 0.0100518
2.35 0.382362 0.00909528
2.4 0.397612 0.00822975
2.45 0.412485 0.00744658
2.5 0.42699 0.00673795
2.55 0.441138 0.00609675
2.6 0.454936 0.00551656
2.65 0.468394 0.00499159
2.7 0.481519 0.00451658
2.75 0.494321 0.00408677
2.8 0.506806 0.00369786
2.85 0.518983 0.00334597
2.9 0.530859 0.00302755
2.95 0.542443 0.00273944
3 0.55374 0.00247875
3.05 0.564758 0.00224287
3.1 0.575504 0.00202943
3.15 0.585985 0.0018363
3.2 0.596207 0.00166156
3.25 0.606177 0.00150344
3.3 0.6159 0.00136037
3.35 0.625384 0.00123091
3.4 0.634633 0.00111378
3.45 0.643654 0.00100779
3.5 0.652452 0.000911882
3.55 0.661033 0.000825105
3.6 0.669402 0.000746586
3.65 0.677565 0.000675539
3.7 0.685526 0.000611253
3.75 0.69329 0.000553084
3.8 0.700863 0.000500451
3.85 0.708248 0.000452827
3.9 0.715452 0.000409735
3.95 0.722477 0.000370744
4 0.729329 0.000335463
4.05 0.736012 0.000303539
4.1 0.74253 0.000274654
4.15 0.748887 0.000248517
4.2 0.755087 0.000224867
4.25 0.761134 0.000203468
4.3 0.767032 0.000184106
4.35 0.772784 0.000166586
4.4 0.778394 0.000150733
4.45 0.783865 0.000136389
4.5 0.789202 0.00012341
4.55 0.794406 0.000111666
4.6 0.799482 0.000101039
4.65 0.804433 9.14242e-05
4.7 0.809262 8.27241e-05
4.75 0.813971 7.48518e-05
4.8 0.818564 6.77287e-05
4.85 0.823044 6.12835e-05
4.9 0.827413 5.54516e-05
4.95 0.831674 5.01747e-05
5 0.83583 4.53999e-05
5.05 0.839883 4.10796e-05
5.1 0.843837 3.71703e-05
5.15 0.847692 3.36331e-05
5.2 0.851453 3.04325e-05
5.25 0.85512 2.75364e-05
5.3 0.858698 2.4916e-05
5.35 0.862186 2.25449e-05
5.4 0.865589 2.03995e-05
5.45 0.868908 1.84582e-05
5.5 0.872144 1.67017e-05
5.55 0.875301 1.51123e-05
5.6 0.87838 1.36742e-05
5.65 0.881383 1.23729e-05
5.7 0.884311 1.11955e-05
5.75 0.887168 1.01301e-05
5.8 0.889954 9.16609e-06
5.85 0.892671 8.29382e-06
5.9 0.895321 7.50456e-06
5.95 0.897905 6.7904e-06
6 0.900426 6.14421e-06
6.05 0.902884 5.55951e-06
6.1 0.905282 5.03046e-06
6.15 0.907621 4.55174e-06
6.2 0.909902 4.11859e-06
6.25 0.912126 3.72665e-06
6.3 0.914296 3.37202e-06
6.35 0.916412 3.05113e-06
6.4 0.918476 2.76077e-06
6.45 0.920488 2.49805e-06
6.5 0.922452 2.26033e-06
6.55 0.924366 2.04523e-06
6.6 0.926234 1.8506e-06
6.65 0.928055 1.67449e-06
6.7 0.929831 1.51514e-06
6.75 0.931564 1.37096e-06
6.8 0.933253 1.2405e-06
6.85 0.934901 1.12245e-06
6.9 0.936509 1.01563e-06
6.95 0.938076 9.18981e-07
7 0.939605 8.31529e-07
7.05 0.941096 7.52398e-07
7.1 0.942551 6.80798e-07
7.15 0.943969 6.16012e-07
7.2 0.945353 5.5739e-07
7.25 0.946702 5.04348e-07
7.3 0.948018 4.56353e-07
7.35 0.949301 4.12925e-07
7.4 0.950553 3.7363e-07
7.45 0.951774 3.38074e-07
7.5 0.952965 3.05902e-07
7.55 0.954126 2.76792e-07
7.6 0.955258 2.50452e-07
7.65 0.956363 2.26618e-07
7.7 0.957441 2.05052e-07
7.75 0.958491 1.85539e-07
7.8 0.959516 1.67883e-07
7.85 0.960516 1.51907e-07
7.9 0.961491 1.37451e-07
7.95 0.962441 1.24371e-07
8 0.963369 1.12535e-07
8.05 0.964273 1.01826e-07
8.1 0.965155 9.2136e-08
8.15 0.966016 8.33681e-08
8.2 0.966855 7.54346e-08
8.25 0.967673 6.8256e-08
8.3 0.968471 6.17606e-08
8.35 0.96925 5.58833e-08
8.4 0.970009 5.05653e-08
8.45 0.970749 4.57534e-08
8.5 0.971472 4.13994e-08
8.55 0.972176 3.74597e-08
8.6 0.972863 3.38949e-08
8.65 0.973533 3.06694e-08
8.7 0.974186 2.77508e-08
8.75 0.974824 2.511e-08
8.8 0.975445 2.27205e-08
8.85 0.976052 2.05583e-08
8.9 0.976643 1.86019e-08
8.95 0.97722 1.68317e-08
9 0.977782 1.523e-08
9.05 0.978331 1.37807e-08
9.1 0.978866 1.24693e-08
9.15 0.979387 1.12826e-08
9.2 0.979896 1.0209e-08
9.25 0.980393 9.23745e-09
9.3 0.980877 8.35839e-09
9.35 0.981349 7.56298e-09
9.4 0.981809 6.84327e-09
9.45 0.982259 6.19205e-09
9.5 0.982697 5.6028e-09
9.55 0.983124 5.06962e-09
9.6 0.983541 4.58718e-09
9.65 0.983947 4.15065e-09
9.7 0.984343 3.75567e-09
9.75 0.98473 3.39827e-09
9.8 0.985107 3.07488e-09
9.85 0.985475 2.78227e-09
9.9 0.985833 2.5175e-09
9.95 0.986183 2.27793e-09
10 0.986524 2.06115e-09
