x HG HG2
0 0 0
0.01 0.009899 0.009797
0.02 0.0197939 0.0195813
0.03 0.0296843 0.0293518
0.04 0.0395701 0.0391071
0.05 0.0494509 0.0488455
0.06 0.0593264 0.0585654
0.07 0.0691961 0.0682647
0.08 0.0790599 0.0779411
0.09 0.0889171 0.0875918
0.1 0.0987673 0.0972139
0.11 0.10861 0.106804
0.12 0.118445 0.116357
0.13 0.128271 0.125868
0.14 0.138087 0.135331
0.15 0.147894 0.14474
0.16 0.157689 0.154085
0.17 0.167472 0.163356
0.18 0.177242 0.17254
0.19 0.186998 0.181621
0.2 0.196739 0.190579
0.21 0.206462 0.199389
0.22 0.216166 0.208018
0.23 0.22585 0.216425
0.24 0.23551 0.224555
0.25 0.245144 0.232337
0.26 0.25475 0.239675
0.27 0.264324 0.246441
0.28 0.273862 0.252465
0.29 0.283358 0.257523
0.3 0.292809 0.261333
0.31 0.302207 0.263565
0.32 0.311545 0.263887
0.33 0.320813 0.262058
0.34 0.33 0.258031
0.35 0.339093 0.252006
0.36 0.348076 0.244375
0.37 0.356929 0.235603
0.38 0.365626 0.226117
0.39 0.374137 0.216263
0.4 0.382423 0.206296
0.41 0.390436 0.196391
0.42 0.398112 0.186667
0.43 0.405376 0.177199
0.44 0.412129 0.168036
0.45 0.418253 0.159205
0.46 0.423606 0.150718
0.47 0.428026 0.142582
0.48 0.431345 0.134793
0.49 0.433411 0.127347
0.5 0.434113 0.120235
0.51 0.433411 0.113447
0.52 0.431345 0.106971
0.53 0.428026 0.100797
0.54 0.423606 0.0949124
0.55 0.418253 0.0893051
0.56 0.412129 0.083964
0.57 0.405376 0.0788776
0.58 0.398112 0.0740351
0.59 0.390436 0.0694261
0.6 0.382423 0.0650405
0.61 0.374137 0.0608687
0.62 0.365626 0.0569016
0.63 0.356929 0.0531303
0.64 0.348076 0.0495466
0.65 0.339093 0.0461426
0.66 0.33 0.0429108
0.67 0.320813 0.039844
0.68 0.311545 0.0369354
0.69 0.302207 0.0341787
0.7 0.292809 0.0315677
0.71 0.283358 0.0290966
0.72 0.273862 0.0267598
0.73 0.264324 0.0245522
0.74 0.25475 0.0224686
0.75 0.245144 0.0205045
0.76 0.23551 0.0186552
0.77 0.22585 0.0169164
0.78 0.216166 0.0152841
0.79 0.206462 0.0137544
0.8 0.196739 0.0123235
0.81 0.186998 0.0109879
0.82 0.177242 0.00974422
0.83 0.167472 0.00858923
0.84 0.157689 0.00751985
0.85 0.147894 0.00653313
0.86 0.138087 0.00562627
0.87 0.128271 0.00479658
0.88 0.118445 0.00404149
0.89 0.10861 0.00335855
0.9 0.0987673 0.0027454
0.91 0.0889171 0.00219978
0.92 0.0790599 0.00171954
0.93 0.0691961 0.00130261
0.94 0.0593264 0.000947013
0.95 0.0494509 0.000650841
0.96 0.0395701 0.00041227
0.97 0.0296843 0.000229549
0.98 0.0197939 0.000100997
0.99 0.009899 2.49981e-05
1 0 0
