T chiT_para chiT_sco
20 4.37673 1.65806e-35
22 4.37673 6.03924e-32
24 4.37673 5.60792e-29
26 4.37673 1.81984e-26
28 4.37673 2.58534e-24
30 4.37673 1.89672e-22
32 4.37673 8.13401e-21
34 4.37673 2.24166e-19
36 4.37673 4.27372e-18
38 4.37673 5.9742e-17
40 4.37673 6.41515e-16
42 4.37673 5.49477e-15
44 4.37673 3.87167e-14
46 4.37673 2.30204e-13
48 4.37673 1.1798e-12
50 4.37673 5.30552e-12
52 4.37673 2.12532e-11
54 4.37673 7.68202e-11
56 4.37673 2.53318e-10
58 4.37673 7.69342e-10
60 4.37673 2.16975e-09
62 4.37673 5.72332e-09
64 4.37673 1.42089e-08
66 4.37673 3.33839e-08
68 4.37673 7.4592e-08
70 4.37673 1.59183e-07
72 4.37673 3.25694e-07
74 4.37673 6.41089e-07
76 4.37673 1.21772e-06
78 4.37673 2.23814e-06
80 4.37673 3.99034e-06
82 4.37673 6.91644e-06
84 4.37673 1.16783e-05
86 4.37673 1.9244e-05
88 4.37673 3.09993e-05
90 4.37673 4.88882e-05
92 4.37673 7.55879e-05
94 4.37673 0.000114722
96 4.37673 0.000171114
98 4.37673 0.000251094
100 4.37673 0.000362843
102 4.37673 0.000516803
104 4.37673 0.000726129
106 4.37673 0.00100721
108 4.37673 0.00138021
110 4.37673 0.00186972
112 4.37673 0.0025054
114 4.37673 0.00332268
116 4.37673 0.0043635
118 4.37673 0.00567708
120 4.37673 0.00732067
122 4.37673 0.00936033
124 4.37673 0.0118716
126 4.37673 0.0149403
128 4.37673 0.0186628
130 4.37673 0.023147
132 4.37673 0.0285121
134 4.37673 0.034889
136 4.37673 0.04242
138 4.37673 0.0512584
140 4.37673 0.0615677
142 4.37673 0.0735202
144 4.37673 0.0872956
146 4.37673 0.103078
148 4.37673 0.121056
150 4.37673 0.141413
152 4.37673 0.164333
154 4.37673 0.189986
156 4.37673 0.218533
158 4.37673 0.250113
160 4.37673 0.284842
162 4.37673 0.32281
164 4.37673 0.36407
166 4.37673 0.408641
168 4.37673 0.456499
170 4.37673 0.507576
172 4.37673 0.561761
174 4.37673 0.618896
176 4.37673 0.678782
178 4.37673 0.741177
180 4.37673 0.805804
182 4.37673 0.872356
184 4.37673 0.940498
186 4.37673 1.00988
188 4.37673 1.08014
190 4.37673 1.15093
192 4.37673 1.22187
194 4.37673 1.29262
196 4.37673 1.36286
198 4.37673 1.43228
200 4.37673 1.50059
202 4.37673 1.56756
204 4.37673 1.63295
206 4.37673 1.69659
208 4.37673 1.75832
210 4.37673 1.81801
212 4.37673 1.87557
214 4.37673 1.93094
216 4.37673 1.98407
218 4.37673 2.03494
220 4.37673 2.08356
222 4.37673 2.12993
224 4.37673 2.17411
226 4.37673 2.21612
228 4.37673 2.25603
230 4.37673 2.2939
232 4.37673 2.3298
234 4.37673 2.3638
236 4.37673 2.39599
238 4.37673 2.42643
240 4.37673 2.45521
242 4.37673 2.48242
244 4.37673 2.50811
246 4.37673 2.53239
248 4.37673 2.55531
250 4.37673 2.57695
252 4.37673 2.59739
254 4.37673 2.61669
256 4.37673 2.63491
258 4.37673 2.65212
260 4.37673 2.66837
262 4.37673 2.68372
264 4.37673 2.69823
266 4.37673 2.71194
268 4.37673 2.7249
270 4.37673 2.73716
272 4.37673 2.74875
274 4.37673 2.75972
276 4.37673 2.77011
278 4.37673 2.77994
280 4.37673 2.78925
282 4.37673 2.79808
284 4.37673 2.80645
286 4.37673 2.81438
288 4.37673 2.82191
290 4.37673 2.82905
292 4.37673 2.83584
294 4.37673 2.84228
296 4.37673 2.84841
298 4.37673 2.85423
300 4.37673 2.85977
302 4.37673 2.86504
304 4.37673 2.87006
306 4.37673 2.87484
308 4.37673 2.87939
310 4.37673 2.88373
312 4.37673 2.88787
314 4.37673 2.89182
316 4.37673 2.89559
318 4.37673 2.89918
320 4.37673 2.90262
322 4.37673 2.9059
324 4.37673 2.90904
326 4.37673 2.91205
328 4.37673 2.91492
330 4.37673 2.91767
332 4.37673 2.9203
334 4.37673 2.92282
336 4.37673 2.92524
338 4.37673 2.92756
340 4.37673 2.92978
342 4.37673 2.93191
344 4.37673 2.93396
346 4.37673 2.93592
348 4.37673 2.9378
350 4.37673 2.93962
352 4.37673 2.94136
354 4.37673 2.94303
356 4.37673 2.94464
358 4.37673 2.94619
360 4.37673 2.94768
362 4.37673 2.94912
364 4.37673 2.9505
366 4.37673 2.95183
368 4.37673 2.95312
370 4.37673 2.95436
372 4.37673 2.95555
374 4.37673 2.9567
376 4.37673 2.95781
378 4.37673 2.95888
380 4.37673 2.95992
382 4.37673 2.96092
384 4.37673 2.96188
386 4.37673 2.96282
388 4.37673 2.96372
390 4.37673 2.96459
392 4.37673 2.96543
394 4.37673 2.96625
396 4.37673 2.96704
398 4.37673 2.9678
400 4.37673 2.96854
