t s
0 2
0.001 0.800967
0.002 -0.677301
0.003 -0.299884
0.004 0.183494
0.005 -0.951229
0.006 -1.70367
0.007 -0.288126
0.008 1.20837
0.009 0.739386
0.01 0
0.011 0.724745
0.012 1.16099
0.013 -0.271346
0.014 -1.57268
0.015 -0.860708
0.016 0.162745
0.017 -0.260707
0.018 -0.577158
0.019 0.669024
0.02 1.63746
0.021 0.655776
0.022 -0.554527
0.023 -0.245524
0.024 0.150233
0.025 -0.778801
0.026 -1.39485
0.027 -0.235897
0.028 0.989334
0.029 0.605358
0.03 0
0.031 0.593371
0.032 0.950541
0.033 -0.22216
0.034 -1.2876
0.035 -0.704688
0.036 0.133244
0.037 -0.213449
0.038 -0.472537
0.039 0.547751
0.04 1.34064
0.041 0.536904
0.042 -0.454008
0.043 -0.201018
0.044 0.123
0.045 -0.637628
0.046 -1.142
0.047 -0.193136
0.048 0.809998
0.049 0.495625
0.05 0
0.051 0.485811
0.052 0.778238
0.053 -0.181889
0.054 -1.0542
0.055 -0.57695
0.056 0.109091
0.057 -0.174757
0.058 -0.38688
0.059 0.44846
0.06 1.09762
0.061 0.43958
0.062 -0.37171
0.063 -0.16458
0.064 0.100704
0.065 -0.522046
0.066 -0.934993
0.067 -0.158127
0.068 0.66317
0.069 0.405784
0.07 0
0.071 0.397749
0.072 0.637167
0.073 -0.148918
0.074 -0.863107
0.075 -0.472367
0.076 0.0893163
0.077 -0.143079
0.078 -0.316751
0.079 0.367168
0.08 0.898658
0.081 0.359898
0.082 -0.304331
0.083 -0.134747
0.084 0.0824494
0.085 -0.427415
0.086 -0.765507
0.087 -0.129463
0.088 0.542958
0.089 0.332227
0.09 0
0.091 0.325649
0.092 0.521668
0.093 -0.121924
0.094 -0.706652
0.095 -0.386741
0.096 0.073126
0.097 -0.117143
0.098 -0.259334
0.099 0.300612
0.1 0.735759
0.101 0.294659
0.102 -0.249165
0.103 -0.110321
0.104 0.0675038
0.105 -0.349938
0.106 -0.626744
0.107 -0.105995
0.108 0.444536
0.109 0.272005
0.11 0
0.111 0.266619
0.112 0.427106
0.113 -0.0998228
0.114 -0.578558
0.115 -0.316637
0.116 0.0598705
0.117 -0.0959087
0.118 -0.212324
0.119 0.24612
0.12 0.602388
0.121 0.241247
0.122 -0.203999
0.123 -0.0903234
0.124 0.0552675
0.125 -0.286505
0.126 -0.513135
0.127 -0.0867817
0.128 0.363956
0.129 0.222699
0.13 0
0.131 0.218289
0.132 0.349685
0.133 -0.081728
0.134 -0.473683
0.135 -0.25924
0.136 0.0490178
0.137 -0.0785234
0.138 -0.173837
0.139 0.201506
0.14 0.493194
0.141 0.197516
0.142 -0.16702
0.143 -0.0739505
0.144 0.0452492
0.145 -0.23457
0.146 -0.420119
0.147 -0.0710509
0.148 0.297982
0.149 0.18233
0.15 0
0.151 0.17872
0.152 0.286298
0.153 -0.0669132
0.154 -0.387819
0.155 -0.212248
0.156 0.0401324
0.157 -0.0642895
0.158 -0.142325
0.159 0.164979
0.16 0.403793
0.161 0.161712
0.162 -0.136745
0.163 -0.0605456
0.164 0.0370469
0.165 -0.19205
0.166 -0.343965
0.167 -0.0581715
0.168 0.243967
0.169 0.149279
0.17 0
0.171 0.146323
0.172 0.234401
0.173 -0.0547839
0.174 -0.317519
0.175 -0.173774
0.176 0.0328576
0.177 -0.0526358
0.178 -0.116526
0.179 0.135074
0.18 0.330598
0.181 0.132399
0.182 -0.111957
0.183 -0.0495705
0.184 0.0303314
0.185 -0.157237
0.186 -0.281614
0.187 -0.0476268
0.188 0.199743
0.189 0.12222
0.19 0
0.191 0.1198
0.192 0.191911
0.193 -0.0448533
0.194 -0.259963
0.195 -0.142274
0.196 0.0269016
0.197 -0.0430945
0.198 -0.0954035
0.199 0.110589
0.2 0.270671
0.201 0.108399
0.202 -0.0916627
0.203 -0.0405849
0.204 0.0248333
0.205 -0.128735
0.206 -0.230566
0.207 -0.0389936
0.208 0.163536
0.209 0.100065
0.21 0
0.211 0.0980836
0.212 0.157123
0.213 -0.0367227
0.214 -0.21284
0.215 -0.116484
0.216 0.0220251
0.217 -0.0352828
0.218 -0.0781098
0.219 0.0905426
0.22 0.221606
0.221 0.0887497
0.222 -0.075047
0.223 -0.0332281
0.224 0.0203318
0.225 -0.105399
0.226 -0.188772
0.227 -0.0319252
0.228 0.133892
0.229 0.0819263
0.23 0
0.231 0.080304
0.232 0.128642
0.233 -0.030066
0.234 -0.174258
0.235 -0.0953692
0.236 0.0180327
0.237 -0.0288871
0.238 -0.0639509
0.239 0.07413
0.24 0.181436
0.241 0.0726621
0.242 -0.0614433
0.243 -0.0272049
0.244 0.0166462
0.245 -0.0862936
0.246 -0.154553
0.247 -0.0261382
0.248 0.109621
0.249 0.0670756
0.25 0
0.251 0.0657474
0.252 0.105323
0.253 -0.024616
0.254 -0.142671
0.255 -0.0780817
0.256 0.0147639
0.257 -0.0236508
0.258 -0.0523585
0.259 0.0606925
0.26 0.148547
0.261 0.0594907
0.262 -0.0503055
0.263 -0.0222735
0.264 0.0136288
0.265 -0.0706512
0.266 -0.126538
0.267 -0.0214001
0.268 0.0897503
0.269 0.0549168
0.27 0
0.271 0.0538294
0.272 0.0862312
0.273 -0.0201539
0.274 -0.116809
0.275 -0.0639279
0.276 0.0120877
0.277 -0.0193636
0.278 -0.0428676
0.279 0.0496908
0.28 0.12162
0.281 0.0487069
0.282 -0.0411867
0.283 -0.018236
0.284 0.0111583
0.285 -0.0578443
0.286 -0.1036
0.287 -0.0175209
0.288 0.0734814
0.289 0.0449621
0.29 0
0.291 0.0440718
0.292 0.0706001
0.293 -0.0165006
0.294 -0.095635
0.295 -0.0523397
0.296 0.00989653
0.297 -0.0158536
0.298 -0.035097
0.299 0.0406834
0.3 0.0995741
0.301 0.0398778
0.302 -0.0337208
0.303 -0.0149304
0.304 0.00913565
0.305 -0.0473589
0.306 -0.0848206
0.307 -0.0143449
0.308 0.0601614
0.309 0.0368119
0.31 0
0.311 0.0360829
0.312 0.0578025
0.313 -0.0135095
0.314 -0.0782993
0.315 -0.0428521
0.316 0.0081026
0.317 -0.0129798
0.318 -0.028735
0.319 0.0333087
0.32 0.0815244
0.321 0.0326492
0.322 -0.0276083
0.323 -0.0122239
0.324 0.00747964
0.325 -0.0387742
0.326 -0.0694453
0.327 -0.0117446
0.328 0.049256
0.329 0.030139
0.33 0
0.331 0.0295422
0.332 0.0473247
0.333 -0.0110607
0.334 -0.0641061
0.335 -0.0350844
0.336 0.00663384
0.337 -0.010627
0.338 -0.0235262
0.339 0.0272709
0.34 0.0667465
0.341 0.0267309
0.342 -0.0226037
0.343 -0.0100081
0.344 0.00612381
0.345 -0.0317456
0.346 -0.056857
0.347 -0.00961569
0.348 0.0403274
0.349 0.0246757
0.35 0
0.351 0.0241871
0.352 0.0387462
0.353 -0.00905572
0.354 -0.0524856
0.355 -0.0287246
0.356 0.00543133
0.357 -0.00870064
0.358 -0.0192616
0.359 0.0223275
0.36 0.0546474
0.361 0.0218854
0.362 -0.0185064
0.363 -0.00819395
0.364 0.00501375
0.365 -0.0259911
0.366 -0.0465506
0.367 -0.00787266
0.368 0.0330173
0.369 0.0202028
0.37 0
0.371 0.0198027
0.372 0.0317227
0.373 -0.00741419
0.374 -0.0429716
0.375 -0.0235177
0.376 0.0044468
0.377 -0.00712348
0.378 -0.0157701
0.379 0.0182802
0.38 0.0447415
0.381 0.0179183
0.382 -0.0151517
0.383 -0.00670864
0.384 0.00410491
0.385 -0.0212797
0.386 -0.0381124
0.387 -0.00644559
0.388 0.0270323
0.389 0.0165406
0.39 0
0.391 0.0162131
0.392 0.0259723
0.393 -0.00607023
0.394 -0.0351822
0.395 -0.0192547
0.396 0.00364073
0.397 -0.00583221
0.398 -0.0129115
0.399 0.0149666
0.4 0.0366313
