T gen rem
300 0.039992 0
301 0.0456746 1.5
302 0.0521185 3
303 0.0594195 4.5
304 0.0676845 6
305 0.0770328 7.5
306 0.0875977 9
307 0.0995275 10.5
308 0.112987 12
309 0.128161 13.5
310 0.145253 15
311 0.16449 16.5
312 0.186123 18
313 0.210433 19.5
314 0.237729 21
315 0.268352 22.5
316 0.302682 24
317 0.341137 25.5
318 0.384179 27
319 0.432318 28.5
320 0.486115 30
321 0.54619 31.5
322 0.613223 33
323 0.68796 34.5
324 0.771224 36
325 0.863914 37.5
326 0.967018 39
327 1.08161 40.5
328 1.20888 42
329 1.35011 43.5
330 1.50671 45
331 1.6802 46.5
332 1.87225 48
333 2.08467 49.5
334 2.31942 51
335 2.57861 52.5
336 2.86455 54
337 3.17971 55.5
338 3.52674 57
339 3.90852 58.5
340 4.3281 60
341 4.78877 61.5
342 5.29402 63
343 5.84758 64.5
344 6.45338 66
345 7.1156 67.5
346 7.83861 69
347 8.62702 70.5
348 9.48561 72
349 10.4194 73.5
350 11.4335 75
351 12.5331 76.5
352 13.7238 78
353 15.0108 79.5
354 16.3997 81
355 17.8958 82.5
356 19.5045 84
357 21.2309 85.5
358 23.0797 87
359 25.0555 88.5
360 27.1622 90
361 29.4034 91.5
362 31.7819 93
363 34.2997 94.5
364 36.958 96
365 39.757 97.5
366 42.6959 99
367 45.7727 100.5
368 48.9841 102
369 52.3258 103.5
370 55.792 105
371 59.3757 106.5
372 63.0686 108
373 66.8611 109.5
374 70.7427 111
375 74.7018 112.5
376 78.7256 114
377 82.8011 115.5
378 86.9142 117
379 91.0509 118.5
380 95.1967 120
381 99.3372 121.5
382 103.458 123
383 107.546 124.5
384 111.588 126
385 115.571 127.5
386 119.484 129
387 123.316 130.5
388 127.058 132
389 130.701 133.5
390 134.238 135
391 137.664 136.5
392 140.973 138
393 144.161 139.5
394 147.226 141
395 150.167 142.5
396 152.982 144
397 155.671 145.5
398 158.236 147
399 160.678 148.5
400 162.999 150
401 165.202 151.5
402 167.29 153
403 169.267 154.5
404 171.135 156
405 172.9 157.5
406 174.565 159
407 176.134 160.5
408 177.611 162
409 179.002 163.5
410 180.309 165
411 181.538 166.5
412 182.691 168
413 183.774 169.5
414 184.79 171
415 185.743 172.5
416 186.637 174
417 187.474 175.5
418 188.258 177
419 188.993 178.5
420 189.681 180
421 190.326 181.5
422 190.929 183
423 191.493 184.5
424 192.022 186
425 192.517 187.5
426 192.98 189
427 193.413 190.5
428 193.819 192
429 194.199 193.5
430 194.554 195
431 194.887 196.5
432 195.198 198
433 195.49 199.5
434 195.763 201
435 196.019 202.5
436 196.258 204
437 196.483 205.5
438 196.693 207
439 196.89 208.5
440 197.074 210
441 197.247 211.5
442 197.41 213
443 197.562 214.5
444 197.704 216
445 197.838 217.5
446 197.964 219
447 198.082 220.5
448 198.192 222
449 198.296 223.5
450 198.393 225
451 198.485 226.5
452 198.571 228
453 198.652 229.5
454 198.728 231
455 198.799 232.5
456 198.866 234
457 198.929 235.5
458 198.989 237
459 199.044 238.5
460 199.097 240
461 199.146 241.5
462 199.193 243
463 199.237 244.5
464 199.278 246
465 199.317 247.5
466 199.354 249
467 199.388 250.5
468 199.421 252
469 199.452 253.5
470 199.481 255
471 199.508 256.5
472 199.534 258
473 199.558 259.5
474 199.581 261
475 199.603 262.5
476 199.623 264
477 199.643 265.5
478 199.661 267
479 199.678 268.5
480 199.695 270
481 199.71 271.5
482 199.725 273
483 199.738 274.5
484 199.752 276
485 199.764 277.5
486 199.776 279
487 199.787 280.5
488 199.797 282
489 199.807 283.5
490 199.817 285
491 199.825 286.5
492 199.834 288
493 199.842 289.5
494 199.849 291
495 199.857 292.5
496 199.864 294
497 199.87 295.5
498 199.876 297
499 199.882 298.5
500 199.888 300
501 199.893 301.5
502 199.898 303
503 199.903 304.5
504 199.907 306
505 199.911 307.5
506 199.915 309
507 199.919 310.5
508 199.923 312
509 199.926 313.5
510 199.93 315
511 199.933 316.5
512 199.936 318
513 199.939 319.5
514 199.941 321
515 199.944 322.5
516 199.947 324
517 199.949 325.5
518 199.951 327
519 199.953 328.5
520 199.955 330
