invT logK
1.42857 -5.93465
1.38889 -5.6176
1.35135 -5.31752
1.31579 -5.03308
1.28205 -4.76307
1.25 -4.50642
1.21951 -4.26215
1.19048 -4.02939
1.16279 -3.80733
1.13636 -3.59524
1.11111 -3.39247
1.08696 -3.19841
1.06383 -3.01251
1.04167 -2.83425
1.02041 -2.66317
1 -2.49885
0.980392 -2.34088
0.961538 -2.18891
0.943396 -2.04259
0.925926 -1.90161
0.909091 -1.76569
0.892857 -1.63454
0.877193 -1.50793
0.862069 -1.38562
0.847458 -1.26739
0.833333 -1.15303
0.819672 -1.04237
0.806452 -0.935211
0.793651 -0.8314
0.78125 -0.730778
0.769231 -0.633197
0.757576 -0.538521
0.746269 -0.446619
0.735294 -0.357371
0.724638 -0.270661
0.714286 -0.186381
0.704225 -0.104429
0.694444 -0.0247086
0.684932 0.0528719
0.675676 0.128399
0.666667 0.201953
0.657895 0.273614
0.649351 0.343453
0.641026 0.411541
0.632911 0.477943
0.625 0.542724
0.617284 0.605942
0.609756 0.667654
0.60241 0.727915
0.595238 0.786777
0.588235 0.844287
