eta_mV a3 a5 a7 l3 l5 l7
-300 -33.2132 -343.179 -3545.94 1.52131 2.53552 3.54973
-297.5 -32.2577 -326.882 -3312.45 1.50863 2.51439 3.52015
-295 -31.3296 -311.359 -3094.34 1.49596 2.49326 3.49057
-292.5 -30.4283 -296.573 -2890.59 1.48328 2.47213 3.46099
-290 -29.5528 -282.489 -2700.26 1.4706 2.451 3.4314
-287.5 -28.7026 -269.074 -2522.45 1.45792 2.42987 3.40182
-285 -27.8768 -256.296 -2356.36 1.44524 2.40874 3.37224
-282.5 -27.0747 -244.125 -2201.2 1.43256 2.38761 3.34266
-280 -26.2958 -232.532 -2056.26 1.41989 2.36648 3.31308
-277.5 -25.5392 -221.489 -1920.86 1.40721 2.34535 3.2835
-275 -24.8044 -210.97 -1794.38 1.39453 2.32422 3.25391
-272.5 -24.0907 -200.951 -1676.22 1.38185 2.30309 3.22433
-270 -23.3976 -191.408 -1565.85 1.36917 2.28196 3.19475
-267.5 -22.7244 -182.318 -1462.74 1.35649 2.26083 3.16517
-265 -22.0706 -173.66 -1366.42 1.34381 2.2397 3.13558
-262.5 -21.4356 -165.413 -1276.44 1.33113 2.21857 3.106
-260 -20.8188 -157.557 -1192.39 1.31846 2.19744 3.07642
-257.5 -20.2198 -150.074 -1113.87 1.30578 2.17631 3.04684
-255 -19.638 -142.947 -1040.53 1.2931 2.15517 3.01725
-252.5 -19.0729 -136.158 -972.008 1.28042 2.13404 2.98767
-250 -18.5241 -129.692 -908.001 1.26774 2.11291 2.95809
-247.5 -17.991 -123.532 -848.209 1.25506 2.09178 2.9285
-245 -17.4733 -117.665 -792.353 1.24238 2.07065 2.89892
-242.5 -16.9705 -112.077 -740.175 1.22969 2.04951 2.86933
-240 -16.4821 -106.753 -691.432 1.21701 2.02838 2.83975
-237.5 -16.0078 -101.683 -645.899 1.20433 2.00725 2.81016
-235 -15.5471 -96.8534 -603.364 1.19165 1.98611 2.78058
-232.5 -15.0997 -92.253 -563.629 1.17897 1.96498 2.75099
-230 -14.6651 -87.8711 -526.511 1.16629 1.94385 2.72141
-227.5 -14.243 -83.6972 -491.836 1.1536 1.92271 2.69182
-225 -13.833 -79.7215 -459.444 1.14092 1.90158 2.66223
-222.5 -13.4349 -75.9345 -429.185 1.12823 1.88044 2.63264
-220 -13.0481 -72.3272 -400.918 1.11555 1.8593 2.60306
-217.5 -12.6725 -68.8912 -374.512 1.10286 1.83816 2.57347
-215 -12.3076 -65.6183 -349.845 1.09017 1.81703 2.54388
-212.5 -11.9533 -62.5008 -326.802 1.07749 1.79589 2.51428
-210 -11.6091 -59.5312 -305.275 1.0648 1.77474 2.48469
-207.5 -11.2748 -56.7026 -285.166 1.05211 1.7536 2.4551
-205 -10.9501 -54.0082 -266.381 1.03942 1.73246 2.4255
-202.5 -10.6347 -51.4417 -248.832 1.02672 1.71132 2.39591
-200 -10.3283 -48.997 -232.439 1.01403 1.69017 2.36631
-197.5 -10.0307 -46.6682 -217.125 1.00133 1.66902 2.33671
-195 -9.74171 -44.45 -202.819 0.988635 1.64787 2.30711
-192.5 -9.46095 -42.337 -189.454 0.975935 1.62672 2.2775
-190 -9.18825 -40.3242 -176.97 0.963233 1.60557 2.2479
-187.5 -8.92335 -38.4069 -165.307 0.950528 1.58441 2.21829
-185 -8.66603 -36.5805 -154.411 0.93782 1.56325 2.18868
-182.5 -8.41607 -34.8407 -144.233 0.925109 1.54209 2.15906
-180 -8.17326 -33.1834 -134.725 0.912395 1.52092 2.12945
-177.5 -7.93738 -31.6047 -125.842 0.899677 1.49975 2.09983
-175 -7.70824 -30.1008 -117.544 0.886955 1.47858 2.0702
-172.5 -7.48563 -28.6681 -109.792 0.874229 1.4574 2.04057
-170 -7.26937 -27.3034 -102.55 0.861497 1.43622 2.01093
-167.5 -7.05927 -26.0032 -95.7843 0.84876 1.41503 1.98129
-165 -6.85515 -24.7647 -89.4639 0.836017 1.39383 1.95165
-162.5 -6.65682 -23.5847 -83.5592 0.823267 1.37263 1.92199
-160 -6.46412 -22.4606 -78.0429 0.81051 1.35142 1.89233
-157.5 -6.27689 -21.3897 -72.8894 0.797744 1.3302 1.86266
-155 -6.09494 -20.3694 -68.0748 0.78497 1.30898 1.83299
-152.5 -5.91814 -19.3973 -63.5768 0.772185 1.28774 1.8033
-150 -5.74632 -18.4712 -59.3745 0.75939 1.2665 1.7736
-147.5 -5.57934 -17.5888 -55.4484 0.746583 1.24524 1.74389
-145 -5.41704 -16.748 -51.7804 0.733762 1.22396 1.71417
-142.5 -5.25929 -15.9469 -48.3533 0.720927 1.20268 1.68443
-140 -5.10593 -15.1835 -45.1514 0.708075 1.18137 1.65467
-137.5 -4.95685 -14.4561 -42.1598 0.695206 1.16005 1.6249
-135 -4.8119 -13.7629 -39.3646 0.682317 1.13871 1.59511
-132.5 -4.67096 -13.1023 -36.7529 0.669406 1.11735 1.56529
-130 -4.53389 -12.4728 -34.3126 0.656471 1.09596 1.53545
-127.5 -4.40058 -11.8727 -32.0323 0.64351 1.07455 1.50559
-125 -4.2709 -11.3007 -29.9016 0.63052 1.05311 1.47569
-122.5 -4.14474 -10.7556 -27.9106 0.617497 1.03163 1.44577
-120 -4.02197 -10.2358 -26.0499 0.604439 1.01012 1.41581
-117.5 -3.90249 -9.74033 -24.3112 0.591341 0.988574 1.38581
-115 -3.78617 -9.26789 -22.6862 0.578201 0.966981 1.35576
-112.5 -3.67292 -8.8174 -21.1675 0.565012 0.945341 1.32567
-110 -3.56263 -8.38778 -19.748 0.55177 0.923647 1.29552
-107.5 -3.45517 -7.97802 -18.4213 0.53847 0.901895 1.26532
-105 -3.35047 -7.58715 -17.1811 0.525105 0.880079 1.23505
-102.5 -3.24839 -7.21424 -16.0218 0.511669 0.85819 1.20471
-100 -3.14886 -6.85841 -14.938 0.498153 0.836223 1.17429
-97.5 -3.05176 -6.51881 -13.9247 0.48455 0.814169 1.14379
-95 -2.957 -6.19465 -12.9773 0.470851 0.792017 1.11318
-92.5 -2.86447 -5.88516 -12.0913 0.457044 0.769758 1.08247
-90 -2.77407 -5.5896 -11.2627 0.443118 0.747381 1.05164
-87.5 -2.68572 -5.30727 -10.4878 0.42906 0.724871 1.02068
-85 -2.5993 -5.03751 -9.76282 0.414856 0.702216 0.989575
-82.5 -2.51473 -4.77967 -9.0846 0.400491 0.679398 0.958306
-80 -2.43189 -4.53315 -8.44999 0.385944 0.6564 0.926856
-77.5 -2.3507 -4.29737 -7.85609 0.371198 0.633202 0.895207
-75 -2.27106 -4.07175 -7.30018 0.356229 0.609781 0.863334
-72.5 -2.19286 -3.85578 -6.77973 0.341011 0.586112 0.831213
-70 -2.11601 -3.64893 -6.29238 0.325517 0.562166 0.798815
-67.5 -2.04039 -3.45072 -5.8359 0.309713 0.53791 0.766108
-65 -1.96591 -3.26069 -5.40822 0.293564 0.513309 0.733055
-62.5 -1.89246 -3.07837 -5.00743 0.277027 0.488321 0.699615
-60 -1.81994 -2.90334 -4.6317 0.260056 0.462898 0.66574
-57.5 -1.74822 -2.73519 -4.27934 0.242596 0.436987 0.631377
-55 -1.67721 -2.5735 -3.94879 0.224587 0.410525 0.596463
-52.5 -1.60677 -2.41792 -3.63855 0.205955 0.383441 0.560928
-50 -1.5368 -2.26805 -3.34725 0.186619 0.355653 0.524688
-47.5 -1.46717 -2.12356 -3.0736 0.166482 0.327065 0.487648
-45 -1.39775 -1.9841 -2.8164 0.145431 0.297563 0.449694
-42.5 -1.32842 -1.84933 -2.5745 0.123334 0.267014 0.410693
-40 -1.25902 -1.71894 -2.34686 0.100032 0.23526 0.370488
-37.5 -1.18942 -1.59262 -2.13249 0.0753348 0.202111 0.328887
-35 -1.11947 -1.47007 -1.93046 0.0490123 0.167337 0.285661
-32.5 -1.04901 -1.351 -1.73991 0.0207814 0.130654 0.240527
-30 -0.97789 -1.23513 -1.56003 -0.00971008 0.0917109 0.193132
-27.5 -0.905925 -1.12218 -1.39005 -0.0429075 0.0500617 0.143031
-25 -0.832942 -1.01189 -1.22928 -0.0793852 0.00513229 0.0896498
-22.5 -0.758751 -0.903993 -1.07704 -0.119901 -0.0438349 0.0322308
-20 -0.683154 -0.798239 -0.93271 -0.165481 -0.0978673 -0.0302533
-17.5 -0.605942 -0.694374 -0.795711 -0.217569 -0.158407 -0.0992444
-15 -0.526894 -0.592153 -0.665495 -0.278276 -0.227566 -0.176855
-12.5 -0.445778 -0.491334 -0.541547 -0.350882 -0.308623 -0.266364
-10 -0.362346 -0.391679 -0.423387 -0.440877 -0.40707 -0.373263
-7.5 -0.276337 -0.292951 -0.310563 -0.558561 -0.533206 -0.50785
-5 -0.187475 -0.194916 -0.202652 -0.727056 -0.710153 -0.693249
-2.5 -0.0954667 -0.0973428 -0.0992557 -1.02015 -1.0117 -1.00324
0 0 0 0 nan nan nan
2.5 0.0992557 0.0973428 0.0954667 -1.00324 -1.0117 -1.02015
5 0.202652 0.194916 0.187475 -0.693249 -0.710153 -0.727056
7.5 0.310563 0.292951 0.276337 -0.50785 -0.533206 -0.558561
10 0.423387 0.391679 0.362346 -0.373263 -0.40707 -0.440877
12.5 0.541547 0.491334 0.445778 -0.266364 -0.308623 -0.350882
15 0.665495 0.592153 0.526894 -0.176855 -0.227566 -0.278276
17.5 0.795711 0.694374 0.605942 -0.0992444 -0.158407 -0.217569
20 0.93271 0.798239 0.683154 -0.0302533 -0.0978673 -0.165481
22.5 1.07704 0.903993 0.758751 0.0322308 -0.0438349 -0.119901
25 1.22928 1.01189 0.832942 0.0896498 0.00513229 -0.0793852
27.5 1.39005 1.12218 0.905925 0.143031 0.0500617 -0.0429075
30 1.56003 1.23513 0.97789 0.193132 0.0917109 -0.00971008
32.5 1.73991 1.351 1.04901 0.240527 0.130654 0.0207814
35 1.93046 1.47007 1.11947 0.285661 0.167337 0.0490123
37.5 2.13249 1.59262 1.18942 0.328887 0.202111 0.0753348
40 2.34686 1.71894 1.25902 0.370488 0.23526 0.100032
42.5 2.5745 1.84933 1.32842 0.410693 0.267014 0.123334
45 2.8164 1.9841 1.39775 0.449694 0.297563 0.145431
47.5 3.0736 2.12356 1.46717 0.487648 0.327065 0.166482
50 3.34725 2.26805 1.5368 0.524688 0.355653 0.186619
52.5 3.63855 2.41792 1.60677 0.560928 0.383441 0.205955
55 3.94879 2.5735 1.67721 0.596463 0.410525 0.224587
57.5 4.27934 2.73519 1.74822 0.631377 0.436987 0.242596
60 4.6317 2.90334 1.81994 0.66574 0.462898 0.260056
62.5 5.00743 3.07837 1.89246 0.699615 0.488321 0.277027
65 5.40822 3.26069 1.96591 0.733055 0.513309 0.293564
67.5 5.8359 3.45072 2.04039 0.766108 0.53791 0.309713
70 6.29238 3.64893 2.11601 0.798815 0.562166 0.325517
72.5 6.77973 3.85578 2.19286 0.831213 0.586112 0.341011
75 7.30018 4.07175 2.27106 0.863334 0.609781 0.356229
77.5 7.85609 4.29737 2.3507 0.895207 0.633202 0.371198
80 8.44999 4.53315 2.43189 0.926856 0.6564 0.385944
82.5 9.0846 4.77967 2.51473 0.958306 0.679398 0.400491
85 9.76282 5.03751 2.5993 0.989575 0.702216 0.414856
87.5 10.4878 5.30727 2.68572 1.02068 0.724871 0.42906
90 11.2627 5.5896 2.77407 1.05164 0.747381 0.443118
92.5 12.0913 5.88516 2.86447 1.08247 0.769758 0.457044
95 12.9773 6.19465 2.957 1.11318 0.792017 0.470851
97.5 13.9247 6.51881 3.05176 1.14379 0.814169 0.48455
100 14.938 6.85841 3.14886 1.17429 0.836223 0.498153
102.5 16.0218 7.21424 3.24839 1.20471 0.85819 0.511669
105 17.1811 7.58715 3.35047 1.23505 0.880079 0.525105
107.5 18.4213 7.97802 3.45517 1.26532 0.901895 0.53847
110 19.748 8.38778 3.56263 1.29552 0.923647 0.55177
112.5 21.1675 8.8174 3.67292 1.32567 0.945341 0.565012
115 22.6862 9.26789 3.78617 1.35576 0.966981 0.578201
117.5 24.3112 9.74033 3.90249 1.38581 0.988574 0.591341
120 26.0499 10.2358 4.02197 1.41581 1.01012 0.604439
122.5 27.9106 10.7556 4.14474 1.44577 1.03163 0.617497
125 29.9016 11.3007 4.2709 1.47569 1.05311 0.63052
127.5 32.0323 11.8727 4.40058 1.50559 1.07455 0.64351
130 34.3126 12.4728 4.53389 1.53545 1.09596 0.656471
132.5 36.7529 13.1023 4.67096 1.56529 1.11735 0.669406
135 39.3646 13.7629 4.8119 1.59511 1.13871 0.682317
137.5 42.1598 14.4561 4.95685 1.6249 1.16005 0.695206
140 45.1514 15.1835 5.10593 1.65467 1.18137 0.708075
142.5 48.3533 15.9469 5.25929 1.68443 1.20268 0.720927
145 51.7804 16.748 5.41704 1.71417 1.22396 0.733762
147.5 55.4484 17.5888 5.57934 1.74389 1.24524 0.746583
150 59.3745 18.4712 5.74632 1.7736 1.2665 0.75939
152.5 63.5768 19.3973 5.91814 1.8033 1.28774 0.772185
155 68.0748 20.3694 6.09494 1.83299 1.30898 0.78497
157.5 72.8894 21.3897 6.27689 1.86266 1.3302 0.797744
160 78.0429 22.4606 6.46412 1.89233 1.35142 0.81051
162.5 83.5592 23.5847 6.65682 1.92199 1.37263 0.823267
165 89.4639 24.7647 6.85515 1.95165 1.39383 0.836017
167.5 95.7843 26.0032 7.05927 1.98129 1.41503 0.84876
170 102.55 27.3034 7.26937 2.01093 1.43622 0.861497
172.5 109.792 28.6681 7.48563 2.04057 1.4574 0.874229
175 117.544 30.1008 7.70824 2.0702 1.47858 0.886955
177.5 125.842 31.6047 7.93738 2.09983 1.49975 0.899677
180 134.725 33.1834 8.17326 2.12945 1.52092 0.912395
182.5 144.233 34.8407 8.41607 2.15906 1.54209 0.925109
185 154.411 36.5805 8.66603 2.18868 1.56325 0.93782
187.5 165.307 38.4069 8.92335 2.21829 1.58441 0.950528
190 176.97 40.3242 9.18825 2.2479 1.60557 0.963233
192.5 189.454 42.337 9.46095 2.2775 1.62672 0.975935
195 202.819 44.45 9.74171 2.30711 1.64787 0.988635
197.5 217.125 46.6682 10.0307 2.33671 1.66902 1.00133
200 232.439 48.997 10.3283 2.36631 1.69017 1.01403
202.5 248.832 51.4417 10.6347 2.39591 1.71132 1.02672
205 266.381 54.0082 10.9501 2.4255 1.73246 1.03942
207.5 285.166 56.7026 11.2748 2.4551 1.7536 1.05211
210 305.275 59.5312 11.6091 2.48469 1.77474 1.0648
212.5 326.802 62.5008 11.9533 2.51428 1.79589 1.07749
215 349.845 65.6183 12.3076 2.54388 1.81703 1.09017
217.5 374.512 68.8912 12.6725 2.57347 1.83816 1.10286
220 400.918 72.3272 13.0481 2.60306 1.8593 1.11555
222.5 429.185 75.9345 13.4349 2.63264 1.88044 1.12823
225 459.444 79.7215 13.833 2.66223 1.90158 1.14092
227.5 491.836 83.6972 14.243 2.69182 1.92271 1.1536
230 526.511 87.8711 14.6651 2.72141 1.94385 1.16629
232.5 563.629 92.253 15.0997 2.75099 1.96498 1.17897
235 603.364 96.8534 15.5471 2.78058 1.98611 1.19165
237.5 645.899 101.683 16.0078 2.81016 2.00725 1.20433
240 691.432 106.753 16.4821 2.83975 2.02838 1.21701
242.5 740.175 112.077 16.9705 2.86933 2.04951 1.22969
245 792.353 117.665 17.4733 2.89892 2.07065 1.24238
247.5 848.209 123.532 17.991 2.9285 2.09178 1.25506
250 908.001 129.692 18.5241 2.95809 2.11291 1.26774
252.5 972.008 136.158 19.0729 2.98767 2.13404 1.28042
255 1040.53 142.947 19.638 3.01725 2.15517 1.2931
257.5 1113.87 150.074 20.2198 3.04684 2.17631 1.30578
260 1192.39 157.557 20.8188 3.07642 2.19744 1.31846
262.5 1276.44 165.413 21.4356 3.106 2.21857 1.33113
265 1366.42 173.66 22.0706 3.13558 2.2397 1.34381
267.5 1462.74 182.318 22.7244 3.16517 2.26083 1.35649
270 1565.85 191.408 23.3976 3.19475 2.28196 1.36917
272.5 1676.22 200.951 24.0907 3.22433 2.30309 1.38185
275 1794.38 210.97 24.8044 3.25391 2.32422 1.39453
277.5 1920.86 221.489 25.5392 3.2835 2.34535 1.40721
280 2056.26 232.532 26.2958 3.31308 2.36648 1.41989
282.5 2201.2 244.125 27.0747 3.34266 2.38761 1.43256
285 2356.36 256.296 27.8768 3.37224 2.40874 1.44524
287.5 2522.45 269.074 28.7026 3.40182 2.42987 1.45792
290 2700.26 282.489 29.5528 3.4314 2.451 1.4706
292.5 2890.59 296.573 30.4283 3.46099 2.47213 1.48328
295 3094.34 311.359 31.3296 3.49057 2.49326 1.49596
297.5 3312.45 326.882 32.2577 3.52015 2.51439 1.50863
300 3545.94 343.179 33.2132 3.54973 2.53552 1.52131
