x r075 r100 r150
-8 6.69159e-10 1.523e-08 3.72665e-06
-7.95 9.24979e-10 2.05326e-08 4.77914e-06
-7.9 1.27541e-09 2.76124e-08 6.11357e-06
-7.85 1.75421e-09 3.70406e-08 7.80107e-06
-7.8 2.40672e-09 4.95641e-08 9.9295e-06
-7.75 3.29371e-09 6.6156e-08 1.26071e-05
-7.7 4.49635e-09 8.80818e-08 1.59668e-05
-7.65 6.12278e-09 1.16982e-07 2.01713e-05
-7.6 8.3167e-09 1.54975e-07 2.54193e-05
-7.55 1.12686e-08 2.04796e-07 3.19528e-05
-7.5 1.523e-08 2.69958e-07 4.00653e-05
-7.45 2.05326e-08 3.54964e-07 5.0112e-05
-7.4 2.76124e-08 4.65572e-07 6.25215e-05
-7.35 3.70406e-08 6.0912e-07 7.78093e-05
-7.3 4.95641e-08 7.94939e-07 9.65934e-05
-7.25 6.6156e-08 1.03485e-06 0.000119613
-7.2 8.80818e-08 1.34381e-06 0.000147748
-7.15 1.16982e-07 1.74065e-06 0.000182046
-7.1 1.54975e-07 2.24906e-06 0.000223746
-7.05 2.04796e-07 2.89869e-06 0.00027431
-7 2.69958e-07 3.72665e-06 0.000335463
-6.95 3.54964e-07 4.77914e-06 0.000409223
-6.9 4.65572e-07 6.11357e-06 0.000497955
-6.85 6.0912e-07 7.80107e-06 0.000604415
-6.8 7.94939e-07 9.9295e-06 0.000731802
-6.75 1.03485e-06 1.26071e-05 0.000883826
-6.7 1.34381e-06 1.59668e-05 0.00106477
-6.65 1.74065e-06 2.01713e-05 0.00127955
-6.6 2.24906e-06 2.54193e-05 0.00153381
-6.55 2.89869e-06 3.19528e-05 0.00183401
-6.5 3.72665e-06 4.00653e-05 0.00218749
-6.45 4.77914e-06 5.0112e-05 0.00260259
-6.4 6.11357e-06 6.25215e-05 0.00308872
-6.35 7.80107e-06 7.78093e-05 0.0036565
-6.3 9.9295e-06 9.65934e-05 0.00431784
-6.25 1.26071e-05 0.000119613 0.00508607
-6.2 1.59668e-05 0.000147748 0.00597602
-6.15 2.01713e-05 0.000182046 0.00700417
-6.1 2.54193e-05 0.000223746 0.0081887
-6.05 3.19528e-05 0.00027431 0.00954966
-6 4.00653e-05 0.000335463 0.011109
-5.95 5.0112e-05 0.000409223 0.0128907
-5.9 6.25215e-05 0.000497955 0.0149208
-5.85 7.78093e-05 0.000604415 0.0172275
-5.8 9.65934e-05 0.000731802 0.0198411
-5.75 0.000119613 0.000883826 0.0227942
-5.7 0.000147748 0.00106477 0.0261214
-5.65 0.000182046 0.00127955 0.0298596
-5.6 0.000223746 0.00153381 0.0340475
-5.55 0.00027431 0.00183401 0.0387258
-5.5 0.000335463 0.00218749 0.0439369
-5.45 0.000409223 0.00260259 0.0497249
-5.4 0.000497955 0.00308872 0.0561348
-5.35 0.000604415 0.0036565 0.0632127
-5.3 0.000731803 0.00431784 0.0710054
-5.25 0.000883826 0.00508607 0.0795595
-5.2 0.00106477 0.00597602 0.0889216
-5.15 0.00127955 0.00700417 0.0991373
-5.1 0.00153381 0.0081887 0.110251
-5.05 0.00183401 0.00954966 0.122303
-5 0.00218749 0.011109 0.135335
-4.95 0.00260259 0.0128907 0.149382
-4.9 0.00308872 0.0149208 0.164474
-4.85 0.0036565 0.0172275 0.18064
-4.8 0.00431784 0.0198411 0.197899
-4.75 0.00508607 0.0227942 0.216265
-4.7 0.00597603 0.0261214 0.235746
-4.65 0.00700417 0.0298596 0.25634
-4.6 0.00818871 0.0340475 0.278037
-4.55 0.00954967 0.0387258 0.300818
-4.5 0.011109 0.0439369 0.324652
-4.45 0.0128907 0.0497249 0.349501
-4.4 0.0149208 0.0561348 0.375311
-4.35 0.0172275 0.0632127 0.402021
-4.3 0.0198411 0.0710054 0.429557
-4.25 0.0227942 0.0795595 0.457833
-4.2 0.0261215 0.0889216 0.486752
-4.15 0.0298597 0.0991373 0.516206
-4.1 0.0340476 0.110251 0.546074
-4.05 0.038726 0.122303 0.576229
-4 0.0439372 0.135335 0.606531
-3.95 0.0497252 0.149382 0.636832
-3.9 0.0561352 0.164474 0.666977
-3.85 0.0632133 0.18064 0.696805
-3.8 0.0710061 0.197899 0.726149
-3.75 0.0795605 0.216265 0.75484
-3.7 0.088923 0.235746 0.782705
-3.65 0.099139 0.25634 0.809572
-3.6 0.110253 0.278037 0.83527
-3.55 0.122306 0.300818 0.859633
-3.5 0.135339 0.324653 0.882497
-3.45 0.149387 0.349501 0.903707
-3.4 0.164481 0.375312 0.923116
-3.35 0.180648 0.402022 0.940588
-3.3 0.197909 0.429558 0.955997
-3.25 0.216278 0.457834 0.969233
-3.2 0.235762 0.486754 0.980199
-3.15 0.25636 0.516207 0.988813
-3.1 0.278063 0.546077 0.995012
-3.05 0.30085 0.576232 0.998751
-3 0.324693 0.606534 1
-2.95 0.349551 0.636836 0.998751
-2.9 0.375374 0.666983 0.995013
-2.85 0.402099 0.696813 0.988813
-2.8 0.429654 0.726159 0.980199
-2.75 0.457953 0.754852 0.969233
-2.7 0.4869 0.782721 0.955998
-2.65 0.516388 0.809592 0.940588
-2.6 0.546298 0.835296 0.923117
-2.55 0.576503 0.859665 0.903707
-2.5 0.606866 0.882537 0.882497
-2.45 0.637241 0.903757 0.859633
-2.4 0.667475 0.923179 0.835271
-2.35 0.697409 0.940666 0.809572
-2.3 0.726881 0.956094 0.782705
-2.25 0.755723 0.969353 0.754841
-2.2 0.783769 0.980346 0.72615
-2.15 0.810851 0.988995 0.696807
-2.1 0.836804 0.995236 0.666979
-2.05 0.861467 0.999025 0.636835
-2 0.884684 1.00034 0.606534
-1.95 0.90631 0.99916 0.576234
-1.9 0.926205 0.99551 0.546081
-1.85 0.944245 0.989417 0.516213
-1.8 0.960315 0.98093 0.486762
-1.75 0.974319 0.970117 0.457846
-1.7 0.986175 0.957062 0.429573
-1.65 0.995817 0.941868 0.402042
-1.6 1.0032 0.92465 0.375337
-1.55 1.0083 0.905541 0.349533
-1.5 1.01111 0.884684 0.324693
-1.45 1.01164 0.862235 0.300868
-1.4 1.00993 0.838359 0.2781
-1.35 1.00604 0.813228 0.256418
-1.3 1.00004 0.787022 0.235843
-1.25 0.992027 0.759926 0.216385
-1.2 0.982119 0.732125 0.198046
-1.15 0.970448 0.703809 0.180822
-1.1 0.957164 0.675166 0.164698
-1.05 0.942433 0.646381 0.149656
-1 0.926434 0.61764 0.135671
-0.95 0.909358 0.58912 0.122713
-0.9 0.891405 0.560995 0.110748
-0.85 0.872784 0.533433 0.0997417
-0.8 0.85371 0.506593 0.0896534
-0.75 0.834399 0.480628 0.0804433
-0.7 0.815071 0.455679 0.0720701
-0.65 0.795942 0.431881 0.0644922
-0.6 0.777227 0.409359 0.0576686
-0.55 0.759135 0.388226 0.0515589
-0.5 0.741866 0.368589 0.0461244
-0.45 0.725611 0.350543 0.0413284
-0.4 0.710549 0.334172 0.0371362
-0.35 0.696846 0.319553 0.0335161
-0.3 0.684651 0.306751 0.0304392
-0.25 0.674099 0.295825 0.0278803
-0.2 0.665303 0.28682 0.0258171
-0.15 0.658362 0.279777 0.0242316
-0.1 0.653348 0.274725 0.0231095
-0.05 0.650319 0.271685 0.0224403
0 0.649305 0.270671 0.022218
0.05 0.650319 0.271685 0.0224403
0.1 0.653348 0.274725 0.0231095
0.15 0.658362 0.279777 0.0242316
0.2 0.665303 0.28682 0.0258171
0.25 0.674099 0.295825 0.0278803
0.3 0.684651 0.306751 0.0304392
0.35 0.696846 0.319553 0.0335161
0.4 0.710549 0.334172 0.0371362
0.45 0.725611 0.350543 0.0413284
0.5 0.741866 0.368589 0.0461244
0.55 0.759135 0.388226 0.0515589
0.6 0.777227 0.409359 0.0576686
0.65 0.795942 0.431881 0.0644922
0.7 0.815071 0.455679 0.0720701
0.75 0.834399 0.480628 0.0804433
0.8 0.85371 0.506593 0.0896534
0.85 0.872784 0.533433 0.0997417
0.9 0.891405 0.560995 0.110748
0.95 0.909358 0.58912 0.122713
1 0.926434 0.61764 0.135671
1.05 0.942433 0.646381 0.149656
1.1 0.957164 0.675166 0.164698
1.15 0.970448 0.703809 0.180822
1.2 0.982119 0.732125 0.198046
1.25 0.992027 0.759926 0.216385
1.3 1.00004 0.787022 0.235843
1.35 1.00604 0.813228 0.256418
1.4 1.00993 0.838359 0.2781
1.45 1.01164 0.862235 0.300868
1.5 1.01111 0.884684 0.324693
1.55 1.0083 0.905541 0.349533
1.6 1.0032 0.92465 0.375337
1.65 0.995817 0.941868 0.402042
1.7 0.986175 0.957062 0.429573
1.75 0.974319 0.970117 0.457846
1.8 0.960315 0.98093 0.486762
1.85 0.944245 0.989417 0.516213
1.9 0.926205 0.99551 0.546081
1.95 0.90631 0.99916 0.576234
2 0.884684 1.00034 0.606534
2.05 0.861467 0.999025 0.636835
2.1 0.836804 0.995236 0.666979
2.15 0.810851 0.988995 0.696807
2.2 0.783769 0.980346 0.72615
2.25 0.755723 0.969353 0.754841
2.3 0.726881 0.956094 0.782705
2.35 0.697409 0.940666 0.809572
2.4 0.667475 0.923179 0.835271
2.45 0.637241 0.903757 0.859633
2.5 0.606866 0.882537 0.882497
2.55 0.576503 0.859665 0.903707
2.6 0.546298 0.835296 0.923117
2.65 0.516388 0.809592 0.940588
2.7 0.4869 0.782721 0.955998
2.75 0.457953 0.754852 0.969233
2.8 0.429654 0.726159 0.980199
2.85 0.402099 0.696813 0.988813
2.9 0.375374 0.666983 0.995013
2.95 0.349551 0.636836 0.998751
3 0.324693 0.606534 1
3.05 0.30085 0.576232 0.998751
3.1 0.278063 0.546077 0.995012
3.15 0.25636 0.516207 0.988813
3.2 0.235762 0.486754 0.980199
3.25 0.216278 0.457834 0.969233
3.3 0.197909 0.429558 0.955997
3.35 0.180648 0.402022 0.940588
3.4 0.164481 0.375312 0.923116
3.45 0.149387 0.349501 0.903707
3.5 0.135339 0.324653 0.882497
3.55 0.122306 0.300818 0.859633
3.6 0.110253 0.278037 0.83527
3.65 0.099139 0.25634 0.809572
3.7 0.088923 0.235746 0.782705
3.75 0.0795605 0.216265 0.75484
3.8 0.0710061 0.197899 0.726149
3.85 0.0632133 0.18064 0.696805
3.9 0.0561352 0.164474 0.666977
3.95 0.0497252 0.149382 0.636832
4 0.0439372 0.135335 0.606531
4.05 0.038726 0.122303 0.576229
4.1 0.0340476 0.110251 0.546074
4.15 0.0298597 0.0991373 0.516206
4.2 0.0261215 0.0889216 0.486752
4.25 0.0227942 0.0795595 0.457833
4.3 0.0198411 0.0710054 0.429557
4.35 0.0172275 0.0632127 0.402021
4.4 0.0149208 0.0561348 0.375311
4.45 0.0128907 0.0497249 0.349501
4.5 0.011109 0.0439369 0.324652
4.55 0.00954967 0.0387258 0.300818
4.6 0.00818871 0.0340475 0.278037
4.65 0.00700417 0.0298596 0.25634
4.7 0.00597603 0.0261214 0.235746
4.75 0.00508607 0.0227942 0.216265
4.8 0.00431784 0.0198411 0.197899
4.85 0.0036565 0.0172275 0.18064
4.9 0.00308872 0.0149208 0.164474
4.95 0.00260259 0.0128907 0.149382
5 0.00218749 0.011109 0.135335
5.05 0.00183401 0.00954966 0.122303
5.1 0.00153381 0.0081887 0.110251
5.15 0.00127955 0.00700417 0.0991373
5.2 0.00106477 0.00597602 0.0889216
5.25 0.000883826 0.00508607 0.0795595
5.3 0.000731803 0.00431784 0.0710054
5.35 0.000604415 0.0036565 0.0632127
5.4 0.000497955 0.00308872 0.0561348
5.45 0.000409223 0.00260259 0.0497249
5.5 0.000335463 0.00218749 0.0439369
5.55 0.00027431 0.00183401 0.0387258
5.6 0.000223746 0.00153381 0.0340475
5.65 0.000182046 0.00127955 0.0298596
5.7 0.000147748 0.00106477 0.0261214
5.75 0.000119613 0.000883826 0.0227942
5.8 9.65934e-05 0.000731802 0.0198411
5.85 7.78093e-05 0.000604415 0.0172275
5.9 6.25215e-05 0.000497955 0.0149208
5.95 5.0112e-05 0.000409223 0.0128907
6 4.00653e-05 0.000335463 0.011109
6.05 3.19528e-05 0.00027431 0.00954966
6.1 2.54193e-05 0.000223746 0.0081887
6.15 2.01713e-05 0.000182046 0.00700417
6.2 1.59668e-05 0.000147748 0.00597602
6.25 1.26071e-05 0.000119613 0.00508607
6.3 9.9295e-06 9.65934e-05 0.00431784
6.35 7.80107e-06 7.78093e-05 0.0036565
6.4 6.11357e-06 6.25215e-05 0.00308872
6.45 4.77914e-06 5.0112e-05 0.00260259
6.5 3.72665e-06 4.00653e-05 0.00218749
6.55 2.89869e-06 3.19528e-05 0.00183401
6.6 2.24906e-06 2.54193e-05 0.00153381
6.65 1.74065e-06 2.01713e-05 0.00127955
6.7 1.34381e-06 1.59668e-05 0.00106477
6.75 1.03485e-06 1.26071e-05 0.000883826
6.8 7.94939e-07 9.9295e-06 0.000731802
6.85 6.0912e-07 7.80107e-06 0.000604415
6.9 4.65572e-07 6.11357e-06 0.000497955
6.95 3.54964e-07 4.77914e-06 0.000409223
7 2.69958e-07 3.72665e-06 0.000335463
7.05 2.04796e-07 2.89869e-06 0.00027431
7.1 1.54975e-07 2.24906e-06 0.000223746
7.15 1.16982e-07 1.74065e-06 0.000182046
7.2 8.80818e-08 1.34381e-06 0.000147748
7.25 6.6156e-08 1.03485e-06 0.000119613
7.3 4.95641e-08 7.94939e-07 9.65934e-05
7.35 3.70406e-08 6.0912e-07 7.78093e-05
7.4 2.76124e-08 4.65572e-07 6.25215e-05
7.45 2.05326e-08 3.54964e-07 5.0112e-05
7.5 1.523e-08 2.69958e-07 4.00653e-05
7.55 1.12686e-08 2.04796e-07 3.19528e-05
7.6 8.3167e-09 1.54975e-07 2.54193e-05
7.65 6.12278e-09 1.16982e-07 2.01713e-05
7.7 4.49635e-09 8.80818e-08 1.59668e-05
7.75 3.29371e-09 6.6156e-08 1.26071e-05
7.8 2.40672e-09 4.95641e-08 9.9295e-06
7.85 1.75421e-09 3.70406e-08 7.80107e-06
7.9 1.27541e-09 2.76124e-08 6.11357e-06
7.95 9.24979e-10 2.05326e-08 4.77914e-06
8 6.69159e-10 1.523e-08 3.72665e-06
