T X
600 0.999181
605 0.999036
610 0.998867
615 0.998673
620 0.99845
625 0.998193
630 0.9979
635 0.997564
640 0.997182
645 0.996748
650 0.996255
655 0.995697
660 0.995067
665 0.994357
670 0.993558
675 0.992662
680 0.991659
685 0.990538
690 0.989289
695 0.987899
700 0.986355
705 0.98465
710 0.982766
715 0.980688
720 0.9784
725 0.975888
730 0.973135
735 0.970123
740 0.966837
745 0.963259
750 0.959372
755 0.955157
760 0.950599
765 0.945679
770 0.940382
775 0.934691
780 0.928593
785 0.922073
790 0.915118
795 0.907718
800 0.899863
805 0.891576
810 0.882825
815 0.873607
820 0.863919
825 0.853765
830 0.843147
835 0.832071
840 0.820547
845 0.808586
850 0.796201
855 0.783409
860 0.770229
865 0.756681
870 0.742787
875 0.728574
880 0.714067
885 0.699294
890 0.684285
895 0.66907
900 0.65368
