J T100 T300 T1000
0 0.142833 0.0492385 0.0149455
1 0.317309 0.13364 0.0435097
2 0.29 0.182309 0.0682875
3 0.164863 0.189003 0.0873633
4 0.0637383 0.162801 0.0996062
5 0.0173466 0.120604 0.104762
6 0.00338036 0.0781589 0.103389
7 0.000476257 0.0447408 0.0966706
8 4.88048e-05 0.0227588 0.0861546
9 3.65227e-06 0.0103289 0.0734789
10 2.00151e-07 0.00419399 0.0601397
11 8.04875e-09 0.00152671 0.0473321
12 2.37868e-10 0.000499 0.0358763
13 5.17234e-12 0.000146611 0.0262195
14 8.28289e-14 3.87574e-05 0.0184929
