T xCO
500 4.04175e-05
510 6.08478e-05
520 9.01746e-05
530 0.000131666
540 0.000189571
550 0.000269344
560 0.000377911
570 0.000523963
580 0.000718303
590 0.000974216
600 0.00130789
610 0.00173889
620 0.00229061
630 0.00299086
640 0.00387236
650 0.00497336
660 0.0063382
670 0.00801789
680 0.0100707
690 0.0125625
700 0.0155675
710 0.0191441
720 0.0233982
730 0.0284274
740 0.0343378
750 0.0412431
760 0.049264
770 0.0585267
780 0.0691615
790 0.0813005
800 0.0950747
810 0.110611
820 0.128027
830 0.147428
840 0.1689
850 0.192505
860 0.218274
870 0.2462
880 0.276235
890 0.308277
900 0.342176
910 0.377356
920 0.413882
930 0.451443
940 0.489681
950 0.528199
960 0.566577
970 0.604388
980 0.641211
990 0.676655
1000 0.710374
1010 0.742082
1020 0.771562
1030 0.798676
1040 0.823359
1050 0.845616
1060 0.865511
1070 0.883157
1080 0.898703
1090 0.912318
1100 0.924183
1110 0.934365
1120 0.943188
1130 0.950816
1140 0.957398
1150 0.963071
1160 0.967958
1170 0.972166
1180 0.97579
1190 0.978912
1200 0.981604
1210 0.983926
1220 0.985933
1230 0.987668
1240 0.989171
1250 0.990474
1260 0.991606
1270 0.992591
1280 0.993449
1290 0.994197
1300 0.994852
1310 0.995417
1320 0.995914
1330 0.996351
1340 0.996737
1350 0.997076
1360 0.997377
1370 0.997643
1380 0.997879
1390 0.998088
1400 0.998274
1410 0.99844
1420 0.998588
1430 0.99872
1440 0.998839
1450 0.998945
1460 0.99904
1470 0.999125
1480 0.999202
1490 0.999271
1500 0.999333
