p Mb Hb Hbacid
0 0 0 0
0.05 0.119048 1.04287e-05 7.272e-06
0.1 0.212766 6.77621e-05 4.72517e-05
0.15 0.288462 0.000202477 0.000141196
0.2 0.350877 0.000440155 0.000306963
0.25 0.403226 0.000803721 0.000560573
0.3 0.447761 0.00131423 0.000916784
0.35 0.486111 0.00199129 0.00138937
0.4 0.519481 0.00285323 0.00199129
0.45 0.54878 0.00391729 0.00273478
0.5 0.574713 0.00519962 0.00363142
0.55 0.597826 0.00671536 0.00469218
0.6 0.618557 0.00847865 0.0059274
0.65 0.637255 0.0105026 0.00734686
0.7 0.654206 0.0127993 0.00895971
0.75 0.669643 0.0153798 0.0107745
0.8 0.683761 0.018254 0.0127993
0.85 0.696721 0.0214308 0.0150414
0.9 0.708661 0.0249179 0.0175074
0.95 0.719697 0.0287219 0.0202035
1 0.729927 0.0328482 0.0231352
1.05 0.739437 0.0373008 0.026307
1.1 0.748299 0.0420828 0.0297231
1.15 0.756579 0.0471959 0.0333868
1.2 0.764331 0.0526406 0.0373008
1.25 0.771605 0.0584161 0.041467
1.3 0.778443 0.0645205 0.0458865
1.35 0.784884 0.0709506 0.05056
1.4 0.79096 0.0777022 0.0554871
1.45 0.796703 0.0847696 0.0606668
1.5 0.802139 0.0921464 0.0660976
1.55 0.807292 0.0998249 0.0717771
1.6 0.812183 0.107796 0.0777022
1.65 0.816832 0.116051 0.0838691
1.7 0.821256 0.124579 0.0902736
1.75 0.825472 0.133369 0.0969106
1.8 0.829493 0.142408 0.103775
1.85 0.833333 0.151683 0.110859
1.9 0.837004 0.161183 0.118158
1.95 0.840517 0.170892 0.125664
2 0.843882 0.180796 0.133369
2.05 0.847107 0.190881 0.141264
2.1 0.850202 0.201133 0.149343
2.15 0.853175 0.211535 0.157595
2.2 0.856031 0.222073 0.166012
2.25 0.858779 0.232732 0.174584
2.3 0.861423 0.243496 0.183301
2.35 0.863971 0.254351 0.192154
2.4 0.866426 0.265282 0.201133
2.45 0.868794 0.276273 0.210227
2.5 0.87108 0.287312 0.219427
2.55 0.873288 0.298383 0.228722
2.6 0.875421 0.309474 0.238102
2.65 0.877483 0.320571 0.247557
2.7 0.879479 0.331661 0.257077
2.75 0.88141 0.342733 0.266653
2.8 0.883281 0.353775 0.276273
2.85 0.885093 0.364775 0.28593
2.9 0.88685 0.375723 0.295613
2.95 0.888554 0.38661 0.305314
3 0.890208 0.397425 0.315023
3.05 0.891813 0.40816 0.324731
3.1 0.893372 0.418807 0.334432
3.15 0.894886 0.429357 0.344115
3.2 0.896359 0.439805 0.353775
3.25 0.89779 0.450143 0.363403
3.3 0.899183 0.460366 0.372992
3.35 0.900538 0.470468 0.382535
3.4 0.901857 0.480443 0.392027
3.45 0.903141 0.490289 0.40146
3.5 0.904393 0.5 0.41083
3.55 0.905612 0.509573 0.420131
3.6 0.906801 0.519006 0.429357
3.65 0.90796 0.528296 0.438505
3.7 0.909091 0.537439 0.447569
3.75 0.910194 0.546436 0.456546
3.8 0.911271 0.555284 0.465432
3.85 0.912322 0.563982 0.474224
3.9 0.913349 0.572529 0.482917
3.95 0.914352 0.580925 0.49151
4 0.915332 0.58917 0.5
4.05 0.91629 0.597263 0.508384
4.1 0.917226 0.605206 0.516661
4.15 0.918142 0.612998 0.524829
4.2 0.919037 0.620641 0.532886
4.25 0.919913 0.628134 0.54083
4.3 0.920771 0.63548 0.548662
4.35 0.92161 0.64268 0.556379
4.4 0.922432 0.649734 0.563982
4.45 0.923237 0.656646 0.571469
4.5 0.924025 0.663415 0.57884
4.55 0.924797 0.670044 0.586096
4.6 0.925553 0.676535 0.593236
4.65 0.926295 0.682889 0.60026
4.7 0.927022 0.689109 0.607168
4.75 0.927734 0.695197 0.613962
4.8 0.928433 0.701155 0.620641
4.85 0.929119 0.706984 0.627206
4.9 0.929791 0.712688 0.633658
4.95 0.930451 0.718268 0.639997
5 0.931099 0.723727 0.646225
5.05 0.931734 0.729066 0.652343
5.1 0.932358 0.734288 0.658351
5.15 0.932971 0.739396 0.664251
5.2 0.933573 0.744391 0.670044
5.25 0.934164 0.749276 0.675731
5.3 0.934744 0.754053 0.681313
5.35 0.935315 0.758725 0.686792
5.4 0.935875 0.763293 0.69217
5.45 0.936426 0.767759 0.697446
5.5 0.936968 0.772127 0.702624
5.55 0.9375 0.776397 0.707704
5.6 0.938023 0.780573 0.712688
5.65 0.938538 0.784656 0.717577
5.7 0.939044 0.788649 0.722373
5.75 0.939542 0.792552 0.727077
5.8 0.940032 0.79637 0.731692
5.85 0.940514 0.800102 0.736217
5.9 0.940989 0.803752 0.740655
5.95 0.941456 0.807321 0.745008
6 0.941915 0.810811 0.749276
6.05 0.942368 0.814225 0.753462
6.1 0.942813 0.817562 0.757567
6.15 0.943252 0.820827 0.761592
6.2 0.943683 0.82402 0.765539
6.25 0.944109 0.827143 0.769409
6.3 0.944528 0.830197 0.773204
6.35 0.94494 0.833185 0.776925
6.4 0.945347 0.836107 0.780573
6.45 0.945748 0.838966 0.784151
6.5 0.946143 0.841763 0.787659
6.55 0.946532 0.8445 0.791099
6.6 0.946915 0.847177 0.794472
6.65 0.947293 0.849796 0.797779
6.7 0.947666 0.85236 0.801022
6.75 0.948034 0.854868 0.804202
6.8 0.948396 0.857323 0.807321
6.85 0.948753 0.859725 0.810379
6.9 0.949106 0.862077 0.813378
6.95 0.949454 0.864378 0.816319
7 0.949796 0.866631 0.819204
7.05 0.950135 0.868837 0.822033
7.1 0.950469 0.870996 0.824807
7.15 0.950798 0.87311 0.827528
7.2 0.951123 0.87518 0.830197
7.25 0.951444 0.877207 0.832815
7.3 0.95176 0.879192 0.835383
7.35 0.952073 0.881136 0.837901
7.4 0.952381 0.88304 0.840372
7.45 0.952685 0.884905 0.842796
7.5 0.952986 0.886731 0.845174
7.55 0.953283 0.888521 0.847507
7.6 0.953576 0.890274 0.849796
7.65 0.953865 0.891991 0.852042
7.7 0.954151 0.893674 0.854246
7.75 0.954433 0.895324 0.856409
7.8 0.954712 0.89694 0.858531
7.85 0.954988 0.898524 0.860613
7.9 0.95526 0.900076 0.862657
7.95 0.955529 0.901598 0.864663
8 0.955795 0.903089 0.866631
8.05 0.956057 0.904552 0.868564
8.1 0.956316 0.905985 0.870461
8.15 0.956573 0.907391 0.872323
8.2 0.956826 0.908769 0.874151
8.25 0.957077 0.910121 0.875945
8.3 0.957324 0.911447 0.877707
8.35 0.957569 0.912747 0.879437
8.4 0.957811 0.914022 0.881136
8.45 0.95805 0.915273 0.882804
8.5 0.958286 0.9165 0.884442
8.55 0.95852 0.917704 0.886051
8.6 0.958751 0.918885 0.887631
8.65 0.95898 0.920044 0.889182
8.7 0.959206 0.921182 0.890706
8.75 0.95943 0.922298 0.892204
8.8 0.959651 0.923393 0.893674
8.85 0.95987 0.924468 0.895119
8.9 0.960086 0.925524 0.896539
8.95 0.9603 0.92656 0.897933
9 0.960512 0.927577 0.899304
9.05 0.960722 0.928575 0.90065
9.1 0.960929 0.929555 0.901973
9.15 0.961134 0.930518 0.903274
9.2 0.961338 0.931463 0.904552
9.25 0.961538 0.932392 0.905808
9.3 0.961737 0.933304 0.907042
9.35 0.961934 0.934199 0.908256
9.4 0.962129 0.935079 0.909449
9.45 0.962322 0.935943 0.910621
9.5 0.962513 0.936792 0.911774
9.55 0.962702 0.937626 0.912908
9.6 0.962889 0.938445 0.914022
9.65 0.963074 0.939251 0.915118
9.7 0.963257 0.940042 0.916196
9.75 0.963439 0.94082 0.917255
9.8 0.963618 0.941584 0.918298
9.85 0.963796 0.942335 0.919323
9.9 0.963973 0.943074 0.920331
9.95 0.964147 0.943799 0.921322
10 0.96432 0.944513 0.922298
10.05 0.964491 0.945214 0.923257
10.1 0.964661 0.945904 0.924201
10.15 0.964829 0.946582 0.92513
10.2 0.964995 0.947249 0.926044
10.25 0.96516 0.947905 0.926943
10.3 0.965323 0.94855 0.927828
10.35 0.965485 0.949185 0.928699
10.4 0.965645 0.949809 0.929555
10.45 0.965804 0.950422 0.930399
10.5 0.965961 0.951026 0.931229
10.55 0.966117 0.95162 0.932046
10.6 0.966272 0.952204 0.93285
10.65 0.966425 0.952779 0.933641
10.7 0.966576 0.953345 0.93442
10.75 0.966727 0.953902 0.935188
10.8 0.966876 0.95445 0.935943
10.85 0.967023 0.954989 0.936687
10.9 0.967169 0.955519 0.937419
10.95 0.967314 0.956042 0.93814
11 0.967458 0.956556 0.93885
11.05 0.967601 0.957062 0.939549
11.1 0.967742 0.95756 0.940238
11.15 0.967882 0.95805 0.940916
11.2 0.968021 0.958533 0.941584
11.25 0.968158 0.959008 0.942242
11.3 0.968295 0.959477 0.94289
11.35 0.96843 0.959938 0.943529
11.4 0.968564 0.960391 0.944158
11.45 0.968697 0.960839 0.944777
11.5 0.968829 0.961279 0.945388
11.55 0.96896 0.961712 0.94599
11.6 0.969089 0.96214 0.946582
11.65 0.969218 0.96256 0.947167
11.7 0.969345 0.962975 0.947742
11.75 0.969472 0.963383 0.94831
11.8 0.969597 0.963785 0.948869
11.85 0.969722 0.964182 0.94942
11.9 0.969845 0.964572 0.949963
11.95 0.969968 0.964957 0.950498
12 0.970089 0.965336 0.951026
12.05 0.970209 0.96571 0.951546
12.1 0.970329 0.966078 0.952059
12.15 0.970447 0.966441 0.952565
12.2 0.970565 0.966799 0.953063
12.25 0.970681 0.967152 0.953555
12.3 0.970797 0.967499 0.95404
12.35 0.970912 0.967842 0.954517
12.4 0.971026 0.96818 0.954989
12.45 0.971139 0.968513 0.955453
12.5 0.971251 0.968841 0.955912
12.55 0.971362 0.969165 0.956364
12.6 0.971473 0.969484 0.95681
12.65 0.971582 0.969799 0.957249
12.7 0.971691 0.970109 0.957683
12.75 0.971799 0.970416 0.958111
12.8 0.971906 0.970717 0.958533
12.85 0.972012 0.971015 0.958949
12.9 0.972118 0.971309 0.95936
12.95 0.972222 0.971598 0.959765
13 0.972326 0.971884 0.960165
13.05 0.972429 0.972166 0.96056
13.1 0.972532 0.972444 0.960949
13.15 0.972633 0.972718 0.961333
13.2 0.972734 0.972989 0.961712
13.25 0.972834 0.973256 0.962087
13.3 0.972933 0.973519 0.962456
13.35 0.973032 0.973779 0.96282
13.4 0.97313 0.974036 0.96318
13.45 0.973227 0.974289 0.963535
13.5 0.973324 0.974539 0.963885
13.55 0.97342 0.974785 0.964231
13.6 0.973515 0.975028 0.964572
13.65 0.973609 0.975269 0.964909
13.7 0.973703 0.975506 0.965242
13.75 0.973796 0.975739 0.965571
13.8 0.973888 0.97597 0.965895
13.85 0.97398 0.976198 0.966215
13.9 0.974071 0.976423 0.966531
13.95 0.974162 0.976646 0.966844
14 0.974252 0.976865 0.967152
