ppm y
9 0.000919081
8.998 0.00092298
8.996 0.000926904
8.994 0.000930853
8.992 0.000934828
8.99 0.000938829
8.988 0.000942856
8.986 0.000946909
8.984 0.000950989
8.982 0.000955096
8.98 0.00095923
8.978 0.000963391
8.976 0.000967579
8.974 0.000971796
8.972 0.00097604
8.97 0.000980312
8.968 0.000984613
8.966 0.000988943
8.964 0.000993302
8.962 0.00099769
8.96 0.00100211
8.958 0.00100655
8.956 0.00101103
8.954 0.00101554
8.952 0.00102008
8.95 0.00102465
8.948 0.00102925
8.946 0.00103388
8.944 0.00103854
8.942 0.00104324
8.94 0.00104797
8.938 0.00105273
8.936 0.00105752
8.934 0.00106235
8.932 0.00106721
8.93 0.0010721
8.928 0.00107703
8.926 0.00108199
8.924 0.00108699
8.922 0.00109202
8.92 0.00109709
8.918 0.0011022
8.916 0.00110734
8.914 0.00111251
8.912 0.00111773
8.91 0.00112298
8.908 0.00112826
8.906 0.00113359
8.904 0.00113895
8.902 0.00114436
8.9 0.0011498
8.898 0.00115528
8.896 0.0011608
8.894 0.00116636
8.892 0.00117196
8.89 0.00117761
8.888 0.00118329
8.886 0.00118901
8.884 0.00119478
8.882 0.00120059
8.88 0.00120644
8.878 0.00121234
8.876 0.00121828
8.874 0.00122427
8.872 0.00123029
8.87 0.00123637
8.868 0.00124249
8.866 0.00124865
8.864 0.00125487
8.862 0.00126113
8.86 0.00126743
8.858 0.00127379
8.856 0.00128019
8.854 0.00128664
8.852 0.00129314
8.85 0.00129969
8.848 0.00130629
8.846 0.00131295
8.844 0.00131965
8.842 0.00132641
8.84 0.00133321
8.838 0.00134008
8.836 0.00134699
8.834 0.00135396
8.832 0.00136098
8.83 0.00136806
8.828 0.0013752
8.826 0.00138239
8.824 0.00138964
8.822 0.00139694
8.82 0.00140431
8.818 0.00141173
8.816 0.00141921
8.814 0.00142675
8.812 0.00143436
8.81 0.00144202
8.808 0.00144975
8.806 0.00145754
8.804 0.00146539
8.802 0.00147331
8.8 0.00148129
8.798 0.00148934
8.796 0.00149745
8.794 0.00150564
8.792 0.00151388
8.79 0.0015222
8.788 0.00153059
8.786 0.00153904
8.784 0.00154757
8.782 0.00155617
8.78 0.00156484
8.778 0.00157359
8.776 0.0015824
8.774 0.0015913
8.772 0.00160027
8.77 0.00160931
8.768 0.00161843
8.766 0.00162763
8.764 0.00163691
8.762 0.00164627
8.76 0.00165572
8.758 0.00166524
8.756 0.00167484
8.754 0.00168453
8.752 0.00169431
8.75 0.00170417
8.748 0.00171412
8.746 0.00172415
8.744 0.00173427
8.742 0.00174449
8.74 0.00175479
8.738 0.00176519
8.736 0.00177568
8.734 0.00178626
8.732 0.00179694
8.73 0.00180771
8.728 0.00181859
8.726 0.00182956
8.724 0.00184063
8.722 0.0018518
8.72 0.00186308
8.718 0.00187446
8.716 0.00188594
8.714 0.00189753
8.712 0.00190923
8.71 0.00192103
8.708 0.00193295
8.706 0.00194498
8.704 0.00195712
8.702 0.00196937
8.7 0.00198174
8.698 0.00199423
8.696 0.00200684
8.694 0.00201956
8.692 0.00203241
8.69 0.00204538
8.688 0.00205848
8.686 0.0020717
8.684 0.00208505
8.682 0.00209853
8.68 0.00211214
8.678 0.00212589
8.676 0.00213976
8.674 0.00215378
8.672 0.00216793
8.67 0.00218223
8.668 0.00219666
8.666 0.00221124
8.664 0.00222597
8.662 0.00224084
8.66 0.00225586
8.658 0.00227103
8.656 0.00228636
8.654 0.00230184
8.652 0.00231748
8.65 0.00233328
8.648 0.00234924
8.646 0.00236536
8.644 0.00238165
8.642 0.00239811
8.64 0.00241474
8.638 0.00243155
8.636 0.00244853
8.634 0.00246568
8.632 0.00248302
8.63 0.00250054
8.628 0.00251825
8.626 0.00253614
8.624 0.00255423
8.622 0.00257251
8.62 0.00259098
8.618 0.00260965
8.616 0.00262853
8.614 0.00264761
8.612 0.00266689
8.61 0.00268639
8.608 0.0027061
8.606 0.00272603
8.604 0.00274618
8.602 0.00276655
8.6 0.00278714
8.598 0.00280797
8.596 0.00282903
8.594 0.00285032
8.592 0.00287185
8.59 0.00289363
8.588 0.00291566
8.586 0.00293793
8.584 0.00296046
8.582 0.00298325
8.58 0.0030063
8.578 0.00302961
8.576 0.00305319
8.574 0.00307705
8.572 0.00310119
8.57 0.00312561
8.568 0.00315032
8.566 0.00317531
8.564 0.00320061
8.562 0.0032262
8.56 0.0032521
8.558 0.00327831
8.556 0.00330483
8.554 0.00333167
8.552 0.00335884
8.55 0.00338633
8.548 0.00341417
8.546 0.00344234
8.544 0.00347085
8.542 0.00349972
8.54 0.00352895
8.538 0.00355854
8.536 0.00358849
8.534 0.00361882
8.532 0.00364954
8.53 0.00368063
8.528 0.00371213
8.526 0.00374402
8.524 0.00377632
8.522 0.00380903
8.52 0.00384216
8.518 0.00387571
8.516 0.00390971
8.514 0.00394414
8.512 0.00397902
8.51 0.00401436
8.508 0.00405016
8.506 0.00408644
8.504 0.0041232
8.502 0.00416044
8.5 0.00419818
8.498 0.00423643
8.496 0.00427519
8.494 0.00431447
8.492 0.00435429
8.49 0.00439465
8.488 0.00443556
8.486 0.00447703
8.484 0.00451907
8.482 0.0045617
8.48 0.00460491
8.478 0.00464873
8.476 0.00469316
8.474 0.00473822
8.472 0.00478391
8.47 0.00483025
8.468 0.00487725
8.466 0.00492492
8.464 0.00497327
8.462 0.00502232
8.46 0.00507207
8.458 0.00512255
8.456 0.00517377
8.454 0.00522573
8.452 0.00527846
8.45 0.00533196
8.448 0.00538626
8.446 0.00544136
8.444 0.00549729
8.442 0.00555406
8.44 0.00561168
8.438 0.00567017
8.436 0.00572955
8.434 0.00578984
8.432 0.00585105
8.43 0.0059132
8.428 0.00597631
8.426 0.0060404
8.424 0.00610548
8.422 0.00617158
8.42 0.00623872
8.418 0.00630692
8.416 0.0063762
8.414 0.00644658
8.412 0.00651808
8.41 0.00659072
8.408 0.00666454
8.406 0.00673955
8.404 0.00681577
8.402 0.00689324
8.4 0.00697197
8.398 0.007052
8.396 0.00713334
8.394 0.00721604
8.392 0.00730011
8.39 0.00738558
8.388 0.00747249
8.386 0.00756086
8.384 0.00765072
8.382 0.00774211
8.38 0.00783506
8.378 0.00792959
8.376 0.00802575
8.374 0.00812357
8.372 0.00822309
8.37 0.00832434
8.368 0.00842735
8.366 0.00853217
8.364 0.00863883
8.362 0.00874738
8.36 0.00885785
8.358 0.00897029
8.356 0.00908474
8.354 0.00920125
8.352 0.00931985
8.35 0.0094406
8.348 0.00956353
8.346 0.00968871
8.344 0.00981618
8.342 0.00994598
8.34 0.0100782
8.338 0.0102128
8.336 0.0103499
8.334 0.0104896
8.332 0.0106319
8.33 0.0107769
8.328 0.0109246
8.326 0.011075
8.324 0.0112284
8.322 0.0113846
8.32 0.0115438
8.318 0.011706
8.316 0.0118714
8.314 0.0120399
8.312 0.0122117
8.31 0.0123868
8.308 0.0125652
8.306 0.0127472
8.304 0.0129327
8.302 0.0131218
8.3 0.0133146
8.298 0.0135111
8.296 0.0137116
8.294 0.0139159
8.292 0.0141243
8.29 0.0143368
8.288 0.0145535
8.286 0.0147745
8.284 0.0149998
8.282 0.0152297
8.28 0.015464
8.278 0.0157031
8.276 0.0159468
8.274 0.0161954
8.272 0.016449
8.27 0.0167075
8.268 0.0169712
8.266 0.0172402
8.264 0.0175144
8.262 0.0177941
8.26 0.0180792
8.258 0.01837
8.256 0.0186665
8.254 0.0189688
8.252 0.019277
8.25 0.0195912
8.248 0.0199114
8.246 0.0202379
8.244 0.0205706
8.242 0.0209096
8.24 0.0212551
8.238 0.021607
8.236 0.0219656
8.234 0.0223307
8.232 0.0227026
8.23 0.0230813
8.228 0.0234667
8.226 0.0238591
8.224 0.0242583
8.222 0.0246644
8.22 0.0250774
8.218 0.0254974
8.216 0.0259244
8.214 0.0263582
8.212 0.0267989
8.21 0.0272465
8.208 0.0277008
8.206 0.0281618
8.204 0.0286294
8.202 0.0291035
8.2 0.0295839
8.198 0.0300705
8.196 0.0305631
8.194 0.0310615
8.192 0.0315655
8.19 0.0320747
8.188 0.0325889
8.186 0.0331078
8.184 0.0336311
8.182 0.0341583
8.18 0.034689
8.178 0.0352227
8.176 0.0357591
8.174 0.0362975
8.172 0.0368373
8.17 0.0373781
8.168 0.0379191
8.166 0.0384596
8.164 0.038999
8.162 0.0395365
8.16 0.0400712
8.158 0.0406024
8.156 0.0411292
8.154 0.0416506
8.152 0.0421658
8.15 0.0426738
8.148 0.0431735
8.146 0.0436639
8.144 0.0441441
8.142 0.044613
8.14 0.0450694
8.138 0.0455123
8.136 0.0459407
8.134 0.0463534
8.132 0.0467495
8.13 0.0471277
8.128 0.0474872
8.126 0.0478269
8.124 0.0481458
8.122 0.048443
8.12 0.0487176
8.118 0.0489687
8.116 0.0491957
8.114 0.0493978
8.112 0.0495743
8.11 0.0497246
8.108 0.0498484
8.106 0.0499452
8.104 0.0500146
8.102 0.0500565
8.1 0.0500707
8.098 0.0500571
8.096 0.0500159
8.094 0.0499471
8.092 0.0498509
8.09 0.0497278
8.088 0.049578
8.086 0.0494021
8.084 0.0492007
8.082 0.0489743
8.08 0.0487238
8.078 0.0484498
8.076 0.0481532
8.074 0.047835
8.072 0.0474959
8.07 0.0471371
8.068 0.0467594
8.066 0.046364
8.064 0.0459519
8.062 0.0455241
8.06 0.0450818
8.058 0.044626
8.056 0.0441578
8.054 0.0436782
8.052 0.0431884
8.05 0.0426893
8.048 0.042182
8.046 0.0416675
8.044 0.0411466
8.042 0.0406205
8.04 0.0400899
8.038 0.0395558
8.036 0.039019
8.034 0.0384802
8.032 0.0379403
8.03 0.0373999
8.028 0.0368598
8.026 0.0363205
8.024 0.0357828
8.022 0.0352471
8.02 0.0347139
8.018 0.0341839
8.016 0.0336573
8.014 0.0331347
8.012 0.0326164
8.01 0.0321028
8.008 0.0315942
8.006 0.0310909
8.004 0.0305932
8.002 0.0301012
8 0.0296153
7.998 0.0291355
7.996 0.028662
7.994 0.028195
7.992 0.0277347
7.99 0.027281
7.988 0.0268341
7.986 0.026394
7.984 0.0259608
7.982 0.0255345
7.98 0.0251152
7.978 0.0247028
7.976 0.0242973
7.974 0.0238987
7.972 0.0235071
7.97 0.0231223
7.968 0.0227443
7.966 0.022373
7.964 0.0220085
7.962 0.0216506
7.96 0.0212993
7.958 0.0209545
7.956 0.0206161
7.954 0.0202841
7.952 0.0199583
7.95 0.0196387
7.948 0.0193252
7.946 0.0190177
7.944 0.018716
7.942 0.0184202
7.94 0.0181301
7.938 0.0178456
7.936 0.0175666
7.934 0.017293
7.932 0.0170248
7.93 0.0167618
7.928 0.0165039
7.926 0.016251
7.924 0.0160031
7.922 0.01576
7.92 0.0155216
7.918 0.0152879
7.916 0.0150588
7.914 0.0148341
7.912 0.0146138
7.91 0.0143978
7.908 0.014186
7.906 0.0139783
7.904 0.0137746
7.902 0.0135749
7.9 0.013379
7.898 0.0131869
7.896 0.0129985
7.894 0.0128137
7.892 0.0126325
7.89 0.0124547
7.888 0.0122803
7.886 0.0121092
7.884 0.0119414
7.882 0.0117768
7.88 0.0116152
7.878 0.0114568
7.876 0.0113012
7.874 0.0111486
7.872 0.0109989
7.87 0.0108519
7.868 0.0107077
7.866 0.0105661
7.864 0.0104271
7.862 0.0102907
7.86 0.0101568
7.858 0.0100253
7.856 0.00989627
7.854 0.00976954
7.852 0.00964509
7.85 0.00952289
7.848 0.00940288
7.846 0.00928502
7.844 0.00916926
7.842 0.00905555
7.84 0.00894386
7.838 0.00883414
7.836 0.00872634
7.834 0.00862043
7.832 0.00851636
7.83 0.00841411
7.828 0.00831362
7.826 0.00821487
7.824 0.00811781
7.822 0.00802242
7.82 0.00792865
7.818 0.00783647
7.816 0.00774586
7.814 0.00765677
7.812 0.00756918
7.81 0.00748305
7.808 0.00739836
7.806 0.00731508
7.804 0.00723317
7.802 0.00715262
7.8 0.00707338
7.798 0.00699545
7.796 0.00691878
7.794 0.00684336
7.792 0.00676915
7.79 0.00669614
7.788 0.00662431
7.786 0.00655362
7.784 0.00648405
7.782 0.00641559
7.78 0.00634822
7.778 0.0062819
7.776 0.00621663
7.774 0.00615237
7.772 0.00608911
7.77 0.00602684
7.768 0.00596553
7.766 0.00590516
7.764 0.00584572
7.762 0.00578718
7.76 0.00572954
7.758 0.00567277
7.756 0.00561686
7.754 0.00556179
7.752 0.00550755
7.75 0.00545412
7.748 0.00540148
7.746 0.00534963
7.744 0.00529854
7.742 0.00524821
7.74 0.00519861
7.738 0.00514974
7.736 0.00510158
7.734 0.00505412
7.732 0.00500735
7.73 0.00496125
7.728 0.00491582
7.726 0.00487104
7.724 0.00482689
7.722 0.00478337
7.72 0.00474048
7.718 0.00469818
7.716 0.00465648
7.714 0.00461537
7.712 0.00457483
7.71 0.00453486
7.708 0.00449544
7.706 0.00445657
7.704 0.00441824
7.702 0.00438043
7.7 0.00434314
7.698 0.00430636
7.696 0.00427009
7.694 0.0042343
7.692 0.004199
7.69 0.00416418
7.688 0.00412982
7.686 0.00409593
7.684 0.00406249
7.682 0.00402949
7.68 0.00399693
7.678 0.00396481
7.676 0.00393311
7.674 0.00390182
7.672 0.00387095
7.67 0.00384049
7.668 0.00381042
7.666 0.00378074
7.664 0.00375145
7.662 0.00372253
7.66 0.00369399
7.658 0.00366582
7.656 0.00363801
7.654 0.00361056
7.652 0.00358346
7.65 0.0035567
7.648 0.00353028
7.646 0.0035042
7.644 0.00347845
7.642 0.00345302
7.64 0.00342791
7.638 0.00340312
7.636 0.00337864
7.634 0.00335446
7.632 0.00333058
7.63 0.00330701
7.628 0.00328372
7.626 0.00326072
7.624 0.00323801
7.622 0.00321558
7.62 0.00319342
7.618 0.00317153
7.616 0.00314992
7.614 0.00312856
7.612 0.00310747
7.61 0.00308663
7.608 0.00306605
7.606 0.00304572
7.604 0.00302563
7.602 0.00300579
7.6 0.00298618
7.598 0.00296681
7.596 0.00294767
7.594 0.00292877
7.592 0.00291009
7.59 0.00289163
7.588 0.00287339
7.586 0.00285537
7.584 0.00283757
7.582 0.00281997
7.58 0.00280259
7.578 0.00278541
7.576 0.00276844
7.574 0.00275166
7.572 0.00273509
7.57 0.00271871
7.568 0.00270252
7.566 0.00268652
7.564 0.00267071
7.562 0.00265509
7.56 0.00263965
7.558 0.00262439
7.556 0.00260931
7.554 0.00259441
7.552 0.00257968
7.55 0.00256513
7.548 0.00255074
7.546 0.00253652
7.544 0.00252247
7.542 0.00250859
7.54 0.00249486
7.538 0.0024813
7.536 0.00246789
7.534 0.00245464
7.532 0.00244154
7.53 0.0024286
7.528 0.00241581
7.526 0.00240317
7.524 0.00239067
7.522 0.00237832
7.52 0.00236612
7.518 0.00235406
7.516 0.00234214
7.514 0.00233036
7.512 0.00231871
7.51 0.00230721
7.508 0.00229584
7.506 0.0022846
7.504 0.00227349
7.502 0.00226252
7.5 0.00225167
7.498 0.00224095
7.496 0.00223036
7.494 0.0022199
7.492 0.00220955
7.49 0.00219934
7.488 0.00218924
7.486 0.00217926
7.484 0.0021694
7.482 0.00215966
7.48 0.00215004
7.478 0.00214053
7.476 0.00213114
7.474 0.00212186
7.472 0.00211269
7.47 0.00210363
7.468 0.00209468
7.466 0.00208585
7.464 0.00207712
7.462 0.0020685
7.46 0.00205998
7.458 0.00205157
7.456 0.00204326
7.454 0.00203506
7.452 0.00202696
7.45 0.00201896
7.448 0.00201106
7.446 0.00200327
7.444 0.00199557
7.442 0.00198797
7.44 0.00198047
7.438 0.00197306
7.436 0.00196575
7.434 0.00195853
7.432 0.00195141
7.43 0.00194439
7.428 0.00193745
7.426 0.00193061
7.424 0.00192386
7.422 0.00191721
7.42 0.00191064
7.418 0.00190416
7.416 0.00189777
7.414 0.00189147
7.412 0.00188526
7.41 0.00187913
7.408 0.0018731
7.406 0.00186714
7.404 0.00186128
7.402 0.0018555
7.4 0.0018498
7.398 0.00184419
7.396 0.00183866
7.394 0.00183321
7.392 0.00182785
7.39 0.00182257
7.388 0.00181737
7.386 0.00181226
7.384 0.00180722
7.382 0.00180226
7.38 0.00179739
7.378 0.00179259
7.376 0.00178788
7.374 0.00178324
7.372 0.00177868
7.37 0.0017742
7.368 0.0017698
7.366 0.00176548
7.364 0.00176123
7.362 0.00175706
7.36 0.00175297
7.358 0.00174896
7.356 0.00174502
7.354 0.00174116
7.352 0.00173737
7.35 0.00173366
7.348 0.00173003
7.346 0.00172647
7.344 0.00172298
7.342 0.00171957
7.34 0.00171624
7.338 0.00171298
7.336 0.00170979
7.334 0.00170668
7.332 0.00170365
7.33 0.00170069
7.328 0.0016978
7.326 0.00169499
7.324 0.00169225
7.322 0.00168958
7.32 0.00168699
7.318 0.00168447
7.316 0.00168203
7.314 0.00167966
7.312 0.00167737
7.31 0.00167514
7.308 0.001673
7.306 0.00167092
7.304 0.00166892
7.302 0.001667
7.3 0.00166515
7.298 0.00166337
7.296 0.00166167
7.294 0.00166004
7.292 0.00165849
7.29 0.00165701
7.288 0.00165561
7.286 0.00165428
7.284 0.00165303
7.282 0.00165185
7.28 0.00165075
7.278 0.00164972
7.276 0.00164877
7.274 0.0016479
7.272 0.0016471
7.27 0.00164639
7.268 0.00164574
7.266 0.00164518
7.264 0.00164469
7.262 0.00164429
7.26 0.00164396
7.258 0.00164371
7.256 0.00164354
7.254 0.00164345
7.252 0.00164344
7.25 0.00164351
7.248 0.00164366
7.246 0.00164389
7.244 0.00164421
7.242 0.00164461
7.24 0.00164509
7.238 0.00164565
7.236 0.0016463
7.234 0.00164703
7.232 0.00164785
7.23 0.00164876
7.228 0.00164975
7.226 0.00165083
7.224 0.001652
7.222 0.00165326
7.22 0.0016546
7.218 0.00165604
7.216 0.00165757
7.214 0.00165919
7.212 0.0016609
7.21 0.00166271
7.208 0.00166461
7.206 0.0016666
7.204 0.00166869
7.202 0.00167088
7.2 0.00167317
7.198 0.00167555
7.196 0.00167804
7.194 0.00168063
7.192 0.00168332
7.19 0.00168611
7.188 0.00168901
7.186 0.00169201
7.184 0.00169513
7.182 0.00169834
7.18 0.00170167
7.178 0.00170511
7.176 0.00170866
7.174 0.00171233
7.172 0.00171611
7.17 0.00172001
7.168 0.00172402
7.166 0.00172816
7.164 0.00173241
7.162 0.00173679
7.16 0.00174129
7.158 0.00174592
7.156 0.00175068
7.154 0.00175556
7.152 0.00176058
7.15 0.00176573
7.148 0.00177102
7.146 0.00177644
7.144 0.00178201
7.142 0.00178771
7.14 0.00179356
7.138 0.00179955
7.136 0.0018057
7.134 0.00181199
7.132 0.00181844
7.13 0.00182504
7.128 0.0018318
7.126 0.00183872
7.124 0.0018458
7.122 0.00185305
7.12 0.00186047
7.118 0.00186806
7.116 0.00187583
7.114 0.00188377
7.112 0.0018919
7.11 0.00190021
7.108 0.0019087
7.106 0.00191739
7.104 0.00192627
7.102 0.00193535
7.1 0.00194464
7.098 0.00195412
7.096 0.00196382
7.094 0.00197373
7.092 0.00198386
7.09 0.00199422
7.088 0.0020048
7.086 0.00201561
7.084 0.00202665
7.082 0.00203794
7.08 0.00204947
7.078 0.00206125
7.076 0.00207329
7.074 0.00208559
7.072 0.00209816
7.07 0.002111
7.068 0.00212412
7.066 0.00213752
7.064 0.00215122
7.062 0.00216521
7.06 0.00217951
7.058 0.00219411
7.056 0.00220904
7.054 0.00222429
7.052 0.00223987
7.05 0.00225579
7.048 0.00227207
7.046 0.0022887
7.044 0.00230569
7.042 0.00232306
7.04 0.00234081
7.038 0.00235896
7.036 0.0023775
7.034 0.00239646
7.032 0.00241585
7.03 0.00243566
7.028 0.00245593
7.026 0.00247664
7.024 0.00249783
7.022 0.00251949
7.02 0.00254165
7.018 0.00256432
7.016 0.0025875
7.014 0.00261122
7.012 0.00263548
7.01 0.00266031
7.008 0.00268572
7.006 0.00271173
7.004 0.00273834
7.002 0.00276559
7 0.00279348
6.998 0.00282204
6.996 0.00285128
6.994 0.00288123
6.992 0.00291191
6.99 0.00294333
6.988 0.00297553
6.986 0.00300852
6.984 0.00304233
6.982 0.00307698
6.98 0.00311251
6.978 0.00314893
6.976 0.00318628
6.974 0.00322459
6.972 0.00326388
6.97 0.00330419
6.968 0.00334556
6.966 0.00338801
6.964 0.00343159
6.962 0.00347633
6.96 0.00352228
6.958 0.00356947
6.956 0.00361795
6.954 0.00366776
6.952 0.00371894
6.95 0.00377156
6.948 0.00382566
6.946 0.0038813
6.944 0.00393853
6.942 0.00399741
6.94 0.004058
6.938 0.00412037
6.936 0.00418459
6.934 0.00425073
6.932 0.00431886
6.93 0.00438906
6.928 0.00446141
6.926 0.00453601
6.924 0.00461295
6.922 0.00469231
6.92 0.0047742
6.918 0.00485874
6.916 0.00494602
6.914 0.00503617
6.912 0.00512931
6.91 0.00522558
6.908 0.00532512
6.906 0.00542807
6.904 0.00553458
6.902 0.00564483
6.9 0.00575899
6.898 0.00587723
6.896 0.00599977
6.894 0.00612679
6.892 0.00625853
6.89 0.00639522
6.888 0.00653711
6.886 0.00668446
6.884 0.00683755
6.882 0.00699669
6.88 0.00716219
6.878 0.00733439
6.876 0.00751366
6.874 0.00770039
6.872 0.007895
6.87 0.00809792
6.868 0.00830965
6.866 0.00853069
6.864 0.0087616
6.862 0.00900297
6.86 0.00925543
6.858 0.00951968
6.856 0.00979645
6.854 0.0100866
6.852 0.0103908
6.85 0.0107103
6.848 0.0110458
6.846 0.0113986
6.844 0.0117699
6.842 0.0121609
6.84 0.012573
6.838 0.0130079
6.836 0.0134672
6.834 0.0139527
6.832 0.0144665
6.83 0.0150109
6.828 0.0155882
6.826 0.0162011
6.824 0.0168528
6.822 0.0175464
6.82 0.0182856
6.818 0.0190746
6.816 0.0199177
6.814 0.0208201
6.812 0.0217874
6.81 0.022826
6.808 0.023943
6.806 0.0251463
6.804 0.0264451
6.802 0.0278497
6.8 0.0293717
6.798 0.0310244
6.796 0.0328231
6.794 0.0347852
6.792 0.0369311
6.79 0.0392839
6.788 0.0418709
6.786 0.0447235
6.784 0.0478789
6.782 0.0513806
6.78 0.0552801
6.778 0.0596387
6.776 0.0645295
6.774 0.0700405
6.772 0.0762778
6.77 0.0833705
6.768 0.0914765
6.766 0.10079
6.764 0.111552
6.762 0.124061
6.76 0.138693
6.758 0.155921
6.756 0.176341
6.754 0.200712
6.752 0.229986
6.75 0.265362
6.748 0.308311
6.746 0.360573
6.744 0.424046
6.742 0.500448
6.74 0.590531
6.738 0.692582
6.736 0.800177
6.734 0.900087
6.732 0.972995
6.73 1
6.728 0.973001
6.726 0.9001
6.724 0.800197
6.722 0.692608
6.72 0.590563
6.718 0.500487
6.716 0.424091
6.714 0.360625
6.712 0.30837
6.71 0.265427
6.708 0.230058
6.706 0.20079
6.704 0.176426
6.702 0.156012
6.7 0.138791
6.698 0.124165
6.696 0.111663
6.694 0.100908
6.692 0.0916011
6.69 0.0835018
6.688 0.0764159
6.686 0.0701854
6.684 0.0646813
6.682 0.0597974
6.68 0.0554458
6.678 0.0515532
6.676 0.0480585
6.674 0.0449102
6.672 0.0420647
6.67 0.0394849
6.668 0.0371393
6.666 0.0350007
6.664 0.0330458
6.662 0.0312545
6.66 0.0296092
6.658 0.0280947
6.656 0.0266977
6.654 0.0254065
6.652 0.0242108
6.65 0.0231016
6.648 0.0220709
6.646 0.0211114
6.644 0.020217
6.642 0.0193819
6.64 0.018601
6.638 0.01787
6.636 0.0171847
6.634 0.0165414
6.632 0.0159369
6.63 0.0153681
6.628 0.0148324
6.626 0.0143273
6.624 0.0138507
6.622 0.0134003
6.62 0.0129745
6.618 0.0125715
6.616 0.0121898
6.614 0.0118279
6.612 0.0114846
6.61 0.0111586
6.608 0.010849
6.606 0.0105545
6.604 0.0102744
6.602 0.0100078
6.6 0.00975381
6.598 0.00951176
6.596 0.00928094
6.594 0.00906074
6.592 0.00885055
6.59 0.00864983
6.588 0.00845807
6.586 0.0082748
6.584 0.00809957
6.582 0.00793197
6.58 0.00777162
6.578 0.00761816
6.576 0.00747125
6.574 0.00733057
6.572 0.00719583
6.57 0.00706676
6.568 0.00694309
6.566 0.00682458
6.564 0.00671101
6.562 0.00660215
6.56 0.00649781
6.558 0.0063978
6.556 0.00630194
6.554 0.00621005
6.552 0.00612199
6.55 0.00603761
6.548 0.00595676
6.546 0.00587931
6.544 0.00580514
6.542 0.00573413
6.54 0.00566617
6.538 0.00560116
6.536 0.00553899
6.534 0.00547958
6.532 0.00542283
6.53 0.00536867
6.528 0.00531702
6.526 0.0052678
6.524 0.00522095
6.522 0.0051764
6.52 0.00513409
6.518 0.00509396
6.516 0.00505596
6.514 0.00502004
6.512 0.00498616
6.51 0.00495426
6.508 0.00492431
6.506 0.00489627
6.504 0.0048701
6.502 0.00484578
6.5 0.00482327
6.498 0.00480254
6.496 0.00478357
6.494 0.00476633
6.492 0.00475081
6.49 0.00473699
6.488 0.00472484
6.486 0.00471437
6.484 0.00470554
6.482 0.00469836
6.48 0.00469282
6.478 0.00468891
6.476 0.00468662
6.474 0.00468596
6.472 0.00468692
6.47 0.0046895
6.468 0.00469372
6.466 0.00469957
6.464 0.00470707
6.462 0.00471622
6.46 0.00472704
6.458 0.00473953
6.456 0.00475373
6.454 0.00476963
6.452 0.00478728
6.45 0.00480668
6.448 0.00482786
6.446 0.00485086
6.444 0.00487569
6.442 0.0049024
6.44 0.00493102
6.438 0.00496159
6.436 0.00499415
6.434 0.00502873
6.432 0.0050654
6.43 0.0051042
6.428 0.00514517
6.426 0.00518839
6.424 0.00523391
6.422 0.00528179
6.42 0.00533211
6.418 0.00538493
6.416 0.00544034
6.414 0.00549842
6.412 0.00555925
6.41 0.00562292
6.408 0.00568954
6.406 0.00575921
6.404 0.00583204
6.402 0.00590815
6.4 0.00598765
6.398 0.00607069
6.396 0.00615741
6.394 0.00624795
6.392 0.00634246
6.39 0.00644113
6.388 0.00654412
6.386 0.00665162
6.384 0.00676385
6.382 0.006881
6.38 0.00700332
6.378 0.00713104
6.376 0.00726442
6.374 0.00740374
6.372 0.0075493
6.37 0.0077014
6.368 0.00786039
6.366 0.00802663
6.364 0.00820049
6.362 0.0083824
6.36 0.00857279
6.358 0.00877214
6.356 0.00898097
6.354 0.0091998
6.352 0.00942925
6.35 0.00966993
6.348 0.00992253
6.346 0.0101878
6.344 0.0104665
6.342 0.0107596
6.34 0.0110679
6.338 0.0113924
6.336 0.0117344
6.334 0.0120948
6.332 0.0124752
6.33 0.0128768
6.328 0.0133012
6.326 0.0137502
6.324 0.0142255
6.322 0.0147291
6.32 0.0152634
6.318 0.0158308
6.316 0.0164339
6.314 0.0170758
6.312 0.0177597
6.31 0.0184893
6.308 0.0192687
6.306 0.0201024
6.304 0.0209955
6.302 0.0219535
6.3 0.0229829
6.298 0.0240906
6.296 0.0252849
6.294 0.0265747
6.292 0.0279702
6.29 0.0294833
6.288 0.0311271
6.286 0.032917
6.284 0.0348705
6.282 0.0370076
6.28 0.0393518
6.278 0.0419302
6.276 0.0447742
6.274 0.0479211
6.272 0.0514143
6.27 0.0553054
6.268 0.0596556
6.266 0.0645381
6.264 0.0700407
6.262 0.0762697
6.26 0.0833542
6.258 0.0914519
6.256 0.100757
6.254 0.111511
6.252 0.124012
6.25 0.138636
6.248 0.155855
6.246 0.176268
6.244 0.20063
6.242 0.229897
6.24 0.265265
6.238 0.308206
6.236 0.360459
6.234 0.423924
6.232 0.500318
6.23 0.590393
6.228 0.692437
6.226 0.800024
6.224 0.899925
6.222 0.972825
6.22 0.999822
6.218 0.972816
6.216 0.899906
6.214 0.799995
6.212 0.692399
6.21 0.590346
6.208 0.500261
6.206 0.423858
6.204 0.360383
6.202 0.30812
6.2 0.265169
6.198 0.229792
6.196 0.200515
6.194 0.176144
6.192 0.155721
6.19 0.138492
6.188 0.123858
6.186 0.111347
6.184 0.100584
6.182 0.0912691
6.18 0.0831615
6.178 0.0760672
6.176 0.0698283
6.174 0.0643157
6.172 0.0594232
6.17 0.055063
6.168 0.0511619
6.166 0.0476586
6.164 0.0445015
6.162 0.0416472
6.16 0.0390587
6.158 0.0367042
6.156 0.0345567
6.154 0.0325928
6.152 0.0307924
6.15 0.0291381
6.148 0.0276144
6.146 0.0262082
6.144 0.0249077
6.142 0.0237027
6.14 0.022584
6.138 0.0215437
6.136 0.0205747
6.134 0.0196706
6.132 0.0188257
6.13 0.0180351
6.128 0.0172941
6.126 0.0165988
6.124 0.0159454
6.122 0.0153307
6.12 0.0147516
6.118 0.0142055
6.116 0.01369
6.114 0.0132027
6.112 0.0127416
6.11 0.012305
6.108 0.0118911
6.106 0.0114983
6.104 0.0111252
6.102 0.0107706
6.1 0.0104333
6.098 0.0101121
6.096 0.00980595
6.094 0.00951404
6.092 0.00923544
6.09 0.00896936
6.088 0.00871506
6.086 0.00847185
6.084 0.0082391
6.082 0.0080162
6.08 0.00780261
6.078 0.00759782
6.076 0.00740134
6.074 0.00721273
6.072 0.00703157
6.07 0.00685748
6.068 0.00669008
6.066 0.00652904
6.064 0.00637403
6.062 0.00622476
6.06 0.00608095
6.058 0.00594233
6.056 0.00580865
6.054 0.00567967
6.052 0.00555519
6.05 0.00543498
6.048 0.00531886
6.046 0.00520664
6.044 0.00509814
6.042 0.0049932
6.04 0.00489167
6.038 0.00479339
6.036 0.00469824
6.034 0.00460607
6.032 0.00451676
6.03 0.00443019
6.028 0.00434626
6.026 0.00426485
6.024 0.00418586
6.022 0.00410919
6.02 0.00403476
6.018 0.00396248
6.016 0.00389226
6.014 0.00382403
6.012 0.0037577
6.01 0.00369322
6.008 0.00363051
6.006 0.0035695
6.004 0.00351013
6.002 0.00345235
6 0.00339609
5.998 0.00334131
5.996 0.00328794
5.994 0.00323595
5.992 0.00318528
5.99 0.00313589
5.988 0.00308774
5.986 0.00304078
5.984 0.00299498
5.982 0.00295028
5.98 0.00290667
5.978 0.00286411
5.976 0.00282255
5.974 0.00278197
5.972 0.00274234
5.97 0.00270362
5.968 0.00266579
5.966 0.00262883
5.964 0.0025927
5.962 0.00255737
5.96 0.00252283
5.958 0.00248906
5.956 0.00245602
5.954 0.0024237
5.952 0.00239207
5.95 0.00236112
5.948 0.00233082
5.946 0.00230116
5.944 0.00227212
5.942 0.00224368
5.94 0.00221582
5.938 0.00218854
5.936 0.0021618
5.934 0.0021356
5.932 0.00210993
5.93 0.00208476
5.928 0.00206009
5.926 0.00203589
5.924 0.00201217
5.922 0.00198891
5.92 0.00196608
5.918 0.00194369
5.916 0.00192173
5.914 0.00190017
5.912 0.00187901
5.91 0.00185825
5.908 0.00183786
5.906 0.00181785
5.904 0.00179819
5.902 0.00177889
5.9 0.00175994
5.898 0.00174132
5.896 0.00172302
5.894 0.00170505
5.892 0.00168739
5.89 0.00167003
5.888 0.00165297
5.886 0.0016362
5.884 0.00161972
5.882 0.00160351
5.88 0.00158758
5.878 0.00157191
5.876 0.00155649
5.874 0.00154133
5.872 0.00152642
5.87 0.00151175
5.868 0.00149731
5.866 0.00148311
5.864 0.00146913
5.862 0.00145537
5.86 0.00144183
5.858 0.0014285
5.856 0.00141538
5.854 0.00140246
5.852 0.00138973
5.85 0.00137721
5.848 0.00136487
5.846 0.00135272
5.844 0.00134075
5.842 0.00132895
5.84 0.00131734
5.838 0.00130589
5.836 0.00129462
5.834 0.0012835
5.832 0.00127255
5.83 0.00126176
5.828 0.00125112
5.826 0.00124063
5.824 0.00123029
5.822 0.00122009
5.82 0.00121004
5.818 0.00120013
5.816 0.00119036
5.814 0.00118072
5.812 0.00117122
5.81 0.00116184
5.808 0.00115259
5.806 0.00114347
5.804 0.00113446
5.802 0.00112558
5.8 0.00111682
5.798 0.00110817
5.796 0.00109964
5.794 0.00109122
5.792 0.0010829
5.79 0.0010747
5.788 0.0010666
5.786 0.00105861
5.784 0.00105071
5.782 0.00104292
5.78 0.00103523
5.778 0.00102763
5.776 0.00102013
5.774 0.00101272
5.772 0.0010054
5.77 0.000998172
5.768 0.000991033
5.766 0.000983982
5.764 0.000977016
5.762 0.000970135
5.76 0.000963336
5.758 0.000956618
5.756 0.000949981
5.754 0.000943423
5.752 0.000936942
5.75 0.000930537
5.748 0.000924207
5.746 0.00091795
5.744 0.000911766
5.742 0.000905654
5.74 0.000899611
5.738 0.000893638
5.736 0.000887733
5.734 0.000881894
5.732 0.000876122
5.73 0.000870414
5.728 0.00086477
5.726 0.000859188
5.724 0.000853669
5.722 0.00084821
5.72 0.000842811
5.718 0.000837471
5.716 0.00083219
5.714 0.000826965
5.712 0.000821797
5.71 0.000816684
5.708 0.000811626
5.706 0.000806622
5.704 0.000801671
5.702 0.000796772
5.7 0.000791925
5.698 0.000787128
5.696 0.000782382
5.694 0.000777684
5.692 0.000773035
5.69 0.000768434
5.688 0.00076388
5.686 0.000759373
5.684 0.000754911
5.682 0.000750495
5.68 0.000746123
5.678 0.000741794
5.676 0.00073751
5.674 0.000733267
5.672 0.000729067
5.67 0.000724909
5.668 0.000720791
5.666 0.000716713
5.664 0.000712676
5.662 0.000708677
5.66 0.000704717
5.658 0.000700796
5.656 0.000696912
5.654 0.000693065
5.652 0.000689255
5.65 0.000685481
5.648 0.000681743
5.646 0.00067804
5.644 0.000674371
5.642 0.000670737
5.64 0.000667137
5.638 0.00066357
5.636 0.000660036
5.634 0.000656535
5.632 0.000653066
5.63 0.000649628
5.628 0.000646222
5.626 0.000642846
5.624 0.000639501
5.622 0.000636186
5.62 0.000632901
5.618 0.000629645
5.616 0.000626418
5.614 0.00062322
5.612 0.00062005
5.61 0.000616908
5.608 0.000613793
5.606 0.000610706
5.604 0.000607645
5.602 0.000604611
5.6 0.000601603
5.598 0.000598621
5.596 0.000595665
5.594 0.000592734
5.592 0.000589828
5.59 0.000586946
5.588 0.000584089
5.586 0.000581256
5.584 0.000578447
5.582 0.000575661
5.58 0.000572899
5.578 0.000570159
5.576 0.000567443
5.574 0.000564748
5.572 0.000562076
5.57 0.000559425
5.568 0.000556797
5.566 0.000554189
5.564 0.000551603
5.562 0.000549038
5.56 0.000546493
5.558 0.000543969
5.556 0.000541465
5.554 0.000538981
5.552 0.000536517
5.55 0.000534072
5.548 0.000531647
5.546 0.00052924
5.544 0.000526853
5.542 0.000524484
5.54 0.000522134
5.538 0.000519802
5.536 0.000517488
5.534 0.000515192
5.532 0.000512913
5.53 0.000510652
5.528 0.000508408
5.526 0.000506181
5.524 0.000503972
5.522 0.000501778
5.52 0.000499602
5.518 0.000497442
5.516 0.000495298
5.514 0.00049317
5.512 0.000491058
5.51 0.000488961
5.508 0.00048688
5.506 0.000484815
5.504 0.000482764
5.502 0.000480729
5.5 0.000478708
