theta butane ethane
0 16.5324 12.2498
2 16.4928 12.2162
4 16.3744 12.1159
6 16.179 11.95
8 15.9092 11.7202
10 15.5687 11.4292
12 15.1622 11.08
14 14.6951 10.6766
16 14.1736 10.2232
18 13.6044 9.72499
20 12.9948 9.18732
22 12.3522 8.61609
24 11.6845 8.01757
26 10.9993 7.39831
28 10.3045 6.7651
30 9.60765 6.12488
32 8.916 5.48466
34 8.23657 4.85145
36 7.57593 4.23219
38 6.94022 3.63367
40 6.33507 3.06244
42 5.76565 2.52477
44 5.2366 2.02654
46 4.75208 1.57321
48 4.31578 1.16975
50 3.93091 0.820578
52 3.60027 0.529524
54 3.32625 0.299773
56 3.11086 0.133843
58 2.95571 0.0335527
60 2.86207 0
62 2.83082 0.0335527
64 2.86249 0.133843
66 2.95718 0.299773
68 3.11458 0.529524
70 3.33393 0.820578
72 3.61392 1.16975
74 3.95273 1.57321
76 4.34794 2.02654
78 4.79648 2.52477
80 5.29462 3.06244
82 5.83794 3.63367
84 6.42129 4.23219
86 7.03886 4.85145
88 7.68413 5.48466
90 8.34993 6.12488
92 9.02856 6.7651
94 9.71177 7.39831
96 10.391 8.01757
98 11.0572 8.61609
100 11.7015 9.18732
102 12.3148 9.72499
104 12.8883 10.2232
106 13.4134 10.6766
108 13.8821 11.08
110 14.287 11.4292
112 14.6215 11.7202
114 14.8801 11.95
116 15.058 12.1159
118 15.152 12.2162
120 15.1597 12.2498
122 15.0803 12.2162
124 14.9141 12.1159
126 14.6629 11.95
128 14.3295 11.7202
130 13.918 11.4292
132 13.4338 11.08
134 12.8829 10.6766
136 12.2724 10.2232
138 11.6102 9.72499
140 10.9046 9.18732
142 10.1643 8.61609
144 9.39846 8.01757
146 8.61616 7.39831
148 7.82649 6.7651
150 7.03838 6.12488
152 6.26046 5.48466
154 5.50093 4.85145
156 4.76755 4.23219
158 4.0675 3.63367
160 3.40736 3.06244
162 2.7931 2.52477
164 2.23001 2.02654
166 1.72277 1.57321
168 1.27541 1.16975
170 0.891335 0.820578
172 0.573375 0.529524
174 0.32379 0.299773
176 0.144306 0.133843
178 0.0361363 0.0335527
180 0 0
182 0.0361363 0.0335527
184 0.144306 0.133843
186 0.32379 0.299773
188 0.573375 0.529524
190 0.891335 0.820578
192 1.27541 1.16975
194 1.72277 1.57321
196 2.23001 2.02654
198 2.7931 2.52477
200 3.40736 3.06244
202 4.0675 3.63367
204 4.76755 4.23219
206 5.50093 4.85145
208 6.26046 5.48466
210 7.03838 6.12488
212 7.82649 6.7651
214 8.61616 7.39831
216 9.39846 8.01757
218 10.1643 8.61609
220 10.9046 9.18732
222 11.6102 9.72499
224 12.2724 10.2232
226 12.8829 10.6766
228 13.4338 11.08
230 13.918 11.4292
232 14.3295 11.7202
234 14.6629 11.95
236 14.9141 12.1159
238 15.0803 12.2162
240 15.1597 12.2498
242 15.152 12.2162
244 15.058 12.1159
246 14.8801 11.95
248 14.6215 11.7202
250 14.287 11.4292
252 13.8821 11.08
254 13.4134 10.6766
256 12.8883 10.2232
258 12.3148 9.72499
260 11.7015 9.18732
262 11.0572 8.61609
264 10.391 8.01757
266 9.71177 7.39831
268 9.02856 6.7651
270 8.34993 6.12488
272 7.68413 5.48466
274 7.03886 4.85145
276 6.42129 4.23219
278 5.83794 3.63367
280 5.29462 3.06244
282 4.79648 2.52477
284 4.34794 2.02654
286 3.95273 1.57321
288 3.61392 1.16975
290 3.33393 0.820578
292 3.11458 0.529524
294 2.95718 0.299773
296 2.86249 0.133843
298 2.83082 0.0335527
300 2.86207 0
302 2.95571 0.0335527
304 3.11086 0.133843
306 3.32625 0.299773
308 3.60027 0.529524
310 3.93091 0.820578
312 4.31578 1.16975
314 4.75208 1.57321
316 5.2366 2.02654
318 5.76565 2.52477
320 6.33507 3.06244
322 6.94022 3.63367
324 7.57593 4.23219
326 8.23657 4.85145
328 8.916 5.48466
330 9.60765 6.12488
332 10.3045 6.7651
334 10.9993 7.39831
336 11.6845 8.01757
338 12.3522 8.61609
340 12.9948 9.18732
342 13.6044 9.72499
344 14.1736 10.2232
346 14.6951 10.6766
348 15.1622 11.08
350 15.5687 11.4292
352 15.9092 11.7202
354 16.179 11.95
356 16.3744 12.1159
358 16.4928 12.2162
360 16.5324 12.2498
