t y
7.5 1.32341e-05
7.505 1.68607e-05
7.51 2.14439e-05
7.515 2.72255e-05
7.52 3.4506e-05
7.525 4.36575e-05
7.53 5.51404e-05
7.535 6.95227e-05
7.54 8.75043e-05
7.545 0.000109946
7.55 0.000137903
7.555 0.000172669
7.56 0.000215825
7.565 0.000269298
7.57 0.000335438
7.575 0.000417097
7.58 0.000517736
7.585 0.000641543
7.59 0.000793576
7.595 0.000979935
7.6 0.00120796
7.605 0.00148646
7.61 0.001826
7.615 0.0022392
7.62 0.00274115
7.625 0.00334979
7.63 0.00408647
7.635 0.00497652
7.64 0.00604991
7.645 0.00734207
7.65 0.00889474
7.655 0.0107571
7.66 0.0129868
7.665 0.0156515
7.67 0.0188302
7.675 0.0226152
7.68 0.0271138
7.685 0.032451
7.69 0.0387714
7.695 0.0462424
7.7 0.0550574
7.705 0.0654391
7.71 0.0776434
7.715 0.0919641
7.72 0.108737
7.725 0.128346
7.73 0.151229
7.735 0.177882
7.74 0.20887
7.745 0.24483
7.75 0.286484
7.755 0.334643
7.76 0.39022
7.765 0.454237
7.77 0.52784
7.775 0.612305
7.78 0.709055
7.785 0.819667
7.79 0.945891
7.795 1.08966
7.8 1.2531
7.805 1.43856
7.81 1.6486
7.815 1.88603
7.82 2.15392
7.825 2.45558
7.83 2.79465
7.835 3.17501
7.84 3.60088
7.845 4.07679
7.85 4.60759
7.855 5.19847
7.86 5.85496
7.865 6.5829
7.87 7.38852
7.875 8.27834
7.88 9.25924
7.885 10.3384
7.89 11.5233
7.895 12.8217
7.9 14.2417
7.905 15.7916
7.91 17.4797
7.915 19.3147
7.92 21.3053
7.925 23.4603
7.93 25.7885
7.935 28.2985
7.94 30.999
7.945 33.8983
7.95 37.0045
7.955 40.3252
7.96 43.8677
7.965 47.6386
7.97 51.6439
7.975 55.8888
7.98 60.3778
7.985 65.1142
7.99 70.1003
7.995 75.3373
8 80.8252
8.005 86.5623
8.01 92.5459
8.015 98.7715
8.02 105.233
8.025 111.923
8.03 118.831
8.035 125.947
8.04 133.258
8.045 140.749
8.05 148.402
8.055 156.201
8.06 164.124
8.065 172.15
8.07 180.255
8.075 188.414
8.08 196.601
8.085 204.788
8.09 212.946
8.095 221.045
8.1 229.053
8.105 236.941
8.11 244.674
8.115 252.222
8.12 259.552
8.125 266.631
8.13 273.428
8.135 279.912
8.14 286.053
8.145 291.822
8.15 297.19
8.155 302.132
8.16 306.624
8.165 310.642
8.17 314.168
8.175 317.182
8.18 319.67
8.185 321.618
8.19 323.017
8.195 323.859
8.2 324.141
8.205 323.859
8.21 323.017
8.215 321.618
8.22 319.67
8.225 317.182
8.23 314.168
8.235 310.642
8.24 306.624
8.245 302.132
8.25 297.19
8.255 291.822
8.26 286.053
8.265 279.912
8.27 273.428
8.275 266.631
8.28 259.552
8.285 252.222
8.29 244.674
8.295 236.941
8.3 229.053
8.305 221.045
8.31 212.946
8.315 204.788
8.32 196.601
8.325 188.414
8.33 180.255
8.335 172.15
8.34 164.124
8.345 156.201
8.35 148.402
8.355 140.749
8.36 133.258
8.365 125.947
8.37 118.831
8.375 111.923
8.38 105.233
8.385 98.7715
8.39 92.5459
8.395 86.5623
8.4 80.8252
8.405 75.3373
8.41 70.1003
8.415 65.1142
8.42 60.3778
8.425 55.8889
8.43 51.6439
8.435 47.6386
8.44 43.8677
8.445 40.3252
8.45 37.0045
8.455 33.8983
8.46 30.999
8.465 28.2985
8.47 25.7885
8.475 23.4603
8.48 21.3053
8.485 19.3147
8.49 17.4797
8.495 15.7916
8.5 14.2418
8.505 12.8218
8.51 11.5234
8.515 10.3385
8.52 9.25931
8.525 8.27843
8.53 7.38862
8.535 6.58303
8.54 5.85511
8.545 5.19866
8.55 4.60782
8.555 4.07706
8.56 3.60121
8.565 3.17541
8.57 2.79513
8.575 2.45616
8.58 2.15461
8.585 1.88687
8.59 1.6496
8.595 1.43975
8.6 1.25451
8.605 1.09134
8.61 0.947882
8.615 0.822025
8.62 0.711843
8.625 0.615596
8.63 0.531718
8.635 0.458799
8.64 0.395576
8.645 0.340921
8.65 0.29383
8.655 0.253411
8.66 0.218875
8.665 0.189529
8.67 0.164763
8.675 0.144046
8.68 0.126918
8.685 0.112981
8.69 0.101897
8.695 0.0933791
8.7 0.0871883
8.705 0.0831286
8.71 0.0810432
8.715 0.0808108
8.72 0.0823425
8.725 0.0855789
8.73 0.0904877
8.735 0.0970619
8.74 0.105317
8.745 0.11529
8.75 0.127038
8.755 0.140636
8.76 0.156177
8.765 0.173769
8.77 0.193536
8.775 0.215615
8.78 0.240158
8.785 0.267326
8.79 0.297295
8.795 0.330249
8.8 0.366381
8.805 0.405892
8.81 0.44899
8.815 0.495889
8.82 0.546807
8.825 0.601963
8.83 0.661578
8.835 0.725872
8.84 0.795062
8.845 0.86936
8.85 0.94897
8.855 1.03409
8.86 1.1249
8.865 1.22157
8.87 1.32426
8.875 1.43309
8.88 1.54818
8.885 1.66962
8.89 1.79747
8.895 1.93174
8.9 2.07245
8.905 2.21956
8.91 2.37298
8.915 2.53261
8.92 2.69829
8.925 2.86982
8.93 3.04696
8.935 3.22942
8.94 3.41688
8.945 3.60894
8.95 3.80519
8.955 4.00515
8.96 4.20831
8.965 4.4141
8.97 4.62192
8.975 4.83113
8.98 5.04106
8.985 5.25098
8.99 5.46015
8.995 5.66781
9 5.87316
9.005 6.0754
9.01 6.2737
9.015 6.46723
9.02 6.65517
9.025 6.83669
9.03 7.01098
9.035 7.17724
9.04 7.33469
9.045 7.48261
9.05 7.62026
9.055 7.74698
9.06 7.86215
9.065 7.96519
9.07 8.05559
9.075 8.13287
9.08 8.19666
9.085 8.24662
9.09 8.28249
9.095 8.30409
9.1 8.3113
9.105 8.30409
9.11 8.28249
9.115 8.24662
9.12 8.19666
9.125 8.13287
9.13 8.05559
9.135 7.96519
9.14 7.86215
9.145 7.74698
9.15 7.62026
9.155 7.48261
9.16 7.33469
9.165 7.17724
9.17 7.01098
9.175 6.83669
9.18 6.65517
9.185 6.46723
9.19 6.2737
9.195 6.0754
9.2 5.87316
9.205 5.66781
9.21 5.46015
9.215 5.25098
9.22 5.04106
9.225 4.83113
9.23 4.62192
9.235 4.4141
9.24 4.20831
9.245 4.00515
9.25 3.80519
9.255 3.60894
9.26 3.41688
9.265 3.22942
9.27 3.04696
9.275 2.86982
9.28 2.69828
9.285 2.5326
9.29 2.37297
9.295 2.21955
9.3 2.07244
9.305 1.93173
9.31 1.79744
9.315 1.66959
9.32 1.54815
9.325 1.43305
9.33 1.3242
9.335 1.2215
9.34 1.12481
9.345 1.03398
9.35 0.948832
9.355 0.869187
9.36 0.794846
9.365 0.725603
9.37 0.661243
9.375 0.601546
9.38 0.546289
9.385 0.495248
9.39 0.448197
9.395 0.404912
9.4 0.365173
9.405 0.328763
9.41 0.295469
9.415 0.265087
9.42 0.237416
9.425 0.212265
9.43 0.189449
9.435 0.168792
9.44 0.150127
9.445 0.133294
9.45 0.118143
9.455 0.104533
9.46 0.0923302
9.465 0.0814104
9.47 0.0716576
9.475 0.0629637
9.48 0.0552287
9.485 0.0483598
9.49 0.0422718
9.495 0.0368862
9.5 0.0321308
