t_ms P_uM
0 0
0.05 0.0493815
0.1 0.0975513
0.15 0.144547
0.2 0.190404
0.25 0.235158
0.3 0.278843
0.35 0.321491
0.4 0.363135
0.45 0.403805
0.5 0.443532
0.55 0.482344
0.6 0.52027
0.65 0.557336
0.7 0.59357
0.75 0.628996
0.8 0.663641
0.85 0.697527
0.9 0.730678
0.95 0.763117
1 0.794865
1.05 0.825945
1.1 0.856376
1.15 0.886178
1.2 0.915371
1.25 0.943973
1.3 0.972003
1.35 0.999479
1.4 1.02642
1.45 1.05283
1.5 1.07874
1.55 1.10417
1.6 1.12911
1.65 1.1536
1.7 1.17764
1.75 1.20125
1.8 1.22444
1.85 1.24723
1.9 1.26962
1.95 1.29163
2 1.31327
2.05 1.33456
2.1 1.35549
2.15 1.37609
2.2 1.39637
2.25 1.41632
2.3 1.43597
2.35 1.45533
2.4 1.47439
2.45 1.49318
2.5 1.5117
2.55 1.52995
2.6 1.54795
2.65 1.56571
2.7 1.58322
2.75 1.60051
2.8 1.61757
2.85 1.63441
2.9 1.65105
2.95 1.66747
3 1.68371
3.05 1.69974
3.1 1.7156
3.15 1.73127
3.2 1.74677
3.25 1.7621
3.3 1.77727
3.35 1.79227
3.4 1.80713
3.45 1.82183
3.5 1.83639
3.55 1.85081
3.6 1.86509
3.65 1.87924
3.7 1.89326
3.75 1.90716
3.8 1.92094
3.85 1.9346
3.9 1.94815
3.95 1.9616
4 1.97493
4.05 1.98816
4.1 2.0013
4.15 2.01433
4.2 2.02728
4.25 2.04013
4.3 2.05289
4.35 2.06557
4.4 2.07817
4.45 2.09069
4.5 2.10313
4.55 2.1155
4.6 2.12779
4.65 2.14001
4.7 2.15216
4.75 2.16425
4.8 2.17627
4.85 2.18823
4.9 2.20013
4.95 2.21198
5 2.22376
5.05 2.23549
5.1 2.24717
5.15 2.25879
5.2 2.27037
5.25 2.2819
5.3 2.29338
5.35 2.30481
5.4 2.3162
5.45 2.32755
5.5 2.33885
5.55 2.35012
5.6 2.36135
5.65 2.37254
5.7 2.38369
5.75 2.39481
5.8 2.40589
5.85 2.41694
5.9 2.42796
5.95 2.43894
6 2.4499
6.05 2.46082
6.1 2.47172
6.15 2.48259
6.2 2.49343
6.25 2.50425
6.3 2.51504
6.35 2.52581
6.4 2.53656
6.45 2.54728
6.5 2.55798
6.55 2.56865
6.6 2.57931
6.65 2.58995
6.7 2.60056
6.75 2.61116
6.8 2.62174
6.85 2.6323
6.9 2.64285
6.95 2.65338
7 2.66389
7.05 2.67438
7.1 2.68486
7.15 2.69533
7.2 2.70578
7.25 2.71622
7.3 2.72664
7.35 2.73705
7.4 2.74745
7.45 2.75784
7.5 2.76821
7.55 2.77857
7.6 2.78893
7.65 2.79927
7.7 2.8096
7.75 2.81992
7.8 2.83023
7.85 2.84053
7.9 2.85082
7.95 2.8611
8 2.87138
8.05 2.88164
8.1 2.8919
8.15 2.90215
8.2 2.91239
8.25 2.92262
8.3 2.93285
8.35 2.94307
8.4 2.95328
8.45 2.96349
8.5 2.97369
8.55 2.98388
8.6 2.99407
8.65 3.00425
8.7 3.01443
8.75 3.0246
8.8 3.03477
8.85 3.04493
8.9 3.05509
8.95 3.06524
9 3.07538
9.05 3.08553
9.1 3.09566
9.15 3.1058
9.2 3.11593
9.25 3.12605
9.3 3.13617
9.35 3.14629
9.4 3.1564
9.45 3.16652
9.5 3.17662
9.55 3.18673
9.6 3.19683
9.65 3.20692
9.7 3.21702
9.75 3.22711
9.8 3.2372
9.85 3.24729
9.9 3.25737
9.95 3.26745
10 3.27753
10.05 3.28761
10.1 3.29768
10.15 3.30775
10.2 3.31782
10.25 3.32789
10.3 3.33795
10.35 3.34801
10.4 3.35808
10.45 3.36813
10.5 3.37819
10.55 3.38825
10.6 3.3983
10.65 3.40835
10.7 3.4184
10.75 3.42845
10.8 3.4385
10.85 3.44855
10.9 3.45859
10.95 3.46864
11 3.47868
11.05 3.48872
11.1 3.49876
11.15 3.5088
11.2 3.51883
11.25 3.52887
11.3 3.5389
11.35 3.54894
11.4 3.55897
11.45 3.569
11.5 3.57903
11.55 3.58906
11.6 3.59909
11.65 3.60912
11.7 3.61915
11.75 3.62917
11.8 3.6392
11.85 3.64922
11.9 3.65925
11.95 3.66927
12 3.67929
12.05 3.68931
12.1 3.69933
12.15 3.70936
12.2 3.71938
12.25 3.72939
12.3 3.73941
12.35 3.74943
12.4 3.75945
12.45 3.76947
12.5 3.77948
12.55 3.7895
12.6 3.79951
12.65 3.80953
12.7 3.81954
12.75 3.82956
12.8 3.83957
12.85 3.84958
12.9 3.8596
12.95 3.86961
13 3.87962
13.05 3.88963
13.1 3.89964
13.15 3.90965
13.2 3.91967
13.25 3.92968
13.3 3.93969
13.35 3.9497
13.4 3.9597
13.45 3.96971
13.5 3.97972
13.55 3.98973
13.6 3.99974
13.65 4.00975
13.7 4.01976
13.75 4.02976
13.8 4.03977
13.85 4.04978
13.9 4.05978
13.95 4.06979
14 4.0798
14.05 4.0898
14.1 4.09981
14.15 4.10982
14.2 4.11982
14.25 4.12983
14.3 4.13983
14.35 4.14984
14.4 4.15984
14.45 4.16985
14.5 4.17985
14.55 4.18986
14.6 4.19986
14.65 4.20986
14.7 4.21987
14.75 4.22987
14.8 4.23988
14.85 4.24988
14.9 4.25988
14.95 4.26989
15 4.27989
15.05 4.28989
15.1 4.2999
15.15 4.3099
15.2 4.3199
15.25 4.32991
15.3 4.33991
15.35 4.34991
15.4 4.35992
15.45 4.36992
15.5 4.37992
15.55 4.38992
15.6 4.39993
15.65 4.40993
15.7 4.41993
15.75 4.42993
15.8 4.43993
15.85 4.44994
15.9 4.45994
15.95 4.46994
16 4.47994
16.05 4.48994
16.1 4.49995
16.15 4.50995
16.2 4.51995
16.25 4.52995
16.3 4.53995
16.35 4.54995
16.4 4.55995
16.45 4.56996
16.5 4.57996
16.55 4.58996
16.6 4.59996
16.65 4.60996
16.7 4.61996
16.75 4.62996
16.8 4.63996
16.85 4.64997
16.9 4.65997
16.95 4.66997
17 4.67997
17.05 4.68997
17.1 4.69997
17.15 4.70997
17.2 4.71997
17.25 4.72997
17.3 4.73997
17.35 4.74998
17.4 4.75998
17.45 4.76998
17.5 4.77998
17.55 4.78998
17.6 4.79998
17.65 4.80998
17.7 4.81998
17.75 4.82998
17.8 4.83998
17.85 4.84998
17.9 4.85998
17.95 4.86998
18 4.87998
18.05 4.88998
18.1 4.89998
18.15 4.90998
18.2 4.91999
18.25 4.92999
18.3 4.93999
18.35 4.94999
18.4 4.95999
18.45 4.96999
18.5 4.97999
18.55 4.98999
18.6 4.99999
18.65 5.00999
18.7 5.01999
18.75 5.02999
18.8 5.03999
18.85 5.04999
18.9 5.05999
18.95 5.06999
19 5.07999
19.05 5.08999
19.1 5.09999
19.15 5.10999
19.2 5.11999
19.25 5.12999
19.3 5.13999
19.35 5.14999
19.4 5.15999
19.45 5.16999
19.5 5.17999
19.55 5.18999
19.6 5.19999
19.65 5.20999
19.7 5.21999
19.75 5.22999
19.8 5.23999
19.85 5.24999
19.9 5.25999
19.95 5.27
20 5.28
