x y
-0.42 0.7275
-0.2415 -0.4183
1.032 0.8658
-0.2875 0.1047
0.1839 -1.043
0.1136 0.6441
-1.697 -0.6177
0.1563 -0.1311
0.9195 0.2179
-0.3891 0.4124
-0.4423 -1.477
0.2365 0.3176
-1.183 0.1383
0.2947 -0.6832
-0.1301 2.234
-0.1153 -0.07583
0.7962 -0.3999
0.4692 0.2356
-1.201 0.7896
-0.02041 -0.3504
0.4456 1.033
-0.6943 -0.08115
1.186 -1.593
-0.074 0.2472
-0.6876 -0.7288
0.5926 -0.1404
1.657 0.1288
-0.2477 0.3612
-0.5461 -1.142
0.5654 0.5546
-2.558 0.712
0.02395 -0.09297
0.08394 0.8629
-0.4588 -0.2086
1.132 -0.8094
0.3142 0.1008
-0.8087 0.7338
-0.1429 -0.6597
1.008 1.599
-0.2308 0.008957
0.453 -0.86
-0.07957 0.5826
-1.264 -0.9795
0.386 -0.1577
1.051 0.634
-0.6724 0.371
0.04677 -2.412
0.05633 0.1646
-0.9008 -0.1769
0.359 -0.4114
-0.5359 1.388
-0.2354 -0.2919
1.144 -0.1789
0.7114 0.1113
-1.318 1.635
-0.1016 -0.2631
0.6766 0.7753
-0.6211 0.122
0.5594 -1.635
0.008959 0.4619
-1.143 -0.6305
0.6986 -0.4216
2.833 1.157
-0.05217 0.04043
-0.1153 -0.8442
0.2293 0.4353
-1.367 -0.05304
0.1696 -0.269
-0.228 1.053
-0.4932 -0.4476
1.757 -0.5633
0.1757 0.1256
-0.8739 0.3973
0.05605 -0.5763
0.3914 1.519
-0.3931 -0.1094
0.8631 -0.8466
-0.3261 0.682
-1.312 -1.912
0.1555 -0.01209
0.9057 0.02342
-0.2789 0.4554
-0.699 -1.286
0.2719 0.2404
-1.081 0.3621
0.1415 -0.6968
0.3022 2.017
-0.2512 -0.09887
0.7934 -0.6315
0.6004 0.1588
-1.195 1.202
-0.1179 -0.4343
0.7416 1.052
-0.8007 0.07266
1.185 -2.562
-0.00982 0.1166
-0.7217 -0.5018
0.4642 -0.2183
1.249 0.668
-0.2905 0.1805
-0.03577 -1.106
0.2557 0.6376
-1.915 -0.2743
0.1501 -0.1911
-0.3074 0.9379
-0.4003 -0.4469
1.594 -0.3346
0.4267 0.04429
-0.7323 1.011
-0.3182 -0.7122
1.753 1.81
-0.1833 0.04596
0.2552 -0.8943
0.03964 0.5566
-1.363 -0.6624
0.3181 -0.2151
1.11 0.3879
-0.5546 0.4777
-0.4037 -2.128
0.1503 0.2527
-1.044 0.0135
0.3138 -0.5601
-0.2843 1.744
-0.3647 -0.2981
1.24 -0.4696
0.6976 0.446
-3.068 1.591
0.002171 -0.04795
0.2531 0.8073
-0.4743 -0.106
0.9197 -1
-0.1199 0.2881
-0.6488 -0.8484
0.6545 -0.08509
1.794 0.3283
-0.136 0.16
-0.3195 -0.8957
0.3655 0.4413
-1.532 0.26
0.1399 -0.3769
-0.007757 1.2
-0.6471 -0.3792
1.979 -1.126
0.1346 0.0591
-0.723 0.531
-0.05823 -0.5278
0.6433 1.302
-0.3563 -0.02306
0.6276 -0.9409
-0.167 0.6849
-1.455 -1.391
0.2534 -0.07408
0.8046 0.6071
-0.5663 0.2399
0.2055 -1.664
0.0996 0.4327
-1.219 -0.3736
0.584 -0.5439
-1.242 2.434
-0.05876 -0.09061
0.8718 -0.04513
0.5093 0.02636
-0.7639 1.178
-0.1527 -0.2993
0.8057 0.7504
-0.6511 0.1995
0.4287 -1.862
0.02904 0.2352
-0.9033 -0.3827
0.4742 -0.3578
1.549 0.4529
-0.3058 0.2923
-0.2935 -1.204
0.4295 0.6439
-2.458 0.1591
0.07974 -0.1614
-0.1013 0.9184
-0.4449 -0.3268
1.373 -0.603
0.3312 0.1884
-1.007 0.59
-0.004693 -0.726
0.7414 1.997
-0.2839 -0.04818
0.6621 -0.7995
-0.2147 0.6019
-1.131 -1.33
0.4574 -0.0837
1.306 0.1698
-0.4993 0.6529
-1.239 -2.978
0.05482 0.05963
-0.8374 0.1871
0.149 -0.4752
0.06242 1.379
-0.2876 -0.1491
0.9125 -0.5834
0.6284 0.238
-1.445 1.181
-0.0362 -0.2221
0.4721 0.8428
-0.582 -0.007524
0.8097 -1.361
-0.07716 0.4067
-0.9228 -0.7949
0.7194 -0.2513
1.958 1.324
-0.1484 0.07214
0.06479 -0.9097
0.1482 0.5193
-1.432 -0.3589
0.2567 -0.2651
-0.4687 1.049
-0.4207 -0.5806
2.059 -0.2137
0.2701 0.05669
-0.6826 0.762
-0.1953 -0.5958
1.056 1.345
-0.4514 0.06463
0.4824 -1.203
-0.02618 0.8096
-2.49 -1.547
0.1137 -0.06086
0.8009 0.3766
-0.4261 0.2963
-0.1196 -1.42
0.1448 0.3131
-1.111 -0.1009
0.3993 -0.5664
-0.5139 1.893
-0.1776 -0.1788
0.96 -0.2539
0.4741 0.3774
-1.53 0.602
0.06444 -0.4302
0.2502 1.232
-0.7453 -0.2496
1.935 -1.711
-0.0931 0.1713
-0.4904 -0.8008
0.5608 -0.0145
1.527 0.01316
-0.1979 0.3361
-0.5822 -1.029
0.5612 0.4792
-2.073 0.7343
0.05464 -0.295
0.1739 1.039
-0.607 -0.2269
1.377 -1.136
0.4632 0.114
-0.9265 0.9653
-0.2323 -0.801
2.27 3.105
-0.03281 0.003548
0.3406 -0.7711
-0.03244 0.4849
-1.124 -0.7532
0.2773 -0.1363
0.9476 0.4862
-0.552 0.3563
-0.08991 -1.813
0.08035 0.1908
-0.9406 -0.1182
0.3443 -0.4543
-0.4567 1.479
-0.2713 -0.2926
1.167 -0.266
0.7442 0.0643
-1.292 1.849
-0.061 -0.1304
0.6328 0.6315
-0.5099 0.1372
0.372 -1.394
0.03123 0.3526
-1.023 -0.4756
0.5746 -0.4033
1.9 0.6274
-0.1948 0.1737
-0.2043 -0.984
0.3218 0.5205
-1.667 0.05031
0.2089 -0.3884
-0.183 1.259
-0.6241 -0.4924
2.5 -0.9962
0.08687 0.05345
-0.7653 0.4137
0.0142 -0.5068
0.4412 1.327
-0.3262 -0.06699
0.7271 -0.8188
-0.2496 0.6304
-1.181 -1.491
0.2315 -0.03416
0.962 0.159
-0.375 0.4568
-0.5652 -1.502
0.2734 0.3188
-1.212 0.2272
0.2559 -0.7273
0.02624 2.436
-0.1542 -0.08684
0.7926 -0.4691
0.5064 0.212
-1.189 0.905
-0.04793 -0.3749
0.5322 1.032
-0.7222 -0.03426
1.143 -1.779
-0.06273 0.278
-0.7604 -0.7021
0.6073 -0.189
1.404 1.022
-0.425 0.1888
0.1382 -1.304
0.1974 0.7948
-3.016 -0.8675
0.054 -0.05205
-0.3755 0.7681
-0.2764 -0.4106
1.371 -0.09466
0.3208 0.01106
-0.5719 0.9161
-0.3143 -0.5906
1.381 1.242
-0.2111 0.06869
0.1998 -0.942
0.08125 0.5763
-1.463 -0.5905
0.3238 -0.2532
1.172 0.3208
-0.5396 0.5338
-0.5935 -2.263
0.0905 0.1307
-0.906 0.07435
0.2296 -0.4855
-0.136 1.464
-0.2987 -0.2115
1.041 -0.4787
0.6266 0.3422
-1.755 1.069
-0.00647 -0.2729
0.3715 0.9499
-0.6169 -0.09376
1.064 -1.331
-0.1448 0.4292
-0.8524 -0.9683
0.7912 -0.1589
2.856 0.3213
-0.07302 0.09898
-0.3528 -0.8084
0.3557 0.3738
-1.382 0.3339
0.09752 -0.3309
0.0695 1.111
-0.6179 -0.307
1.622 -1.077
0.2343 0.08415
-0.7556 0.6396
-0.1073 -0.5934
0.8251 1.415
-0.432 0.001862
0.6208 -1.086
-0.1326 0.7717
-1.963 -1.633
0.1801 -0.06644
0.7842 0.511
-0.4976 0.2526
0.08189 -1.519
0.1126 0.3703
-1.148 -0.2669
0.5021 -0.5368
-0.8552 2.006
-0.1784 -0.2375
1.042 -0.1264
0.6334 0.1216
-1.162 1.343
-0.1554 -0.4478
0.8407 1.033
-0.8205 0.1319
1.289 -3.381
-0.0008597 0.05699
-0.7288 -0.4355
0.4271 -0.2381
1.245 0.5595
-0.2555 0.1843
-0.1083 -1.066
0.2886 0.5969
-1.831 -0.1344
0.1197 -0.1762
-0.234 0.9249
-0.413 -0.4015
1.504 -0.4256
0.3212 0.2467
-1.114 0.4609
0.09869 -0.7465
0.4962 2.244
-0.1459 -0.04609
0.6639 -0.6077
-0.2468 0.4735
-0.7827 -1.23
0.3597 -0.01551
1.135 0.06856
-0.3903 0.5907
-0.9063 -1.814
0.1938 0.1836
-0.9691 0.2879
0.1438 -0.601
0.1921 1.675
-0.4101 -0.1779
1.029 -0.7627
0.7669 0.2314
-2.023 1.9
-0.02605 -0.111
0.4798 0.7329
-0.5092 0.02856
0.6355 -1.259
-0.04008 0.3366
-0.8841 -0.6612
0.6286 -0.2696
1.663 0.9651
-0.2081 0.1196
0.00212 -0.984
0.203 0.5614
-1.595 -0.2847
0.2745 -0.3257
-0.4273 1.166
-0.4982 -0.5963
2.456 -0.4276
0.1842 0.02557
-0.5695 0.7315
-0.2088 -0.5142
1.012 1.12
-0.3755 0.08049
0.3596 -1.113
0.0267 0.7285
-1.898 -1.005
0.2465 -0.1546
0.9703 0.377
-0.4982 0.4001
-0.2679 -1.737
0.2252 0.4102
-1.32 -0.02844
0.4278 -0.7054
-0.6488 3.266
-0.06768 -0.05932
0.8181 -0.2779
0.4126 0.2843
-1.252 0.5952
0.02604 -0.326
0.2898 1.05
-0.6504 -0.169
1.318 -1.338
-0.0948 0.2074
-0.5618 -0.7895
0.5824 -0.05538
1.553 0.34
-0.2789 0.306
-0.3712 -1.166
0.4673 0.6057
-2.367 0.3181
0.06387 -0.1554
-0.03745 0.9142
-0.4587 -0.2905
1.313 -0.6878
0.3353 0.1612
-0.9514 0.6495
-0.05425 -0.718
0.8587 1.9
-0.2776 -0.02761
0.5984 -0.8334
-0.1703 0.6066
-1.201 -1.23
0.4447 -0.1135
1.012 0.8196
-0.7591 0.2912
0.4685 -2.954
0.02573 0.1325
-0.8396 -0.2893
0.394 -0.3424
-0.694 1.251
-0.1792 -0.2983
1.119 -0.01929
0.6959 0.012
-1.016 1.692
-0.1237 -0.223
0.7518 0.6533
-0.5758 0.1984
0.3151 -1.623
0.06861 0.4326
-1.176 -0.4513
0.6131 -0.4967
2.538 0.6478
-0.1404 0.1438
-0.2546 -0.9069
0.3289 0.4581
-1.525 0.1517
0.1619 -0.3581
-0.08951 1.185
-0.612 -0.4178
1.998 -0.9607
0.2684 0.1406
-0.8921 0.565
-0.02664 -0.6505
0.6821 1.659
-0.4757 -0.06393
0.8192 -1.062
-0.2538 0.7976
-2.845 -3.122
0.02345 -0.005131
0.8392 0.0798
-0.28 0.3935
-0.5613 -1.228
0.2168 0.2201
-1.028 0.2671
0.174 -0.6304
0.1441 1.803
-0.1842 -0.08761
0.7806 -0.5379
0.5397 0.1834
-1.162 1.018
-0.07774 -0.3914
0.6191 1.021
-0.7468 0.01609
1.081 -1.97
-0.02149 0.1394
-0.6971 -0.5598
0.4894 -0.1901
1.22 0.7652
-0.3128 0.1657
0.0412 -1.124
0.2149 0.6652
-1.948 -0.4175
0.173 -0.1914
-0.377 0.9284
-0.376 -0.4829
1.649 -0.2289
0.4345 0.07564
-0.8136 0.9739
-0.2725 -0.7437
1.723 2.044
-0.09746 0.0174
0.2948 -0.8154
0.001086 0.504
-1.21 -0.6949
0.2854 -0.1656
1.006 0.4315
-0.543 0.406
-0.2242 -1.883
0.1055 0.2089
-0.9735 -0.05459
0.3237 -0.4945
-0.3661 1.56
-0.3061 -0.2876
1.178 -0.3553
0.617 0.4573
-2.224 0.9649
0.01983 -0.1729
0.2143 0.8957
-0.5234 -0.1555
1.082 -1.026
-0.1676 0.3355
-0.6384 -0.9661
0.7217 -0.04359
2.107 0.09086
-0.153 0.2404
-0.477 -0.9151
0.4669 0.4274
-1.653 0.5223
0.09975 -0.4511
0.1714 1.297
-0.7541 -0.3119
2.455 -1.886
0.06928 0.01961
-0.613 0.596
-0.1214 -0.4799
0.7706 1.134
-0.3171 0.02328
0.4688 -0.9696
-0.06733 0.6626
-1.501 -1.083
0.1998 -0.08976
0.8385 0.4674
-0.497 0.297
-0.02371 -1.572
0.1453 0.3812
-1.197 -0.1924
0.4791 -0.5887
-0.7631 2.199
-0.104 -0.1202
0.8898 -0.1708
0.5331 0.06464
-0.8811 1.173
-0.1435 -0.3367
0.7808 0.8348
-0.6925 0.161
0.5961 -1.96
0.01454 0.2696
-0.9068 -0.4603
0.5228 -0.3406
1.593 0.5876
-0.3483 0.2897
-0.218 -1.268
0.399 0.698
-2.847 -0.01227
0.06045 -0.1037
-0.1564 0.865
-0.3938 -0.3334
1.336 -0.4796
0.2849 0.1892
-0.9941 0.4939
0.04309 -0.6887
0.5487 1.862
-0.2391 -0.05776
0.6804 -0.715
-0.24 0.5499
-0.9689 -1.313
0.4263 -0.04797
1.224 0.2458
-0.5154 0.5855
-0.8103 -2.402
0.118 0.1476
-0.9224 0.1402
0.2032 -0.5197
-0.03598 1.518
-0.3305 -0.2014
1.032 -0.5637
0.6678 0.307
-1.772 1.255
-0.02748 -0.2957
0.4476 0.9465
-0.6428 -0.05275
1.007 -1.455
-0.1202 0.4585
-0.9448 -0.9347
0.8015 -0.2194
2.782 2.175
-0.05008 0.02021
0.1185 -0.8407
0.1015 0.4784
-1.295 -0.4214
0.2342 -0.2107
-0.5032 0.9454
-0.3495 -0.5599
1.829 -0.06308
0.2125 0.01467
-0.5328 0.7914
-0.2516 -0.5148
1.123 1.083
-0.3863 0.1111
0.29 -1.168
0.07936 0.7488
-2.089 -0.928
0.1213 -0.08827
0.8594 0.2674
-0.3901 0.3602
-0.3203 -1.419
0.1946 0.3029
-1.133 0.05374
0.3232 -0.6266
-0.256 2.003
-0.21 -0.1599
0.9326 -0.3904
0.5318 0.3147
-1.467 0.8257
0.004816 -0.447
0.4241 1.206
-0.7843 -0.147
1.793 -2.09
-0.03909 0.1039
-0.5539 -0.6748
0.5032 -0.08314
1.392 0.2054
-0.2087 0.2633
-0.4054 -1.024
0.4542 0.5115
-1.878 0.3856
0.07574 -0.2277
0.02748 0.9806
-0.5225 -0.2825
1.377 -0.8474
0.3957 0.1577
-0.9727 0.7674
-0.1114 -0.7659
1.174 2.182
-0.1829 -0.00552
0.4875 -0.7885
-0.1122 0.5405
-1.122 -1
0.3618 -0.1195
0.9552 0.6704
-0.661 0.3074
0.1887 -2.131
0.07501 0.2812
-1.005 -0.2705
0.4523 -0.4514
-0.7421 1.587
-0.268 -0.3837
1.315 -0.1136
0.8044 0.1833
-2.228 2.402
-0.02567 -0.08313
0.5201 0.6862
-0.4941 0.06208
0.5368 -1.275
-0.01605 0.3236
-0.9124 -0.5889
0.5979 -0.3068
1.68 0.8257
-0.1869 0.1253
-0.06448 -0.9638
0.2363 0.5351
-1.578 -0.1706
0.2444 -0.3342
-0.3401 1.173
-0.5277 -0.5497
2.307 -0.5678
0.1296 0.1069
-0.8543 0.3193
0.08968 -0.5355
0.2694 1.454
-0.3478 -0.1232
0.8761 -0.7481
-0.3531 0.624
-1.053 -1.789
0.279 -0.002405
1.026 0.002948
-0.3151 0.5421
-0.8537 -1.489
0.3485 0.2941
-1.222 0.4408
0.1429 -0.7973
0.5058 2.917
-0.1239 -0.0455
0.6819 -0.5688
0.5076 0.1218
-0.9829 1.036
-0.09885 -0.3337
0.6656 0.8995
-0.6885 0.07847
0.7847 -1.805
-0.01538 0.2515
-0.8306 -0.5497
0.5423 -0.2704
1.472 0.7448
-0.3641 0.238
-0.06965 -1.258
0.3092 0.7226
-2.583 -0.3094
0.1187 -0.1585
-0.2719 0.8988
-0.3859 -0.4113
1.49 -0.3486
0.3917 0.03158
-0.673 0.9753
-0.3177 -0.6694
1.572 1.551
-0.2921 0.08042
0.2663 -1.022
0.06116 0.6481
-1.628 -0.7458
0.3889 -0.2763
1.276 0.4131
-0.6214 0.5607
-0.836 -3.914
0.02229 0.0356
-0.8455 0.03038
0.2277 -0.4293
-0.1874 1.343
-0.2461 -0.1918
0.987 -0.3999
0.5615 0.3411
-1.597 0.8752
0.004675 -0.2099
0.3053 0.9007
-0.559 -0.1115
1.023 -1.166
-0.1448 0.3718
-0.7507 -0.9362
0.7413 -0.1138
2.237 0.3564
-0.09073 0.1118
-0.3207 -0.8377
0.346 0.3988
-1.42 0.2746
0.1165 -0.3374
0.01868 1.131
-0.6137 -0.3409
1.721 -1.032
0.2413 0.0994
-0.7961 0.6134
-0.08148 -0.6096
0.7759 1.483
-0.4436 -0.01849
0.6829 -1.077
-0.1705 0.7765
-2.003 -1.828
0.1001 -0.03177
0.7063 0.5079
-0.4622 0.2085
0.1396 -1.394
0.08214 0.3227
-1.057 -0.2975
0.4876 -0.4754
-0.828 1.719
-0.1335 -0.1958
0.9753 -0.07299
0.5938 0.01706
-0.8452 1.371
-0.2009 -0.3723
0.9236 0.8214
-0.7318 0.2428
0.4948 -2.401
0.02615 0.1781
-0.8588 -0.3408
0.4305 -0.3407
1.446 0.3869
-0.2672 0.2674
-0.3017 -1.124
0.4166 0.5946
-2.116 0.1859
0.1216 -0.2611
-0.08984 1.031
-0.5211 -0.3646
1.579 -0.7372
0.4094 0.2205
-1.118 0.6902
-0.0242 -0.8216
1.175 2.955
-0.07718 -0.01128
0.5319 -0.6732
-0.1565 0.4728
-0.9158 -1.028
0.3143 -0.06502
1.077 0.1149
-0.3941 0.5406
-0.7551 -1.703
0.154 0.1599
-0.9348 0.2315
0.1613 -0.5592
0.1078 1.577
-0.3691 -0.1808
1.011 -0.6795
0.7186 0.2534
-1.786 1.53
-0.02973 -0.1592
0.4624 0.7826
-0.54 0.00543
0.7236 -1.283
-0.05993 0.3611
-0.8852 -0.7278
0.6685 -0.2509
1.733 1.115
-0.2454 0.1263
0.04907 -1.019
0.185 0.596
-1.665 -0.3769
0.3075 -0.3326
-0.5002 1.192
-0.4884 -0.6424
2.878 -0.3657
0.1239 0.02304
-0.5732 0.6703
-0.1729 -0.4893
0.9038 1.098
-0.3403 0.05673
0.3904 -1.042
-0.006471 0.693
-1.685 -0.9938
0.2168 -0.1225
0.9081 0.4018
-0.487 0.3556
-0.1753 -1.632
0.1903 0.3878
-1.251 -0.0846
0.4364 -0.6501
-0.6155 2.493
-0.1406 -0.1351
0.8991 -0.2601
0.4468 0.3392
-1.405 0.5905
0.04889 -0.3869
0.2618 1.153
-0.705 -0.2183
1.607 -1.488
-0.1371 0.2668
-0.5688 -0.8826
0.6472 -0.03164
1.776 0.09706
-0.259 0.397
-0.6034 -1.191
0.6087 0.5701
-3.56 1.08
0.01431 -0.06135
0.1019 0.8459
-0.4525 -0.1932
1.094 -0.8208
0.3021 0.08926
-0.7785 0.7398
-0.1552 -0.6446
1.016 1.533
-0.2156 0.01333
0.4264 -0.8567
-0.06481 0.5723
-1.259 -0.9306
0.3713 -0.1617
1.049 0.6007
-0.6534 0.3803
-0.008285 -2.307
0.05285 0.1436
-0.8898 -0.1536
0.3418 -0.4103
-0.4948 1.375
-0.2343 -0.2772
1.119 -0.2015
0.7018 0.09329
-1.24 1.612
-0.1019 -0.2468
0.6841 0.7485
-0.6064 0.1336
0.5099 -1.61
0.01906 0.4496
-1.138 -0.5943
0.6761 -0.4295
2.615 0.9988
-0.0908 0.07378
-0.1385 -0.865
0.2494 0.4483
-1.413 -0.02233
0.1741 -0.2909
-0.2094 1.087
-0.5192 -0.4499
1.823 -0.631
0.2009 0.1367
-0.8862 0.4277
0.04413 -0.5954
0.4417 1.565
-0.4129 -0.1048
0.8686 -0.892
-0.319 0.7085
-1.464 -2.033
0.1851 -0.01867
0.9096 0.1936
-0.3715 0.4123
-0.4668 -1.438
0.2363 0.3027
-1.162 0.1629
0.2744 -0.6786
-0.0759 2.156
-0.2493 -0.1559
0.9219 -0.4899
0.5802 0.2749
-1.449 1.001
-0.03819 -0.4694
0.5518 1.202
-0.8244 -0.0772
1.961 -2.765
-0.02462 0.08968
-0.6072 -0.6147
0.4847 -0.1267
1.084 0.8681
-0.3046 0.1189
0.1644 -1.077
0.1325 0.6619
-1.785 -0.6035
0.1712 -0.1505
-0.4665 0.8527
-0.3056 -0.5023
1.596 -0.03668
0.417 0.004792
-0.6257 1.055
-0.3749 -0.6669
1.821 1.564
-0.1613 0.05664
0.1692 -0.8992
0.08863 0.5388
-1.39 -0.5239
0.2877 -0.2358
1.121 0.2793
-0.5001 0.518
-0.5766 -2.01
0.1658 0.2281
-1.023 0.1077
0.2562 -0.5756
-0.1201 1.721
-0.3806 -0.2566
1.17 -0.5709
0.7223 0.3732
-2.545 1.633
-0.0063 -0.1349
0.3435 0.8221
-0.5177 -0.06655
0.8695 -1.14
-0.1045 0.3351
-0.7605 -0.8249
0.679 -0.1527
1.972 0.1761
-0.1466 0.2086
-0.4206 -0.9062
0.4299 0.4314
-1.6 0.4257
0.1141 -0.4229
0.1078 1.258
-0.7145 -0.3347
2.163 -1.509
0.1907 0.06357
-0.7048 0.625
-0.1137 -0.5555
0.8056 1.311
-0.3959 0.01081
0.5671 -1.047
-0.1092 0.7359
-1.744 -1.384
0.2846 -0.1125
0.9003 0.5576
-0.5762 0.3094
0.05558 -1.799
0.1502 0.4559
-1.316 -0.2741
0.5596 -0.6265
-1.701 4.26
-0.01114 -0.01414
0.8313 -0.1203
0.4763 0.08011
-0.8596 1.041
-0.1069 -0.2867
0.689 0.8081
-0.6431 0.1187
0.6043 -1.702
0.001612 0.204
-0.8221 -0.466
0.4888 -0.2874
1.421 0.5995
-0.3158 0.239
-0.148 -1.185
0.3391 0.6622
-2.238 -0.1126
0.07492 -0.1159
-0.1986 0.8686
-0.3847 -0.3572
1.376 -0.4239
0.2856 0.2091
-1.029 0.4537
0.07566 -0.6949
0.474 1.932
-0.2477 -0.07204
0.7234 -0.6934
-0.2703 0.5491
-0.9242 -1.381
0.44 -0.02912
1.265 0.04727
-0.4213 0.6706
-1.245 -2.355
0.07118 0.06441
-0.8252 0.2659
0.106 -0.4927
0.1904 1.379
-0.3057 -0.1244
0.8621 -0.6702
0.6534 0.1809
-1.35 1.327
-0.05794 -0.2236
0.5509 0.8008
-0.5862 0.04641
0.689 -1.446
-0.04006 0.4181
-1.002 -0.7138
0.6987 -0.3188
2.119 1.165
-0.1488 0.09012
-0.01912 -0.9178
0.1974 0.5091
-1.473 -0.2283
0.235 -0.2922
-0.3733 1.096
-0.4762 -0.5441
2.063 -0.4082
0.2801 0.03234
-0.6151 0.8287
-0.2516 -0.5809
1.19 1.257
-0.4494 0.1072
0.3733 -1.254
0.04862 0.8146
-2.753 -1.377
0.05759 -0.038
0.8039 0.2913
-0.3764 0.3168
-0.24 -1.35
0.1594 0.2752
-1.077 0.001547
0.3322 -0.5773
-0.3183 1.82
-0.168 -0.1405
0.9016 -0.3296
0.4842 0.3175
-1.404 0.7075
0.02314 -0.4073
0.3493 1.161
-0.7359 -0.1733
1.593 -1.693
-0.06158 0.1433
-0.5421 -0.7259
0.5333 -0.06311
1.437 0.2801
-0.2383 0.2738
-0.3706 -1.078
0.4472 0.5528
-2.018 0.3186
0.09689 -0.252
-0.01826 1.017
-0.5321 -0.3201
1.483 -0.821
0.4099 0.1856
-1.046 0.7499
-0.07899 -0.8001
1.227 2.556
-0.1197 -0.009127
0.4961 -0.7256
-0.128 0.4999
-1.012 -0.9901
0.3293 -0.09219
0.8783 0.6787
-0.6356 0.2607
0.2595 -1.921
0.05242 0.2403
-0.9403 -0.3
0.4437 -0.4038
-0.7585 1.445
-0.2293 -0.3626
1.247 -0.05018
0.7784 0.04927
-1.4 2.106
-0.08397 -0.1693
0.6754 0.6437
-0.5354 0.1573
0.3568 -1.472
0.04299 0.3846
-1.077 -0.4712
0.5918 -0.4359
2.075 0.6325
-0.2149 0.2007
-0.2363 -1.02
0.3517 0.5407
-1.765 0.09387
0.2135 -0.4198
-0.1609 1.319
-0.6617 -0.4978
3.213 -1.367
0.04404 0.02572
-0.7374 0.4208
0.002459 -0.489
0.4584 1.279
-0.307 -0.05572
0.6906 -0.8147
-0.2288 0.6191
-1.167 -1.405
0.207 -0.03543
0.9446 0.1339
-0.3533 0.4511
-0.5816 -1.444
0.2686 0.2991
-1.177 0.2488
0.2326 -0.713
0.07695 2.279
-0.1324 -0.07057
0.7638 -0.476
0.4944 0.1937
-1.135 0.9059
-0.05339 -0.353
0.5429 0.9956
-0.7048 -0.01721
1.05 -1.721
-0.05218 0.2588
-0.7561 -0.6666
0.5829 -0.1962
1.381 0.9572
-0.4015 0.1895
0.1054 -1.274
0.2101 0.7698
-2.652 -0.6973
0.07601 -0.07672
-0.3652 0.7929
-0.2945 -0.4164
1.398 -0.1289
0.328 0.07278
-0.744 0.8116
-0.2056 -0.6524
1.165 1.519
-0.238 0.03128
0.3756 -0.9063
-0.02602 0.5934
-1.364 -0.8691
0.3752 -0.1953
1.115 0.5401
-0.6405 0.4346
-0.1792 -2.465
0.07489 0.167
-0.9192 -0.09408
0.3232 -0.4475
-0.4103 1.446
-0.2654 -0.2733
1.132 -0.2854
0.5651 0.4605
-1.996 0.7593
0.04593 -0.2843
0.1949 1.02
-0.6035 -0.2099
1.324 -1.143
-0.2282 0.4086
-0.6748 -1.131
0.8219 -0.01181
3.248 0.06534
-0.04345 0.07189
-0.4154 -0.7542
0.375 0.3277
-1.309 0.4468
0.06267 -0.3179
0.167 1.073
-0.6267 -0.2425
1.456 -1.172
0.2178 0.05628
-0.6769 0.6892
-0.1565 -0.5637
0.9219 1.292
-0.4121 0.03978
0.5061 -1.111
-0.05959 0.7597
-1.954 -1.342
0.1489 -0.07107
0.8066 0.4256
-0.457 0.2876
-0.05617 -1.475
0.1393 0.3417
-1.138 -0.1563
0.4396 -0.5664
-0.6344 1.974
-0.1853 -0.2045
1 -0.2159
0.624 0.06115
-0.9971 1.393
-0.1884 -0.4153
0.9068 0.9259
-0.7845 0.2015
0.7921 -2.838
0.009904 0.1286
-0.7981 -0.3824
0.4282 -0.2932
1.351 0.4633
-0.2624 0.2286
-0.2143 -1.095
0.3576 0.5936
-1.965 0.03669
0.1219 -0.2206
-0.1546 0.9839
-0.4714 -0.3808
1.537 -0.5921
0.3678 0.2322
-1.113 0.585
0.03104 -0.7854
0.7896 2.469
-0.1935 -0.04206
0.6315 -0.6949
-0.2137 0.522
-0.9364 -1.21
0.3894 -0.05291
1.167 0.2066
-0.4748 0.565
-0.7527 -2.073
0.1927 0.23
-1.037 0.1821
0.2221 -0.6088
-0.001284 1.788
-0.4129 -0.2388
1.159 -0.6682
0.7656 0.3309
-3.144 2.337
-0.004154 -0.03576
0.3791 0.7563
-0.4852 -0.02861
0.7443 -1.13
-0.07148 0.3006
-0.7741 -0.7314
0.6295 -0.188
1.457 1.087
-0.1901 0.08185
0.1107 -0.9415
0.1311 0.5547
-1.486 -0.4459
0.2904 -0.2736
-0.538 1.069
-0.41 -0.6244
2.258 -0.1299
0.1438 0.006617
-0.4837 0.7554
-0.2427 -0.4689
1.064 0.9794
-0.3407 0.1066
0.2467 -1.101
0.09 0.6962
-1.85 -0.7712
0.2074 -0.1584
0.9662 0.2765
-0.4421 0.4275
-0.4052 -1.621
0.2485 0.3679
-1.269 0.08946
0.3481 -0.7147
-0.281 2.688
-0.08255 -0.05991
0.7946 -0.3543
0.4421 0.2481
-1.202 0.7137
-0.004066 -0.333
0.3881 1.027
-0.672 -0.1101
1.207 -1.474
-0.07734 0.2208
-0.6377 -0.7415
0.5807 -0.1097
1.596 0.1981
-0.2532 0.3351
-0.4802 -1.136
0.5251 0.5646
-2.383 0.5468
0.05198 -0.1692
0.04695 0.9198
-0.4888 -0.2499
1.257 -0.8136
0.3543 0.1318
-0.897 0.7418
-0.1209 -0.7159
1.046 1.842
-0.285 -0.002047
0.5239 -0.8926
-0.1149 0.6255
-1.325 -1.128
0.4381 -0.1559
1.09 0.7283
-0.7345 0.3623
0.2063 -3.152
0.02183 0.07488
-0.8334 -0.2039
0.3423 -0.3576
-0.5545 1.26
-0.1898 -0.2589
1.074 -0.1177
0.6555 0.1336
-1.233 1.393
-0.07036 -0.2106
0.5992 0.7539
-0.5756 0.0858
0.5789 -1.468
-0.01092 0.4109
-1.036 -0.6352
0.6672 -0.3619
2.129 0.9861
-0.1325 0.09325
-0.0815 -0.9053
0.2294 0.4888
-1.465 -0.1244
0.2092 -0.3003
-0.2938 1.108
-0.5061 -0.5036
1.987 -0.5376
0.2146 0.1688
-0.947 0.379
0.08889 -0.6176
0.3488 1.668
-0.4304 -0.1414
0.9637 -0.862
-0.3812 0.7113
-1.523 -2.455
0.1259 -0.003981
0.8797 0.06329
-0.2894 0.4272
-0.6208 -1.279
0.2477 0.2402
-1.07 0.3046
0.1683 -0.6692
0.1999 1.94
-0.2273 -0.1017
0.8021 -0.5803
0.5753 0.1808
-1.207 1.108
-0.09388 -0.4217
0.6747 1.057
-0.7822 0.03486
1.18 -2.271
-0.02489 0.1904
-0.7431 -0.5691
0.5181 -0.2152
1.309 0.7799
-0.3404 0.1904
0.01609 -1.179
0.2429 0.6969
-2.148 -0.4091
0.194 -0.2249
-0.3726 0.9817
-0.4078 -0.4997
1.756 -0.285
0.4687 0.07055
-0.8303 1.042
-0.3038 -0.7735
2.428 2.75
-0.05881 0.0119
0.2712 -0.8077
0.01237 0.4918
-1.199 -0.6526
0.2688 -0.1643
0.9965 0.4005
-0.5217 0.4092
-0.2593 -1.821
0.1018 0.1905
-0.9565 -0.03161
0.3043 -0.489
-0.3221 1.529
-0.3015 -0.2704
1.146 -0.3748
0.6151 0.4343
-2.089 0.9642
0.01394 -0.1524
0.2303 0.8731
-0.5153 -0.1402
1.035 -1.027
-0.1534 0.3257
-0.6485 -0.9339
0.7055 -0.05892
1.979 0.457
-0.1821 0.1953
-0.2964 -0.9697
0.3719 0.4936
-1.676 0.2057
0.1747 -0.4115
-0.06713 1.279
-0.6717 -0.4363
2.483 -1.265
0.1022 0.05058
-0.7291 0.4856
-0.03277 -0.512
0.5659 1.291
-0.3369 -0.03742
0.6542 -0.8893
-0.1924 0.6564
-1.33 -1.393
0.2361 -0.0574
0.7574 0.6282
-0.5598 0.2074
0.2726 -1.6
0.07638 0.4191
-1.172 -0.4191
0.5923 -0.5029
-1.237 2.171
-0.09392 -0.1605
0.93 -0.005344
0.555 0.003189
-0.762 1.302
-0.1901 -0.3337
0.8919 0.7572
-0.6893 0.2464
0.3857 -2.116
0.04888 0.2869
-0.9762 -0.3617
0.4942 -0.4098
1.708 0.4152
-0.3231 0.3386
-0.3722 -1.27
0.4888 0.6646
-3.339 0.3709
0.03612 -0.08243
-0.05519 0.8622
-0.417 -0.2777
1.242 -0.6149
0.2914 0.1484
-0.9133 0.5932
-0.03538 -0.6741
0.7351 1.731
-0.2263 -0.02777
0.5831 -0.7739
-0.1719 0.5623
-1.087 -1.165
0.4063 -0.09383
1.22 0.1019
-0.4363 0.6284
-1.02 -2.166
0.1214 0.1204
-0.8829 0.2403
0.1385 -0.525
0.135 1.476
-0.3378 -0.1559
0.9435 -0.6662
0.6843 0.2238
-1.554 1.394
-0.0575 -0.273
0.5421 0.8711
-0.6297 0.02081
0.8113 -1.519
-0.06473 0.4544
