T X
710 0.676
710.6 0.678
711.2 0.68
711.8 0.682
712.4 0.684
713 0.686
713.6 0.688
714.2 0.69
714.8 0.692
715.4 0.694
716 0.696
716.6 0.698
717.2 0.7
717.8 0.702
718.4 0.704
719 0.706
719.6 0.708
720.2 0.71
720.8 0.712
721.4 0.714
722 0.716
722.6 0.718
723.2 0.72
723.8 0.722
724.4 0.724
725 0.726
725.6 0.728
726.2 0.73
726.8 0.732
727.4 0.734
728 0.736
728.6 0.738
729.2 0.74
729.8 0.742
730.4 0.744
731 0.746
731.6 0.748
732.2 0.75
732.8 0.752
733.4 0.754
734 0.756
734.6 0.758
735.2 0.76
735.8 0.762
736.4 0.764
737 0.766
737.6 0.768
738.2 0.77
738.8 0.772
739.4 0.774
740 0.776
740.6 0.778
741.2 0.78
741.8 0.782
742.4 0.784
743 0.786
743.6 0.788
744.2 0.79
744.8 0.792
745.4 0.794
746 0.796
746.6 0.798
747.2 0.8
747.8 0.802
748.4 0.804
749 0.806
749.6 0.808
750.2 0.81
750.8 0.812
751.4 0.814
752 0.816
752.6 0.818
753.2 0.82
753.8 0.822
754.4 0.824
755 0.826
755.6 0.828
756.2 0.83
756.8 0.832
757.4 0.834
758 0.836
758.6 0.838
759.2 0.84
759.8 0.842
760.4 0.844
761 0.846
761.6 0.848
762.2 0.85
762.8 0.852
763.4 0.854
764 0.856
764.6 0.858
765.2 0.86
765.8 0.862
766.4 0.864
767 0.866
767.6 0.868
768.2 0.87
768.8 0.872
769.4 0.874
770 0.876
770.6 0.878
771.2 0.88
771.8 0.882
772.4 0.884
773 0.886
773.6 0.888
774.2 0.89
774.8 0.892
775.4 0.894
776 0.896
776.6 0.898
777.2 0.9
777.8 0.902
778.4 0.904
779 0.906
779.6 0.908
780.2 0.91
780.8 0.912
781.4 0.914
782 0.916
782.6 0.918
783.2 0.92
783.8 0.922
784.4 0.924
