nu A
2600 9.20067e-05
2600.2 9.0829e-05
2600.4 8.97879e-05
2600.6 8.88679e-05
2600.8 8.80554e-05
2601 8.73391e-05
2601.2 8.67091e-05
2601.4 8.61568e-05
2601.6 8.56748e-05
2601.8 8.52568e-05
2602 8.48971e-05
2602.2 8.45908e-05
2602.4 8.43336e-05
2602.6 8.41218e-05
2602.8 8.39519e-05
2603 8.38213e-05
2603.2 8.37271e-05
2603.4 8.36673e-05
2603.6 8.36399e-05
2603.8 8.3643e-05
2604 8.36751e-05
2604.2 8.37351e-05
2604.4 8.38216e-05
2604.6 8.39337e-05
2604.8 8.40705e-05
2605 8.42314e-05
2605.2 8.44158e-05
2605.4 8.46231e-05
2605.6 8.4853e-05
2605.8 8.51053e-05
2606 8.53798e-05
2606.2 8.56764e-05
2606.4 8.59951e-05
2606.6 8.63361e-05
2606.8 8.66995e-05
2607 8.70857e-05
2607.2 8.74949e-05
2607.4 8.79278e-05
2607.6 8.83849e-05
2607.8 8.88667e-05
2608 8.93742e-05
2608.2 8.99082e-05
2608.4 9.04695e-05
2608.6 9.10595e-05
2608.8 9.16792e-05
2609 9.23301e-05
2609.2 9.30137e-05
2609.4 9.37316e-05
2609.6 9.44858e-05
2609.8 9.52782e-05
2610 9.61112e-05
2610.2 9.69871e-05
2610.4 9.79088e-05
2610.6 9.88793e-05
2610.8 9.9902e-05
2611 0.00010098
2611.2 0.000102119
2611.4 0.000103322
2611.6 0.000104594
2611.8 0.000105942
2612 0.000107371
2612.2 0.000108888
2612.4 0.000110501
2612.6 0.000112219
2612.8 0.000114052
2613 0.000116011
2613.2 0.000118107
2613.4 0.000120356
2613.6 0.000122774
2613.8 0.000125378
2614 0.00012819
2614.2 0.000131235
2614.4 0.00013454
2614.6 0.000138137
2614.8 0.000142065
2615 0.000146368
2615.2 0.000151098
2615.4 0.000156318
2615.6 0.000162102
2615.8 0.000168538
2616 0.000175736
2616.2 0.000183827
2616.4 0.000192974
2616.6 0.00020338
2616.8 0.000215303
2617 0.000229068
2617.2 0.0002451
2617.4 0.000263957
2617.6 0.000286386
2617.8 0.000313406
2618 0.000346444
2618.2 0.000387547
2618.4 0.000439739
2618.6 0.000507633
2618.8 0.000598536
2619 0.000724458
2619.2 0.000905808
2619.4 0.00117767
2619.6 0.00159627
2619.8 0.00221911
2620 0.00295124
2620.2 0.00330341
2620.4 0.00302009
2620.6 0.00263717
2620.8 0.00254243
2621 0.00282424
2621.2 0.00356046
2621.4 0.00489359
2621.6 0.00678507
2621.8 0.00818599
2622 0.00749099
2622.2 0.00549295
2622.4 0.00375456
2622.6 0.00260577
2622.8 0.00188279
2623 0.00141855
2623.2 0.00110915
2623.4 0.000894929
2623.6 0.000741394
2623.8 0.000628005
2624 0.000542082
2624.2 0.00047552
2624.4 0.00042297
2624.6 0.000380796
2624.8 0.000346465
2625 0.000318169
2625.2 0.000294591
2625.4 0.000274757
2625.6 0.000257929
2625.8 0.000243544
2626 0.000231165
2626.2 0.00022045
2626.4 0.000211126
2626.6 0.000202975
2626.8 0.000195821
2627 0.000189518
2627.2 0.000183949
2627.4 0.000179015
2627.6 0.000174634
2627.8 0.000170737
2628 0.000167267
2628.2 0.000164174
2628.4 0.000161415
2628.6 0.000158956
2628.8 0.000156764
2629 0.000154814
2629.2 0.000153082
2629.4 0.000151548
2629.6 0.000150194
2629.8 0.000149006
2630 0.000147969
2630.2 0.000147072
2630.4 0.000146305
2630.6 0.000145659
2630.8 0.000145125
2631 0.000144698
2631.2 0.000144369
2631.4 0.000144135
2631.6 0.00014399
2631.8 0.000143931
2632 0.000143954
2632.2 0.000144055
2632.4 0.000144233
2632.6 0.000144485
2632.8 0.000144809
2633 0.000145205
2633.2 0.00014567
2633.4 0.000146204
2633.6 0.000146808
2633.8 0.00014748
2634 0.000148221
2634.2 0.000149032
2634.4 0.000149913
2634.6 0.000150866
2634.8 0.000151891
2635 0.000152991
2635.2 0.000154168
2635.4 0.000155423
2635.6 0.000156761
2635.8 0.000158183
2636 0.000159693
2636.2 0.000161296
2636.4 0.000162996
2636.6 0.000164797
2636.8 0.000166705
2637 0.000168726
2637.2 0.000170867
2637.4 0.000173135
2637.6 0.000175538
2637.8 0.000178086
2638 0.000180788
2638.2 0.000183655
2638.4 0.0001867
2638.6 0.000189936
2638.8 0.00019338
2639 0.000197047
2639.2 0.000200957
2639.4 0.000205131
2639.6 0.000209592
2639.8 0.000214369
2640 0.000219491
2640.2 0.000224992
2640.4 0.000230912
2640.6 0.000237293
2640.8 0.000244188
2641 0.000251654
2641.2 0.000259757
2641.4 0.000268575
2641.6 0.000278196
2641.8 0.000288725
2642 0.000300286
2642.2 0.000313021
2642.4 0.000327102
2642.6 0.000342734
2642.8 0.000360164
2643 0.000379689
2643.2 0.000401678
2643.4 0.00042658
2643.6 0.00045496
2643.8 0.000487531
2644 0.000525203
2644.2 0.00056916
2644.4 0.000620959
2644.6 0.000682696
2644.8 0.000757238
2645 0.00084861
2645.2 0.000962607
2645.4 0.00110783
2645.6 0.00129745
2645.8 0.00155247
2646 0.00190755
2646.2 0.0024218
2646.4 0.00319676
2646.6 0.004392
2646.8 0.00614988
2647 0.00811011
2647.2 0.00884689
2647.4 0.00791475
2647.6 0.00686389
2647.8 0.00661577
2648 0.00735124
2648.2 0.00926423
2648.4 0.0127495
2648.6 0.0178563
2648.8 0.0221455
2649 0.0209575
2649.2 0.0156125
2649.4 0.010658
2649.6 0.00733304
2649.8 0.00523966
2650 0.00390064
2650.2 0.00301233
2650.4 0.00239993
2650.6 0.00196267
2650.8 0.00164077
2651 0.00139749
2651.2 0.00120943
2651.4 0.00106123
2651.6 0.000942448
2651.8 0.000845862
2652 0.000766318
2652.2 0.000700073
2652.4 0.000644358
2652.6 0.00059709
2652.8 0.000556677
2653 0.000521886
2653.2 0.00049175
2653.4 0.000465505
2653.6 0.000442535
2653.8 0.000422346
2654 0.000404532
2654.2 0.000388762
2654.4 0.00037476
2654.6 0.000362297
2654.8 0.000351181
2655 0.000341248
2655.2 0.000332363
2655.4 0.000324407
2655.6 0.00031728
2655.8 0.000310896
2656 0.000305181
2656.2 0.000300069
2656.4 0.000295506
2656.6 0.000291443
2656.8 0.000287836
2657 0.00028465
2657.2 0.00028185
2657.4 0.00027941
2657.6 0.000277303
2657.8 0.000275507
2658 0.000274004
2658.2 0.000272777
2658.4 0.00027181
2658.6 0.000271091
2658.8 0.000270609
2659 0.000270354
2659.2 0.000270318
2659.4 0.000270494
2659.6 0.000270876
2659.8 0.00027146
2660 0.000272243
2660.2 0.000273221
2660.4 0.000274394
2660.6 0.000275761
2660.8 0.000277321
2661 0.000279077
2661.2 0.00028103
2661.4 0.000283183
2661.6 0.00028554
2661.8 0.000288106
2662 0.000290887
2662.2 0.000293889
2662.4 0.00029712
2662.6 0.000300589
2662.8 0.000304307
2663 0.000308284
2663.2 0.000312533
2663.4 0.00031707
2663.6 0.000321908
2663.8 0.000327068
2664 0.000332567
2664.2 0.000338429
2664.4 0.000344677
2664.6 0.000351339
2664.8 0.000358445
2665 0.000366029
2665.2 0.000374127
2665.4 0.000382783
2665.6 0.000392042
2665.8 0.000401958
2666 0.000412589
2666.2 0.000424002
2666.4 0.000436272
2666.6 0.000449483
2666.8 0.000463733
2667 0.00047913
2667.2 0.000495801
2667.4 0.000513888
2667.6 0.000533559
2667.8 0.000555004
2668 0.000578446
2668.2 0.000604147
2668.4 0.00063241
2668.6 0.000663598
2668.8 0.000698139
2669 0.000736546
2669.2 0.000779437
2669.4 0.000827565
2669.6 0.000881849
2669.8 0.000943431
2670 0.00101373
2670.2 0.00109457
2670.4 0.00118824
2670.6 0.00129777
2670.8 0.00142715
2671 0.00158174
2671.2 0.00176895
2671.4 0.00199921
2671.6 0.00228761
2671.8 0.00265672
2672 0.00314136
2672.2 0.00379738
2672.4 0.00471771
2672.6 0.00606162
2672.8 0.00810134
2673 0.011248
2673.2 0.0157642
2673.4 0.0203207
2673.6 0.0212386
2673.8 0.0185099
2674 0.0160548
2674.2 0.0156276
2674.4 0.0175197
2674.6 0.0222008
2674.8 0.0306606
2675 0.0431583
2675.2 0.0541022
2675.4 0.0518855
2675.6 0.0389098
2675.8 0.0265523
2676 0.0182033
2676.2 0.012945
2676.4 0.00958661
2676.6 0.00736278
2676.8 0.00583233
2677 0.00474124
2677.2 0.00393902
2677.4 0.00333337
2677.6 0.0028656
2677.8 0.0024972
2678 0.0022021
2678.2 0.00196222
2678.4 0.00176472
2678.6 0.00160025
2678.8 0.00146192
2679 0.00134455
2679.2 0.00124418
2679.4 0.00115774
2679.6 0.00108283
2679.8 0.00101755
2680 0.000960387
2680.2 0.000910099
2680.4 0.000865686
2680.6 0.000826326
2680.8 0.000791337
2681 0.00076015
2681.2 0.00073229
2681.4 0.000707355
2681.6 0.000685005
2681.8 0.00066495
2682 0.000646942
2682.2 0.000630768
2682.4 0.000616245
2682.6 0.000603213
2682.8 0.000591533
2683 0.000581087
2683.2 0.000571769
2683.4 0.000563488
2683.6 0.000556164
2683.8 0.000549725
2684 0.000544112
2684.2 0.00053927
2684.4 0.000535151
2684.6 0.000531714
2684.8 0.000528924
2685 0.00052675
2685.2 0.000525164
2685.4 0.000524143
2685.6 0.000523668
2685.8 0.000523724
2686 0.000524296
2686.2 0.000525375
2686.4 0.000526953
2686.6 0.000529026
2686.8 0.00053159
2687 0.000534646
2687.2 0.000538197
2687.4 0.000542247
2687.6 0.000546803
2687.8 0.000551875
2688 0.000557475
2688.2 0.000563617
2688.4 0.00057032
2688.6 0.000577604
2688.8 0.000585491
2689 0.000594009
2689.2 0.000603187
2689.4 0.000613059
2689.6 0.000623665
2689.8 0.000635045
2690 0.000647248
2690.2 0.000660327
2690.4 0.000674342
2690.6 0.000689359
2690.8 0.000705451
2691 0.000722703
2691.2 0.000741206
2691.4 0.000761065
2691.6 0.000782396
2691.8 0.000805331
2692 0.000830018
2692.2 0.000856624
2692.4 0.000885339
2692.6 0.000916379
2692.8 0.000949988
2693 0.00098645
2693.2 0.00102609
2693.4 0.00106927
2693.6 0.00111643
2693.8 0.00116808
2694 0.00122479
2694.2 0.00128726
2694.4 0.00135631
2694.6 0.00143291
2694.8 0.00151822
2695 0.00161366
2695.2 0.00172093
2695.4 0.00184214
2695.6 0.0019799
2695.8 0.0021375
2696 0.0023191
2696.2 0.00253005
2696.4 0.00277736
2696.6 0.00307035
2696.8 0.00342163
2697 0.00384868
2697.2 0.0043763
2697.4 0.00504071
2697.6 0.00589641
2697.8 0.00702844
2698 0.00857445
2698.2 0.0107656
2698.4 0.0139999
2698.6 0.0189498
2698.8 0.0265534
2699 0.0369634
2699.2 0.0457383
2699.4 0.0451151
2699.6 0.0383562
2699.8 0.0335905
2700 0.0333535
2700.2 0.0380393
2700.4 0.0487673
2700.6 0.0677978
2700.8 0.0955835
2701 0.11928
2701.2 0.113496
2701.4 0.0846848
2701.6 0.057693
2701.8 0.0395336
2702 0.0281012
2702.2 0.0207943
2702.4 0.0159513
2702.6 0.0126153
2702.8 0.010235
2703 0.00848367
2703.2 0.00716057
2703.4 0.00613808
2703.6 0.00533234
2703.8 0.00468659
2704 0.00416141
2704.2 0.00372877
2704.4 0.00336832
2704.6 0.00306501
2704.8 0.0028075
2705 0.00258717
2705.2 0.0023973
2705.4 0.00223267
2705.6 0.00208911
2705.8 0.00196329
2706 0.00185253
2706.2 0.00175464
2706.4 0.0016678
2706.6 0.00159054
2706.8 0.0015216
2707 0.00145995
2707.2 0.00140472
2707.4 0.00135514
2707.6 0.0013106
2707.8 0.00127054
2708 0.00123451
2708.2 0.00120209
2708.4 0.00117295
2708.6 0.00114678
2708.8 0.00112331
2709 0.00110233
2709.2 0.00108362
2709.4 0.00106702
2709.6 0.00105237
2709.8 0.00103954
2710 0.00102841
2710.2 0.00101888
2710.4 0.00101086
2710.6 0.00100427
2710.8 0.000999043
2711 0.000995129
2711.2 0.000992474
2711.4 0.00099104
2711.6 0.000990793
2711.8 0.000991707
2712 0.000993763
2712.2 0.000996948
2712.4 0.00100125
2712.6 0.00100668
2712.8 0.00101323
2713 0.00102092
2713.2 0.00102976
2713.4 0.00103977
2713.6 0.00105098
2713.8 0.00106343
2714 0.00107716
2714.2 0.00109221
2714.4 0.00110864
2714.6 0.00112651
2714.8 0.0011459
2715 0.00116689
2715.2 0.00118956
2715.4 0.00121403
2715.6 0.00124041
2715.8 0.00126882
2716 0.00129942
2716.2 0.00133237
2716.4 0.00136786
2716.6 0.00140608
2716.8 0.00144728
2717 0.00149171
2717.2 0.00153968
2717.4 0.00159151
2717.6 0.00164759
2717.8 0.00170836
2718 0.00177431
2718.2 0.001846
2718.4 0.0019241
2718.6 0.00200936
2718.8 0.00210264
2719 0.00220498
2719.2 0.00231757
2719.4 0.00244182
2719.6 0.0025794
2719.8 0.00273231
2720 0.00290292
2720.2 0.00309415
2720.4 0.00330953
2720.6 0.00355343
2720.8 0.00383127
2721 0.00414989
2721.2 0.00451802
2721.4 0.00494695
2721.6 0.00545149
2721.8 0.00605148
2722 0.00677398
2722.2 0.00765674
2722.4 0.00875384
2722.6 0.010145
2722.8 0.0119515
2723 0.0143649
2723.2 0.0176993
2723.4 0.0224873
2723.6 0.0296481
2723.8 0.0406923
2724 0.057403
2724.2 0.0783287
2724.4 0.0909023
2724.6 0.0838731
2724.8 0.0702227
2725 0.0628391
2725.2 0.0642616
2725.4 0.0751077
2725.6 0.0979478
2725.8 0.137423
2726 0.193211
2726.2 0.236133
2726.4 0.21827
2726.6 0.160272
2726.8 0.108872
2727 0.0747655
2727.2 0.053309
2727.4 0.0395536
2727.6 0.0304024
2727.8 0.0240762
2728 0.019548
2728.2 0.0162071
2728.4 0.0136772
2728.6 0.0117181
2728.8 0.0101714
2729 0.00892987
2729.2 0.00791868
2729.4 0.00708458
2729.6 0.00638882
2729.8 0.00580269
2730 0.00530456
2730.2 0.00487791
2730.4 0.00450991
2730.6 0.00419052
2730.8 0.00391176
2731 0.00366724
2731.2 0.00345178
2731.4 0.00326118
2731.6 0.00309197
2731.8 0.00294127
2732 0.00280669
2732.2 0.00268622
2732.4 0.00257818
2732.6 0.00248111
2732.8 0.00239381
2733 0.00231521
2733.2 0.00224443
2733.4 0.00218069
2733.6 0.00212331
2733.8 0.00207171
2734 0.00202538
2734.2 0.0019839
2734.4 0.00194686
2734.6 0.00191393
2734.8 0.00188482
2735 0.00185928
2735.2 0.00183707
2735.4 0.00181801
2735.6 0.00180192
2735.8 0.00178866
2736 0.0017781
2736.2 0.00177014
2736.4 0.00176469
2736.6 0.00176167
2736.8 0.00176103
2737 0.00176272
2737.2 0.00176672
2737.4 0.00177301
2737.6 0.00178158
2737.8 0.00179244
2738 0.00180561
2738.2 0.00182112
2738.4 0.00183903
2738.6 0.00185939
2738.8 0.00188227
2739 0.00190776
2739.2 0.00193596
2739.4 0.00196699
2739.6 0.00200099
2739.8 0.00203812
2740 0.00207855
2740.2 0.00212248
2740.4 0.00217015
2740.6 0.0022218
2740.8 0.00227773
2741 0.00233826
2741.2 0.00240377
2741.4 0.00247466
2741.6 0.00255141
2741.8 0.00263454
2742 0.00272467
2742.2 0.00282247
2742.4 0.00292874
2742.6 0.00304436
2742.8 0.00317038
2743 0.00330796
2743.2 0.0034585
2743.4 0.00362358
2743.6 0.00380506
2743.8 0.00400515
2744 0.00422643
2744.2 0.00447196
2744.4 0.00474543
2744.6 0.00505126
2744.8 0.00539483
2745 0.00578274
2745.2 0.00622313
2745.4 0.00672622
2745.6 0.00730491
2745.8 0.00797575
2746 0.00876028
2746.2 0.00968697
2746.4 0.0107942
2746.6 0.0121349
2746.8 0.0137834
2747 0.0158476
2747.2 0.0184882
2747.4 0.0219536
2747.6 0.0266413
2747.8 0.0332126
2748 0.0428009
2748.2 0.0573523
2748.4 0.0798694
2748.6 0.112642
2748.8 0.147269
2749 0.156324
2749.2 0.135441
2749.4 0.11363
2749.6 0.105273
2749.8 0.111815
2750 0.134726
2750.2 0.179472
2750.4 0.25434
2750.6 0.353906
2750.8 0.415295
2751 0.365647
2751.2 0.262234
2751.4 0.177681
2751.6 0.122634
2751.8 0.0879932
2752 0.0656599
2752.2 0.0507038
2752.4 0.040301
2752.6 0.0328144
2752.8 0.0272649
2753 0.0230455
2753.2 0.0197666
2753.4 0.0171701
2753.6 0.0150803
2753.8 0.0133742
2754 0.0119639
2754.2 0.0107853
2754.4 0.00979061
2754.6 0.00894395
2754.8 0.00821771
2755 0.00759044
2755.2 0.00704532
2755.4 0.00656897
2755.6 0.00615064
2755.8 0.00578163
2756 0.00545484
2756.2 0.00516441
2756.4 0.0049055
2756.6 0.00467406
2756.8 0.00446668
2757 0.00428051
2757.2 0.0041131
2757.4 0.00396239
2757.6 0.00382659
2757.8 0.00370418
2758 0.00359383
2758.2 0.00349442
2758.4 0.00340494
2758.6 0.00332455
2758.8 0.00325249
2759 0.00318811
2759.2 0.00313084
2759.4 0.00308019
2759.6 0.00303571
2759.8 0.00299705
2760 0.00296385
2760.2 0.00293586
2760.4 0.00291282
2760.6 0.00289453
2760.8 0.00288082
2761 0.00287154
2761.2 0.00286659
2761.4 0.00286589
2761.6 0.00286937
2761.8 0.00287699
2762 0.00288876
2762.2 0.00290468
2762.4 0.00292479
2762.6 0.00294916
2762.8 0.00297787
2763 0.00301103
2763.2 0.00304879
2763.4 0.00309131
2763.6 0.00313878
2763.8 0.00319145
2764 0.00324958
2764.2 0.00331347
2764.4 0.00338347
2764.6 0.00345998
2764.8 0.00354346
2765 0.00363441
2765.2 0.00373341
2765.4 0.00384111
2765.6 0.00395828
2765.8 0.00408574
2766 0.00422448
2766.2 0.00437558
2766.4 0.00454031
2766.6 0.00472012
2766.8 0.00491666
2767 0.00513186
2767.2 0.00536794
2767.4 0.00562752
2767.6 0.00591363
2767.8 0.00622985
2768 0.00658044
2768.2 0.00697045
2768.4 0.00740595
2768.6 0.00789428
2768.8 0.00844441
2769 0.00906735
2769.2 0.0097768
2769.4 0.01059
2769.6 0.0115288
2769.8 0.0126216
2770 0.0139055
2770.2 0.0154299
2770.4 0.017262
2770.6 0.0194956
2770.8 0.0222639
2771 0.0257628
2771.2 0.0302889
2771.4 0.0363074
2771.6 0.0445765
2771.8 0.0563766
2772 0.0739187
2772.2 0.100911
2772.4 0.142278
2772.6 0.19735
2772.8 0.238789
2773 0.228163
2773.2 0.189539
2773.4 0.162911
2773.6 0.158185
2773.8 0.175653
2774 0.21912
2774.2 0.298913
2774.4 0.4269
2774.6 0.579844
2774.8 0.637541
2775 0.526518
2775.2 0.368113
2775.4 0.249447
2775.6 0.173604
2775.8 0.125735
2776 0.0946041
2776.2 0.0735612
2776.4 0.0587983
2776.6 0.0480937
2776.8 0.0401073
2777 0.034001
2777.2 0.0292329
2777.4 0.0254413
2777.6 0.0223783
2777.8 0.0198695
2778 0.0177897
2778.2 0.016047
2778.4 0.0145729
2778.6 0.0133154
2778.8 0.0122346
2779 0.0112995
2779.2 0.0104854
2779.4 0.0097729
2779.6 0.00914627
2779.8 0.00859276
2780 0.00810192
2780.2 0.00766516
2780.4 0.00727532
2780.6 0.00692645
2780.8 0.00661351
2781 0.00633227
2781.2 0.00607912
2781.4 0.00585099
2781.6 0.00564525
2781.8 0.00545962
2782 0.00529216
2782.2 0.00514116
2782.4 0.00500517
2782.6 0.00488291
2782.8 0.00477326
2783 0.00467527
2783.2 0.00458808
2783.4 0.00451097
2783.6 0.0044433
2783.8 0.00438452
2784 0.00433414
2784.2 0.00429177
2784.4 0.00425706
2784.6 0.00422971
2784.8 0.00420949
2785 0.00419622
2785.2 0.00418975
2785.4 0.00418998
2785.6 0.00419685
2785.8 0.00421035
2786 0.00423049
2786.2 0.00425736
2786.4 0.00429104
2786.6 0.0043317
2786.8 0.00437952
2787 0.00443474
2787.2 0.00449766
2787.4 0.0045686
2787.6 0.00464799
2787.8 0.00473627
2788 0.004834
2788.2 0.00494177
2788.4 0.00506029
2788.6 0.00519036
2788.8 0.00533289
2789 0.00548894
2789.2 0.00565967
2789.4 0.00584646
2789.6 0.00605086
2789.8 0.00627466
2790 0.0065199
2790.2 0.00678897
2790.4 0.00708462
2790.6 0.00741005
2790.8 0.007769
2791 0.00816587
2791.2 0.00860586
2791.4 0.00909514
2791.6 0.0096411
2791.8 0.0102526
2792 0.0109406
2792.2 0.0117182
2792.4 0.0126018
2792.6 0.0136119
2792.8 0.0147746
2793 0.0161229
2793.2 0.0177001
2793.4 0.0195635
2793.6 0.02179
2793.8 0.0244856
2794 0.0277994
2794.2 0.0319475
2794.4 0.0372516
2794.6 0.044208
2794.8 0.0536109
2795 0.0667789
2795.2 0.0859722
2795.4 0.115081
2795.6 0.160199
2795.8 0.226513
2796 0.299037
2796.2 0.321864
2796.4 0.279283
2796.6 0.230323
2796.8 0.2073
2797 0.212966
2797.2 0.248283
2797.4 0.321448
2797.6 0.449057
2797.8 0.641249
2798 0.83048
2798.2 0.832745
2798.4 0.640971
2798.6 0.438902
2798.8 0.298861
2799 0.210479
2799.2 0.154299
2799.4 0.117328
2799.6 0.0920358
2799.8 0.0740992
2800 0.0609708
2800.2 0.0510964
2800.4 0.0434939
2800.6 0.0375214
2800.8 0.0327472
2801 0.0288725
2801.2 0.025686
2801.4 0.0230347
2801.6 0.0208059
2801.8 0.0189149
2802 0.0172976
2802.2 0.0159041
2802.4 0.0146956
2802.6 0.0136414
2802.8 0.012717
2803 0.0119024
2803.2 0.0111817
2803.4 0.0105415
2803.6 0.00997095
2803.8 0.00946097
2804 0.00900394
2804.2 0.00859343
2804.4 0.00822403
2804.6 0.00789111
2804.8 0.00759075
2805 0.00731955
2805.2 0.0070746
2805.4 0.0068534
2805.6 0.00665377
2805.8 0.00647381
2806 0.0063119
2806.2 0.00616661
2806.4 0.00603669
2806.6 0.00592108
2806.8 0.00581882
2807 0.00572912
2807.2 0.00565127
2807.4 0.00558468
2807.6 0.00552884
2807.8 0.00548332
2808 0.00544779
2808.2 0.00542196
2808.4 0.00540562
2808.6 0.00539863
2808.8 0.00540091
2809 0.00541242
2809.2 0.00543322
2809.4 0.0054634
2809.6 0.00550311
2809.8 0.00555258
2810 0.00561211
2810.2 0.00568204
2810.4 0.00576282
2810.6 0.00585497
2810.8 0.00595911
2811 0.00607594
2811.2 0.00620628
2811.4 0.00635109
2811.6 0.00651146
2811.8 0.00668865
2812 0.00688409
2812.2 0.00709944
2812.4 0.00733661
2812.6 0.00759778
2812.8 0.00788551
2813 0.00820272
2813.2 0.00855285
2813.4 0.00893989
2813.6 0.00936853
2813.8 0.00984431
2814 0.0103738
2814.2 0.0109648
2814.4 0.0116267
2814.6 0.012371
2814.8 0.0132116
2815 0.0141656
2815.2 0.0152543
2815.4 0.0165046
2815.6 0.0179509
2815.8 0.0196373
2816 0.0216221
2816.2 0.0239829
2816.4 0.0268258
2816.6 0.0302984
2816.8 0.0346121
2817 0.0400778
2817.2 0.0471682
2817.4 0.0566274
2817.6 0.0696728
2817.8 0.0883661
2818 0.116273
2818.2 0.159342
2818.4 0.225208
2818.6 0.31128
2818.8 0.371278
2819 0.348316
2819.2 0.285745
2819.4 0.243099
2819.6 0.233055
2819.8 0.254732
2820 0.312369
2820.2 0.41989
2820.4 0.59822
2820.6 0.839039
2820.8 1
2821 0.894761
2821.2 0.646118
2821.4 0.437693
2821.6 0.301251
2821.8 0.215439
2822 0.160237
2822.2 0.123362
2822.4 0.0977713
2822.6 0.079391
2822.8 0.0657892
2823 0.0554614
2823.2 0.0474446
2823.4 0.0411019
2823.6 0.0360002
2823.8 0.0318371
2824 0.0283968
2824.2 0.0255218
2824.4 0.0230955
2824.6 0.0210298
2824.8 0.0192572
2825 0.0177254
2825.2 0.0163933
2825.4 0.0152283
2825.6 0.0142041
2825.8 0.0132997
2826 0.0124977
2826.2 0.0117839
2826.4 0.0111465
2826.6 0.0105757
2826.8 0.0100632
2827 0.00960197
2827.2 0.00918624
2827.4 0.00881092
2827.6 0.00847172
2827.8 0.00816494
2828 0.00788739
2828.2 0.00763632
2828.4 0.00740935
2828.6 0.00720442
2828.8 0.00701972
2829 0.00685371
2829.2 0.00670501
2829.4 0.00657247
2829.6 0.00645505
2829.8 0.00635188
2830 0.00626221
2830.2 0.00618541
2830.4 0.00612094
2830.6 0.00606836
2830.8 0.00602732
2831 0.00599755
2831.2 0.00597888
2831.4 0.00597119
2831.6 0.00597445
2831.8 0.00598871
2832 0.00601408
2832.2 0.00605077
2832.4 0.00609905
2832.6 0.0061593
2832.8 0.00623197
2833 0.00631762
2833.2 0.00641692
2833.4 0.00653067
2833.6 0.00665979
2833.8 0.00680537
2834 0.00696865
2834.2 0.00715109
2834.4 0.00735436
2834.6 0.00758043
2834.8 0.00783153
2835 0.00811031
2835.2 0.00841981
2835.4 0.00876361
2835.6 0.0091459
2835.8 0.00957162
2836 0.0100466
2836.2 0.0105779
2836.4 0.0111739
2836.6 0.0118446
2836.8 0.0126023
2837 0.0134624
2837.2 0.0144434
2837.4 0.015569
2837.6 0.016869
2837.8 0.0183819
2838 0.020158
2838.2 0.0222638
2838.4 0.0247897
2838.6 0.0278605
2838.8 0.031653
2839 0.0364248
2839.2 0.0425627
2839.4 0.0506684
2839.6 0.061712
2839.8 0.0773183
2840 0.100286
2840.2 0.135404
2840.4 0.189826
2840.6 0.267511
2840.8 0.342897
2841 0.350838
2841.2 0.294926
2841.4 0.242344
2841.6 0.219416
2841.8 0.226281
2842 0.263582
2842.2 0.339855
2842.4 0.473063
2842.6 0.679035
2842.8 0.903928
2843 0.94982
2843.2 0.755504
2843.4 0.521715
2843.6 0.354052
2843.8 0.247735
2844 0.180428
2844.2 0.136404
2844.4 0.106469
2844.6 0.0853541
2844.8 0.0699706
2845 0.0584455
2845.2 0.0496012
2845.4 0.0426726
2845.6 0.0371466
2845.8 0.0326704
2846 0.0289948
2846.2 0.0259403
2846.4 0.0233748
2846.6 0.0211998
2846.8 0.0193402
2847 0.0177382
2847.2 0.0163488
2847.4 0.0151364
2847.6 0.0140727
2847.8 0.0131347
2848 0.0123038
2848.2 0.0115649
2848.4 0.0109054
2848.6 0.0103148
2848.8 0.00978434
2849 0.00930674
2849.2 0.00887576
2849.4 0.00848611
2849.6 0.00813327
2849.8 0.00781337
2850 0.00752309
2850.2 0.00725955
2850.4 0.00702027
2850.6 0.00680309
2850.8 0.00660615
2851 0.00642781
2851.2 0.00626666
2851.4 0.00612147
2851.6 0.00599118
2851.8 0.00587487
2852 0.00577174
2852.2 0.00568113
2852.4 0.00560245
2852.6 0.00553525
2852.8 0.00547914
2853 0.00543382
2853.2 0.00539907
2853.4 0.00537476
2853.6 0.00536083
2853.8 0.00535729
2854 0.00536423
2854.2 0.00538183
2854.4 0.00541035
2854.6 0.00545012
2854.8 0.0055016
2855 0.00556531
2855.2 0.00564193
2855.4 0.00573225
2855.6 0.00583719
2855.8 0.00595785
2856 0.00609553
2856.2 0.00625173
2856.4 0.00642821
2856.6 0.00662704
2856.8 0.00685066
2857 0.00710191
2857.2 0.00738417
2857.4 0.00770144
2857.6 0.00805849
2857.8 0.00846104
2858 0.00891598
2858.2 0.00943173
2858.4 0.0100186
2858.6 0.0106892
2858.8 0.0114597
2859 0.0123501
2859.2 0.0133863
2859.4 0.0146018
2859.6 0.0160412
2859.8 0.0177641
2860 0.0198527
2860.2 0.0224226
2860.4 0.0256407
2860.6 0.0297554
2860.8 0.0351488
2861 0.0424308
2861.2 0.052612
2861.4 0.0674216
2861.6 0.0898472
2861.8 0.12467
2862 0.17661
2862.2 0.236603
2862.4 0.261227
2862.6 0.228902
2862.8 0.185229
2863 0.160512
2863.2 0.157523
2863.4 0.175255
2863.6 0.217249
2863.8 0.293728
2864 0.41976
2864.2 0.590227
2864.4 0.705988
2864.6 0.633939
2864.8 0.458467
2865 0.310554
2865.2 0.213606
2865.4 0.152639
2865.6 0.113438
2865.8 0.0872628
2866 0.0691047
2866.2 0.0560655
2866.4 0.0464165
2866.6 0.0390893
2866.8 0.0333997
2867 0.028896
2867.2 0.0252708
2867.4 0.0223099
2867.6 0.01986
2867.8 0.0178098
2868 0.0160766
2868.2 0.0145979
2868.4 0.0133261
2868.6 0.0122239
2868.8 0.0112624
2869 0.0104185
2869.2 0.00967347
2869.4 0.00901245
2869.6 0.00842315
2869.8 0.00789545
2870 0.00742101
2870.2 0.00699281
2870.4 0.00660499
2870.6 0.00625258
2870.8 0.00593136
2871 0.00563772
2871.2 0.00536857
2871.4 0.00512123
2871.6 0.00489339
2871.8 0.00468304
2872 0.00448842
2872.2 0.00430799
2872.4 0.00414039
2872.6 0.00398443
2872.8 0.00383905
2873 0.00370332
2873.2 0.00357639
2873.4 0.00345753
2873.6 0.00334605
2873.8 0.00324137
2874 0.00314295
2874.2 0.0030503
2874.4 0.00296298
2874.6 0.00288059
2874.8 0.00280279
2875 0.00272923
2875.2 0.00265962
2875.4 0.0025937
2875.6 0.0025312
2875.8 0.00247192
2876 0.00241564
2876.2 0.00236216
2876.4 0.00231132
2876.6 0.00226295
2876.8 0.00221691
2877 0.00217306
2877.2 0.00213126
2877.4 0.00209142
2877.6 0.00205341
2877.8 0.00201714
2878 0.00198251
2878.2 0.00194945
2878.4 0.00191786
2878.6 0.00188767
2878.8 0.00185882
2879 0.00183124
2879.2 0.00180486
2879.4 0.00177964
2879.6 0.00175553
2879.8 0.00173246
2880 0.0017104
2880.2 0.0016893
2880.4 0.00166913
2880.6 0.00164984
2880.8 0.0016314
2881 0.00161378
2881.2 0.00159695
2881.4 0.00158087
2881.6 0.00156553
2881.8 0.00155089
2882 0.00153694
2882.2 0.00152365
2882.4 0.001511
2882.6 0.00149897
2882.8 0.00148754
2883 0.0014767
2883.2 0.00146644
2883.4 0.00145673
2883.6 0.00144756
2883.8 0.00143893
2884 0.00143081
2884.2 0.00142321
2884.4 0.00141611
2884.6 0.0014095
2884.8 0.00140337
2885 0.00139772
2885.2 0.00139255
2885.4 0.00138784
2885.6 0.00138359
2885.8 0.0013798
2886 0.00137647
2886.2 0.00137359
2886.4 0.00137117
2886.6 0.00136919
2886.8 0.00136767
2887 0.0013666
2887.2 0.00136599
2887.4 0.00136583
2887.6 0.00136614
2887.8 0.00136691
2888 0.00136815
2888.2 0.00136987
2888.4 0.00137207
2888.6 0.00137477
2888.8 0.00137797
2889 0.00138168
2889.2 0.00138591
2889.4 0.00139068
2889.6 0.001396
2889.8 0.00140188
2890 0.00140835
2890.2 0.00141542
2890.4 0.00142311
2890.6 0.00143144
2890.8 0.00144044
2891 0.00145014
2891.2 0.00146055
2891.4 0.00147172
2891.6 0.00148367
2891.8 0.00149645
2892 0.00151008
2892.2 0.00152463
2892.4 0.00154012
2892.6 0.00155662
2892.8 0.00157417
2893 0.00159285
2893.2 0.00161271
2893.4 0.00163382
2893.6 0.00165628
2893.8 0.00168016
2894 0.00170556
2894.2 0.00173259
2894.4 0.00176135
2894.6 0.00179199
2894.8 0.00182463
2895 0.00185944
2895.2 0.00189659
2895.4 0.00193628
2895.6 0.0019787
2895.8 0.00202412
2896 0.00207279
2896.2 0.00212502
2896.4 0.00218114
2896.6 0.00224155
2896.8 0.00230668
2897 0.00237703
2897.2 0.00245316
2897.4 0.00253573
2897.6 0.00262548
2897.8 0.00272329
2898 0.00283016
2898.2 0.00294727
2898.4 0.00307601
2898.6 0.00321804
2898.8 0.00337528
2899 0.00355011
2899.2 0.00374534
2899.4 0.00396445
2899.6 0.00421167
2899.8 0.00449232
2900 0.00481303
2900.2 0.0051823
2900.4 0.00561108
2900.6 0.00611376
2900.8 0.00670953
2901 0.00742458
2901.2 0.00829538
2901.4 0.00937403
2901.6 0.0107372
2901.8 0.0125011
2902 0.0148488
2902.2 0.0180788
2902.4 0.0226966
2902.6 0.0295769
2902.8 0.0401928
2903 0.0565295
2903.2 0.0784623
2903.4 0.0952556
2903.6 0.0907877
2903.8 0.0738961
2904 0.060953
2904.2 0.0558623
2904.4 0.0579834
2904.6 0.0674328
2904.8 0.086331
2905 0.119256
2905.2 0.171423
2905.4 0.234519
2905.6 0.260785
2905.8 0.217527
2906 0.152793
2906.2 0.103753
2906.4 0.0723585
2906.6 0.0525712
2906.8 0.0397329
2907 0.0310771
2907.2 0.0250205
2907.4 0.0206408
2907.6 0.0173824
2907.8 0.0148985
2908 0.0129654
2908.2 0.0114337
2908.4 0.0102015
2908.6 0.00919694
2908.8 0.00836865
2909 0.00767895
2909.2 0.00709977
2909.4 0.00660987
2909.6 0.00619295
2909.8 0.00583635
2910 0.00553008
2910.2 0.00526623
2910.4 0.00503845
2910.6 0.0048416
2910.8 0.00467149
2911 0.0045247
2911.2 0.0043984
2911.4 0.00429024
2911.6 0.00419827
2911.8 0.00412088
2912 0.0040567
2912.2 0.00400463
2912.4 0.0039637
2912.6 0.00393316
2912.8 0.00391236
2913 0.0039008
2913.2 0.00389806
2913.4 0.00390383
2913.6 0.0039179
2913.8 0.00394013
2914 0.00397044
2914.2 0.00400886
2914.4 0.00405545
2914.6 0.00411038
2914.8 0.00417387
2915 0.00424623
2915.2 0.00432783
2915.4 0.00441914
2915.6 0.00452072
2915.8 0.00463324
2916 0.00475747
2916.2 0.00489432
2916.4 0.00504485
2916.6 0.00521027
2916.8 0.00539201
2917 0.00559172
2917.2 0.0058113
2917.4 0.00605299
2917.6 0.0063194
2917.8 0.0066136
2918 0.00693921
2918.2 0.00730051
2918.4 0.00770263
2918.6 0.00815171
2918.8 0.00865521
2919 0.00922218
2919.2 0.00986381
2919.4 0.010594
2919.6 0.0114302
2919.8 0.0123946
2920 0.0135159
2920.2 0.0148318
2920.4 0.0163924
2920.6 0.0182659
2920.8 0.0205471
2921 0.0233713
2921.2 0.0269367
2921.4 0.0315432
2921.6 0.0376607
2921.8 0.0460537
2922 0.0580116
2922.2 0.0757639
2922.4 0.103098
2922.6 0.145366
2922.8 0.203731
2923 0.253329
2923.2 0.247691
2923.4 0.202449
2923.6 0.164545
2923.8 0.147564
2924 0.149888
2924.2 0.170998
2924.4 0.215344
2924.6 0.293794
2924.8 0.42168
2925 0.592964
2925.2 0.706122
2925.4 0.630546
2925.6 0.4549
2925.8 0.308219
2926 0.212312
2926.2 0.152021
2926.4 0.113248
2926.6 0.0873577
2926.8 0.069399
2927 0.0565083
2927.2 0.0469763
2927.4 0.0397457
2927.6 0.0341393
2927.8 0.0297098
2928 0.0261528
2928.2 0.0232557
2928.4 0.0208671
2928.6 0.0188764
2928.8 0.0172016
2929 0.015781
2929.2 0.0145673
2929.4 0.0135238
2929.6 0.0126218
2929.8 0.0118383
2930 0.0111552
2930.2 0.0105577
2930.4 0.0100337
2930.6 0.00957342
2930.8 0.00916864
2931 0.00881262
2931.2 0.00849973
2931.4 0.00822524
2931.6 0.00798518
2931.8 0.00777623
2932 0.00759558
2932.2 0.00744086
2932.4 0.0073101
2932.6 0.00720164
2932.8 0.00711413
2933 0.00704645
2933.2 0.00699773
2933.4 0.00696728
2933.6 0.00695462
2933.8 0.00695945
2934 0.00698163
2934.2 0.00702119
2934.4 0.00707834
2934.6 0.00715343
2934.8 0.00724703
2935 0.00735988
2935.2 0.0074929
2935.4 0.00764729
2935.6 0.00782444
2935.8 0.00802608
2936 0.00825423
2936.2 0.00851129
2936.4 0.00880012
2936.6 0.00912409
2936.8 0.0094872
2937 0.00989418
2937.2 0.0103507
2937.4 0.0108636
2937.6 0.0114409
2937.8 0.0120927
2938 0.012831
2938.2 0.0136708
2938.4 0.0146306
2938.6 0.0157338
2938.8 0.0170102
2939 0.0184981
2939.2 0.020248
2939.4 0.022327
2939.6 0.0248263
2939.8 0.0278728
2940 0.031647
2940.2 0.0364137
2940.4 0.0425727
2940.6 0.05075
2940.8 0.0619623
2941 0.0779222
2941.2 0.101591
2941.4 0.138013
2941.6 0.194445
2941.8 0.273206
2942 0.342771
2942.2 0.33875
2942.4 0.277402
2942.6 0.223813
2942.8 0.198324
2943 0.198763
2943.2 0.223762
2943.4 0.278294
2943.6 0.375687
2943.8 0.536827
2944 0.764864
2944.2 0.951351
2944.4 0.895984
2944.6 0.663852
2944.8 0.451098
2945 0.308845
2945.2 0.219398
2945.4 0.162222
2945.6 0.124311
2945.8 0.0981893
2946 0.0795476
2946.2 0.0658309
2946.4 0.0554689
2946.6 0.0474624
2946.8 0.0411546
2947 0.0361011
2947.2 0.031993
2947.4 0.0286107
2947.6 0.0257951
2947.8 0.0234281
2948 0.0214211
2948.2 0.0197065
2948.4 0.0182321
2948.6 0.0169567
2948.8 0.015848
2949 0.01488
2949.2 0.0140319
2949.4 0.0132865
2949.6 0.01263
2949.8 0.0120508
2950 0.0115394
2950.2 0.0110879
2950.4 0.0106895
2950.6 0.0103388
2950.8 0.010031
2951 0.00976218
2951.2 0.00952901
2951.4 0.00932871
2951.6 0.00915897
2951.8 0.00901788
2952 0.00890388
2952.2 0.00881574
2952.4 0.00875253
2952.6 0.00871357
2952.8 0.00869846
2953 0.00870704
2953.2 0.00873941
2953.4 0.00879589
2953.6 0.00887708
2953.8 0.00898385
2954 0.00911737
2954.2 0.00927913
2954.4 0.00947099
2954.6 0.0096952
2954.8 0.00995453
2955 0.0102523
2955.2 0.0105924
2955.4 0.0109797
2955.6 0.0114198
2955.8 0.0119197
2956 0.0124877
2956.2 0.013134
2956.4 0.013871
2956.6 0.014714
2956.8 0.0156823
2957 0.0167999
2957.2 0.0180977
2957.4 0.0196154
2957.6 0.0214053
2957.8 0.0235369
2958 0.026105
2958.2 0.0292414
2958.4 0.0331341
2958.6 0.0380586
2958.8 0.0444319
2959 0.0529071
2959.2 0.0645464
2959.4 0.0811407
2959.6 0.105788
2959.8 0.143762
2960 0.202599
2960.2 0.284406
2960.4 0.355511
2960.6 0.349442
2960.8 0.285027
2961 0.229294
2961.2 0.202443
2961.4 0.201898
2961.6 0.225953
2961.8 0.279224
2962 0.374673
2962.2 0.533622
2962.4 0.764772
2962.6 0.974174
2962.8 0.948517
2963 0.716304
2963.2 0.488386
2963.4 0.333348
2963.6 0.235745
2963.8 0.173566
2964 0.132516
2964.2 0.104347
2964.4 0.0843179
2964.6 0.0696256
2964.8 0.0585554
2965 0.0500205
2965.2 0.0433086
2965.4 0.0379394
2965.6 0.0335802
2965.8 0.0299948
2966 0.0270123
2966.2 0.0245066
2966.4 0.022383
2966.6 0.0205692
2966.8 0.0190096
2967 0.0176606
2967.2 0.0164877
2967.4 0.0154633
2967.6 0.0145654
2967.8 0.0137758
2968 0.0130799
2968.2 0.0124654
2968.4 0.0119223
2968.6 0.0114423
2968.8 0.0110183
2969 0.0106444
2969.2 0.0103158
2969.4 0.0100283
2969.6 0.00977848
2969.8 0.00956342
2970 0.00938076
2970.2 0.00922854
2970.4 0.00910522
2970.6 0.00900959
2970.8 0.00894078
2971 0.00889821
2971.2 0.00888161
2971.4 0.00889099
2971.6 0.00892668
2971.8 0.00898929
2972 0.00907978
2972.2 0.00919943
2972.4 0.00934994
2972.6 0.00953346
2972.8 0.00975264
2973 0.0100107
2973.2 0.0103117
2973.4 0.0106603
2973.6 0.0110624
2973.8 0.0115252
2974 0.0120574
2974.2 0.0126697
2974.4 0.0133754
2974.6 0.0141912
2974.8 0.0151381
2975 0.0162431
2975.2 0.0175408
2975.4 0.019077
2975.6 0.0209131
2975.8 0.0231324
2976 0.0258514
2976.2 0.0292366
2976.4 0.0335327
2976.6 0.0391113
2976.8 0.0465564
2977 0.0568211
2977.2 0.0715173
2977.4 0.0934368
2977.6 0.127307
2977.8 0.179663
2978 0.251055
2978.2 0.30859
2978.4 0.296868
2978.6 0.239844
2978.8 0.19321
2979 0.171335
2979.2 0.171449
2979.4 0.192141
2979.6 0.237382
2979.8 0.31817
2980 0.452779
2980.2 0.650141
2980.4 0.834792
2980.6 0.822514
2980.8 0.625707
2981 0.427299
2981.2 0.291412
2981.4 0.20581
2981.6 0.151338
2981.8 0.115431
2982 0.0908277
2982.2 0.0733555
2982.4 0.0605527
2982.6 0.0509148
2982.8 0.0434894
2983 0.0376534
2983.2 0.032987
2983.4 0.0291996
2983.6 0.0260853
2983.8 0.0234951
2984 0.0213192
2984.2 0.0194751
2984.4 0.0179
2984.6 0.0165455
2984.8 0.0153738
2985 0.0143549
2985.2 0.0134649
2985.4 0.0126846
2985.6 0.0119984
2985.8 0.0113934
2986 0.0108593
2986.2 0.0103873
2986.4 0.00997009
2986.6 0.00960175
2986.8 0.00927721
2987 0.00899226
2987.2 0.00874339
2987.4 0.00852767
2987.6 0.00834269
2987.8 0.00818649
2988 0.00805748
2988.2 0.00795446
2988.4 0.00787652
2988.6 0.00782309
2988.8 0.00779389
2989 0.00778893
2989.2 0.00780853
2989.4 0.00785331
2989.6 0.00792423
2989.8 0.00802265
2990 0.00815031
2990.2 0.00830945
2990.4 0.00850287
2990.6 0.00873404
2990.8 0.00900723
2991 0.00932771
2991.2 0.00970197
2991.4 0.0101381
2991.6 0.0106461
2991.8 0.0112385
2992 0.0119314
2992.2 0.0127453
2992.4 0.0137068
2992.6 0.0148512
2992.8 0.0162255
2993 0.0178945
2993.2 0.0199487
2993.4 0.022518
2993.6 0.0257945
2993.8 0.0300714
2994 0.0358121
2994.2 0.0437775
2994.4 0.0552607
2994.6 0.0725043
2994.8 0.0992592
2995 0.140347
2995.2 0.194112
2995.4 0.231038
2995.6 0.214346
2995.8 0.171049
2996 0.13874
2996.2 0.12457
2996.4 0.126059
2996.6 0.142446
2996.8 0.17698
2997 0.238091
2997.2 0.339472
2997.4 0.486918
2997.6 0.621197
2997.8 0.606121
2998 0.458378
2998.2 0.312712
2998.4 0.213515
2998.6 0.151061
2998.8 0.111282
2999 0.0850266
2999.2 0.0670138
2999.4 0.0542073
2999.6 0.0448136
2999.8 0.0377357
3000 0.0322781
3000.2 0.0279854
3000.4 0.0245507
3000.6 0.0217611
3000.8 0.0194659
3001 0.0175558
3001.2 0.0159503
3001.4 0.014589
3001.6 0.0134257
3001.8 0.0124248
3002 0.0115587
3002.2 0.0108052
3002.4 0.0101469
3002.6 0.00956971
3002.8 0.00906205
3003 0.00861461
3003.2 0.00821966
3003.4 0.00787086
3003.6 0.00756291
3003.8 0.00729143
3004 0.00705276
3004.2 0.00684386
3004.4 0.00666222
3004.6 0.00650578
3004.8 0.00637284
3005 0.00626207
3005.2 0.00617245
3005.4 0.00610323
3005.6 0.00605396
3005.8 0.00602443
3006 0.00601468
3006.2 0.00602506
3006.4 0.00605618
3006.6 0.00610897
3006.8 0.0061847
3007 0.00628506
3007.2 0.00641221
3007.4 0.00656886
3007.6 0.00675842
3007.8 0.00698515
3008 0.00725436
3008.2 0.00757276
3008.4 0.0079488
3008.6 0.00839326
3008.8 0.00892007
3009 0.00954738
3009.2 0.0102993
3009.4 0.0112084
3009.6 0.0123193
3009.8 0.0136951
3010 0.015427
3010.2 0.0176504
3010.4 0.020574
3010.6 0.0245301
3010.8 0.0300689
3011 0.0381316
3011.2 0.0503499
3011.4 0.0693858
3011.6 0.0981829
3011.8 0.133107
3012 0.150588
3012.2 0.133257
3012.4 0.105258
3012.6 0.086604
3012.8 0.0793693
3013 0.081818
3013.2 0.0938058
3013.4 0.117836
3013.6 0.159816
3013.8 0.228818
3014 0.326558
3014.2 0.407508
3014.4 0.385408
3014.6 0.286306
3014.8 0.194767
3015 0.133445
3015.2 0.094885
3015.4 0.0702466
3015.6 0.0539178
3015.8 0.0426706
3016 0.0346458
3016.2 0.0287412
3016.4 0.0242801
3016.6 0.020832
3016.8 0.0181143
3017 0.0159356
3017.2 0.0141632
3017.4 0.0127027
3017.6 0.0114856
3017.8 0.0104613
3018 0.00959176
3018.2 0.00884799
3018.4 0.00820754
3018.6 0.00765286
3018.8 0.00717006
3019 0.00674807
3019.2 0.00637794
3019.4 0.00605243
3019.6 0.00576563
3019.8 0.00551266
3020 0.00528951
3020.2 0.00509287
3020.4 0.00491999
3020.6 0.0047686
3020.8 0.00463682
3021 0.00452313
3021.2 0.0044263
3021.4 0.00434535
3021.6 0.00427956
3021.8 0.00422841
3022 0.00419161
3022.2 0.00416905
3022.4 0.00416087
3022.6 0.00416739
3022.8 0.00418918
3023 0.00422709
3023.2 0.00428226
3023.4 0.0043562
3023.6 0.00445084
3023.8 0.00456864
3024 0.00471275
3024.2 0.00488712
3024.4 0.00509685
3024.6 0.00534845
3024.8 0.00565041
3025 0.00601386
3025.2 0.00645367
3025.4 0.00699006
3025.6 0.00765102
3025.8 0.00847633
3026 0.00952391
3026.2 0.0108808
3026.4 0.0126823
3026.6 0.0151462
3026.8 0.018637
3027 0.0237825
3027.2 0.0316657
3027.4 0.0439666
3027.6 0.0619882
3027.8 0.0810414
3028 0.0853778
3028.2 0.0718164
3028.4 0.0566127
3028.6 0.0476896
3028.8 0.0449631
3029 0.0475187
3029.2 0.0555745
3029.4 0.0709117
3029.6 0.097316
3029.8 0.140033
3030 0.197444
3030.2 0.23639
3030.4 0.212379
3030.6 0.153745
3030.8 0.104327
3031 0.0719483
3031.2 0.0515951
3031.4 0.0385144
3031.6 0.0297848
3031.8 0.023732
3032 0.0193878
3032.2 0.016175
3032.4 0.0137367
3032.6 0.0118448
3032.8 0.0103485
3033 0.00914526
3033.2 0.00816377
3033.4 0.00735302
3033.6 0.00667592
3033.8 0.00610496
3034 0.00561943
3034.2 0.00520346
3034.4 0.00484479
3034.6 0.0045338
3034.8 0.00426287
3035 0.00402591
3035.2 0.00381801
3035.4 0.00363519
3035.6 0.0034742
3035.8 0.00333236
3036 0.00320749
3036.2 0.00309779
3036.4 0.00300176
3036.6 0.0029182
3036.8 0.00284612
3037 0.00278475
3037.2 0.00273347
3037.4 0.00269185
3037.6 0.00265959
3037.8 0.00263655
3038 0.00262274
3038.2 0.0026183
3038.4 0.00262356
3038.6 0.00263902
3038.8 0.00266539
3039 0.00270364
3039.2 0.00275502
3039.4 0.00282119
3039.6 0.00290426
3039.8 0.00300696
3040 0.00313286
3040.2 0.00328663
3040.4 0.00347444
3040.6 0.00370463
3040.8 0.00398861
3041 0.00434234
3041.2 0.0047887
3041.4 0.00536138
3041.6 0.00611163
3041.8 0.00712005
3042 0.00851825
3042.2 0.010529
3042.4 0.0135383
3042.6 0.0182013
3042.8 0.0254314
3043 0.0353482
3043.2 0.0434645
3043.4 0.0419173
3043.6 0.0337903
3043.8 0.0269546
3044 0.0234867
3044.2 0.0229412
3044.4 0.0249837
3044.6 0.029931
3044.8 0.038936
3045 0.0542004
3045.2 0.0782315
3045.4 0.107563
3045.6 0.120582
3045.8 0.101292
3046 0.0713418
3046.2 0.0484521
3046.4 0.0337723
3046.6 0.0245223
3046.8 0.0185245
3047 0.0144823
3047.2 0.0116538
3047.4 0.00960726
3047.6 0.00808302
3047.8 0.00691913
3048 0.00601116
3048.2 0.00528963
3048.4 0.00470701
3048.6 0.00422996
3048.8 0.00383457
3049 0.00350335
3049.2 0.00322329
3049.4 0.00298454
3049.6 0.00277956
3049.8 0.00260249
3050 0.00244871
3050.2 0.00231457
3050.4 0.00219716
3050.6 0.0020941
3050.8 0.00200349
3051 0.00192377
3051.2 0.00185367
3051.4 0.00179215
3051.6 0.00173835
3051.8 0.0016916
3052 0.00165132
3052.2 0.00161711
3052.4 0.00158863
3052.6 0.00156566
3052.8 0.00154807
3053 0.00153582
3053.2 0.00152898
3053.4 0.0015277
3053.6 0.00153227
3053.8 0.0015431
3054 0.00156076
3054.2 0.001586
3054.4 0.00161986
3054.6 0.00166365
3054.8 0.00171914
3055 0.00178866
3055.2 0.00187533
3055.4 0.00198341
3055.6 0.00211879
3055.8 0.00228979
3056 0.00250851
3056.2 0.00279299
3056.4 0.00317103
3056.6 0.00368711
3056.8 0.00441493
3057 0.00548083
3057.2 0.00710383
3057.4 0.00964007
3057.6 0.0134738
3057.8 0.0180721
3058 0.0202424
3058.2 0.0178091
3058.4 0.0140527
3058.6 0.011542
3058.8 0.010504
3059 0.0106852
3059.2 0.0120302
3059.4 0.0148026
3059.6 0.0196756
3059.8 0.0277877
3060 0.0399401
3060.2 0.0523473
3060.4 0.0534606
3060.6 0.0417219
3060.8 0.0287649
3061 0.0196807
3061.2 0.0139411
3061.4 0.0102998
3061.6 0.00790962
3061.8 0.00627834
3062 0.00512368
3062.2 0.00427976
3062.4 0.00364562
3062.6 0.00315764
3062.8 0.00277436
3063 0.00246794
3063.2 0.00221916
3063.4 0.00201448
3063.6 0.00184408
3063.8 0.00170077
3064 0.00157915
3064.2 0.00147514
3064.4 0.00138558
3064.6 0.00130801
3064.8 0.0012405
3065 0.00118152
3065.2 0.00112983
3065.4 0.00108444
3065.6 0.00104455
3065.8 0.0010095
3066 0.000978773
3066.2 0.000951932
3066.4 0.00092864
3066.6 0.000908626
3066.8 0.000891687
3067 0.000877677
3067.2 0.000866507
3067.4 0.000858139
3067.6 0.000852593
3067.8 0.000849948
3068 0.000850349
3068.2 0.000854018
3068.4 0.000861272
3068.6 0.000872545
3068.8 0.000888425
3069 0.000909697
3069.2 0.000937426
3069.4 0.000973053
3069.6 0.00101857
3069.8 0.00107676
3070 0.00115164
3070.2 0.00124909
3070.4 0.00137805
3070.6 0.00155255
3070.8 0.0017954
3071 0.00214508
3071.2 0.00266822
3071.4 0.00347874
3071.6 0.00474287
3071.8 0.00652678
3072 0.00814582
3072.2 0.00809103
3072.4 0.00663038
3072.6 0.00528233
3072.8 0.00454534
3073 0.00435105
3073.2 0.00461919
3073.4 0.0053789
3073.6 0.00679938
3073.8 0.00923228
3074 0.0131727
3074.2 0.0185337
3074.4 0.0223605
3074.6 0.0203467
3074.8 0.0148779
3075 0.0101789
3075.2 0.00708547
3075.4 0.00514053
3075.6 0.00389168
3075.8 0.00305899
3076 0.00248199
3076.2 0.00206795
3076.4 0.00176166
3076.6 0.00152906
3076.8 0.0013484
3077 0.00120531
3077.2 0.00109005
3077.4 0.000995846
3077.6 0.000917852
3077.8 0.000852553
3078 0.000797346
3078.2 0.00075027
3078.4 0.000709829
3078.6 0.000674867
3078.8 0.000644479
3079 0.00061795
3079.2 0.000594714
3079.4 0.000574315
3079.6 0.000556388
3079.8 0.000540639
3080 0.00052683
3080.2 0.000514774
3080.4 0.000504322
3080.6 0.000495362
3080.8 0.000487811
3081 0.000481618
3081.2 0.000476759
3081.4 0.000473239
3081.6 0.000471096
3081.8 0.000470401
3082 0.000471269
3082.2 0.000473866
3082.4 0.000478425
3082.6 0.000485269
3082.8 0.000494838
3083 0.000507745
3083.2 0.000524844
3083.4 0.000547358
3083.6 0.000577065
3083.8 0.00061663
3084 0.000670176
3084.2 0.000744298
3084.4 0.000849949
3084.6 0.00100592
3084.8 0.00124479
3085 0.00161949
3085.2 0.00218665
3085.4 0.00286476
3085.6 0.00317725
3085.8 0.00280771
3086 0.00224593
3086.2 0.00186854
3086.4 0.00170658
3086.6 0.00172071
3086.8 0.00189994
3087 0.00227807
3087.2 0.00294609
3087.4 0.00406459
3087.6 0.00578128
3087.8 0.00769856
3088 0.00819505
3088.2 0.0066329
3088.4 0.00466281
3088.6 0.00323297
3088.8 0.00232442
3089 0.00174966
3089.2 0.00137415
3089.4 0.001119
3089.6 0.000939041
3089.8 0.000807845
3090 0.000709418
3090.2 0.000633729
3090.4 0.000574272
3090.6 0.000526695
3090.8 0.00048801
3091 0.000456111
3091.2 0.000429483
3091.4 0.000407017
3091.6 0.000387883
3091.8 0.000371453
3092 0.000357246
3092.2 0.000344889
3092.4 0.000334087
3092.6 0.000324609
3092.8 0.000316272
3093 0.000308927
3093.2 0.000302458
3093.4 0.000296772
3093.6 0.000291797
3093.8 0.000287477
3094 0.000283773
3094.2 0.000280658
3094.4 0.00027812
3094.6 0.000276162
3094.8 0.000274801
3095 0.000274071
3095.2 0.000274031
3095.4 0.000274762
3095.6 0.000276385
3095.8 0.000279068
3096 0.00028305
3096.2 0.000288671
3096.4 0.000296426
3096.6 0.000307051
3096.8 0.000321671
3097 0.000342063
3097.2 0.00037114
3097.4 0.000413844
3097.6 0.000478747
3097.8 0.00058039
3098 0.000738907
3098.2 0.000956031
3098.4 0.00113021
3098.6 0.00108925
3098.8 0.000905801
3099 0.000751791
3099.2 0.000670675
3099.4 0.00065146
3099.6 0.000685317
3099.8 0.000776512
3100 0.00094565
