p bromobenzene benzaldehyde
5 23.4083 41.2581
6 26.5863 44.5864
7.2 29.8332 47.9859
8.64 33.1512 51.4589
10.368 36.5426 55.0079
12.4416 40.01 58.6354
14.9299 43.5559 62.3439
17.9159 47.1831 66.1363
21.4991 50.8943 70.0154
25.7989 54.6924 73.9842
30.9587 58.5807 78.0459
37.1504 62.5623 82.2038
44.5805 66.6407 86.4613
53.4966 70.8194 90.822
64.1959 75.1021 95.2899
77.0351 79.4928 99.8687
92.4421 83.9956 104.563
110.931 88.615 109.377
133.117 93.3553 114.315
159.74 98.2216 119.382
191.688 103.219 124.583
230.026 108.352 129.925
276.031 113.628 135.411
331.237 119.051 141.049
397.484 124.629 146.845
476.981 130.368 152.805
572.377 136.274 158.937
686.853 142.357 165.248
824.223 148.622 171.746
989.068 155.08 178.44
1013.25 155.95 179.342
