x sub add
0 0 0
0.02 0.00986636 0.00986636
0.04 0.0394265 0.0394265
0.06 0.0885637 0.0885637
0.08 0.157084 0.157084
0.1 0.244717 0.244717
0.12 0.351118 0.351118
0.14 0.475865 0.475865
0.16 0.618467 0.618467
0.18 0.77836 0.77836
0.2 0.954915 0.954915
0.22 1.14743 1.14743
0.24 1.35516 1.35516
0.26 1.57726 1.57726
0.28 1.81288 1.81288
0.3 2.06107 2.06107
0.32 2.32087 2.32087
0.34 2.59123 2.59123
0.36 2.8711 2.8711
0.38 3.15938 3.15938
0.4 3.45492 3.45492
0.42 3.75655 3.75655
0.44 4.06309 4.06309
0.46 4.37333 4.37333
0.48 4.68605 4.68605
0.5 5 5
0.52 5.31395 5.31395
0.54 5.62667 5.62667
0.56 5.93691 5.93691
0.58 6.24345 6.24345
0.6 6.54508 6.54508
0.62 6.84062 6.84062
0.64 7.1289 7.1289
0.66 7.40877 7.40877
0.68 7.67913 7.67913
0.7 7.93893 7.93893
0.72 8.18712 8.18712
0.74 8.42274 8.42274
0.76 8.64484 8.64484
0.78 8.85257 8.85257
0.8 9.04508 9.04508
0.82 9.22164 9.22164
0.84 9.38153 9.38153
0.86 9.52414 9.52414
0.88 9.64888 9.64888
0.9 9.75528 9.75528
0.92 9.84292 9.84292
0.94 9.91144 9.91144
0.96 9.96057 9.96057
0.98 9.99013 9.99013
1 10 10
1.02 9.99605 9.99605
1.04 9.98423 9.98423
1.06 9.96457 9.96457
1.08 9.93717 9.93717
1.1 9.90211 9.90211
1.12 9.85955 9.85955
1.14 9.80965 9.80965
1.16 9.75261 9.75261
1.18 9.68866 9.68866
1.2 9.61803 9.61803
1.22 9.54103 9.54103
1.24 9.45794 9.45794
1.26 9.36909 9.36909
1.28 9.27485 9.27485
1.3 9.17557 9.17557
1.32 9.07165 9.07165
1.34 8.96351 8.96351
1.36 8.85156 8.85156
1.38 8.73625 8.73625
1.4 8.61803 8.61803
1.42 8.49738 8.49738
1.44 8.37476 8.37476
1.46 8.25067 8.25067
1.48 8.12558 8.12558
1.5 8 8
1.52 7.87442 7.87442
1.54 7.74933 7.74933
1.56 7.62524 7.62524
1.58 7.50262 7.50262
1.6 7.38197 7.38197
1.62 7.26375 7.26375
1.64 7.14844 7.14844
1.66 7.03649 7.03649
1.68 6.92835 6.92835
1.7 6.82443 6.82443
1.72 6.72515 6.72515
1.74 6.63091 6.63091
1.76 6.54206 6.54206
1.78 6.45897 6.45897
1.8 6.38197 6.38197
1.82 6.31134 6.31134
1.84 6.24739 6.24739
1.86 6.19035 6.19035
1.88 6.14045 6.14045
1.9 6.09789 6.09789
1.92 6.06283 6.06283
1.94 6.03543 6.03543
1.96 6.01577 6.01577
1.98 6.00395 6.00395
2 6 6
2.02 6.00148 6.00345
2.04 6.00591 6.0138
2.06 6.01328 6.031
2.08 6.02356 6.05498
2.1 6.03671 6.08565
2.12 6.05267 6.12289
2.14 6.07138 6.16655
2.16 6.09277 6.21646
2.18 6.11675 6.27243
2.2 6.14324 6.33422
2.22 6.17212 6.4016
2.24 6.20327 6.4743
2.26 6.23659 6.55204
2.28 6.27193 6.63451
2.3 6.30916 6.72138
2.32 6.34813 6.8123
2.34 6.38868 6.90693
2.36 6.43067 7.00489
2.38 6.47391 7.10578
2.4 6.51824 7.20922
2.42 6.56348 7.31479
2.44 6.60946 7.42208
2.46 6.656 7.53067
2.48 6.70291 7.64012
2.5 6.75 7.75
2.52 6.79709 7.85988
2.54 6.844 7.96933
2.56 6.89054 8.07792
2.58 6.93652 8.18521
2.6 6.98176 8.29078
2.62 7.02609 8.39422
2.64 7.06933 8.49511
2.66 7.11132 8.59307
2.68 7.15187 8.6877
2.7 7.19084 8.77862
2.72 7.22807 8.86549
2.74 7.26341 8.94796
2.76 7.29673 9.0257
2.78 7.32788 9.0984
2.8 7.35676 9.16578
2.82 7.38325 9.22757
2.84 7.40723 9.28354
2.86 7.42862 9.33345
2.88 7.44733 9.37711
2.9 7.46329 9.41435
2.92 7.47644 9.44502
2.94 7.48672 9.469
2.96 7.49409 9.4862
2.98 7.49852 9.49655
3 7.5 9.5
3.02 7.48865 9.4926
3.04 7.45466 9.47043
3.06 7.39815 9.43358
3.08 7.31935 9.38219
3.1 7.21857 9.31646
3.12 7.09621 9.23666
3.14 6.95276 9.1431
3.16 6.78876 9.03615
3.18 6.60489 8.91623
3.2 6.40185 8.78381
3.22 6.18045 8.63942
3.24 5.94157 8.48363
3.26 5.68615 8.31705
3.28 5.41519 8.14034
3.3 5.12977 7.95419
3.32 4.831 7.75935
3.34 4.52008 7.55658
3.36 4.19823 7.34667
3.38 3.86672 7.13047
3.4 3.52685 6.90881
3.42 3.17997 6.68259
3.44 2.82744 6.45268
3.46 2.47067 6.22
3.48 2.11105 5.98546
3.5 1.75 5.75
3.52 1.38895 5.51454
3.54 1.02933 5.28
3.56 0.672557 5.04732
3.58 0.320033 4.81741
3.6 -0.0268477 4.59119
3.62 -0.366716 4.36953
3.64 -0.698231 4.15333
3.66 -1.02008 3.94342
3.68 -1.331 3.74065
3.7 -1.62977 3.54581
3.72 -1.91519 3.35966
3.74 -2.18615 3.18295
3.76 -2.44157 3.01637
3.78 -2.68045 2.86058
3.8 -2.90185 2.71619
3.82 -3.10489 2.58377
3.84 -3.28876 2.46385
3.86 -3.45276 2.3569
3.88 -3.59621 2.26334
3.9 -3.71857 2.18354
3.92 -3.81935 2.11781
3.94 -3.89815 2.06642
3.96 -3.95466 2.02957
3.98 -3.98865 2.0074
4 -4 2
