E i
-1.6 1.46874e-31
-1.59 1.79392e-31
-1.58 2.1911e-31
-1.57 2.67622e-31
-1.56 3.26874e-31
-1.55 3.99245e-31
-1.54 4.87639e-31
-1.53 5.95604e-31
-1.52 7.27472e-31
-1.51 8.88537e-31
-1.5 1.08526e-30
-1.49 1.32554e-30
-1.48 1.61902e-30
-1.47 1.97747e-30
-1.46 2.41529e-30
-1.45 2.95005e-30
-1.44 3.60319e-30
-1.43 4.40095e-30
-1.42 5.37533e-30
-1.41 6.56545e-30
-1.4 8.01905e-30
-1.39 9.7945e-30
-1.38 1.1963e-29
-1.37 1.46117e-29
-1.36 1.78467e-29
-1.35 2.17981e-29
-1.34 2.66242e-29
-1.33 3.25189e-29
-1.32 3.97186e-29
-1.31 4.85125e-29
-1.3 5.92532e-29
-1.29 7.23721e-29
-1.28 8.83955e-29
-1.27 1.07966e-28
-1.26 1.31871e-28
-1.25 1.61067e-28
-1.24 1.96728e-28
-1.23 2.40284e-28
-1.22 2.93483e-28
-1.21 3.58461e-28
-1.2 4.37826e-28
-1.19 5.34761e-28
-1.18 6.53159e-28
-1.17 7.9777e-28
-1.16 9.74399e-28
-1.15 1.19013e-27
-1.14 1.45363e-27
-1.13 1.77547e-27
-1.12 2.16856e-27
-1.11 2.64869e-27
-1.1 3.23512e-27
-1.09 3.95138e-27
-1.08 4.82623e-27
-1.07 5.89477e-27
-1.06 7.19989e-27
-1.05 8.79396e-27
-1.04 1.0741e-26
-1.03 1.3119e-26
-1.02 1.60236e-26
-1.01 1.95713e-26
-1 2.39045e-26
-0.99 2.9197e-26
-0.98 3.56613e-26
-0.97 4.35568e-26
-0.96 5.32004e-26
-0.95 6.49791e-26
-0.94 7.93656e-26
-0.93 9.69374e-26
-0.92 1.184e-25
-0.91 1.44614e-25
-0.9 1.76631e-25
-0.89 2.15738e-25
-0.88 2.63503e-25
-0.87 3.21843e-25
-0.86 3.931e-25
-0.85 4.80134e-25
-0.84 5.86437e-25
-0.83 7.16276e-25
-0.82 8.74861e-25
-0.81 1.06856e-24
-0.8 1.30514e-24
-0.79 1.5941e-24
-0.78 1.94704e-24
-0.77 2.37812e-24
-0.76 2.90464e-24
-0.75 3.54774e-24
-0.74 4.33322e-24
-0.73 5.2926e-24
-0.72 6.4644e-24
-0.71 7.89563e-24
-0.7 9.64375e-24
-0.69 1.17789e-23
-0.68 1.43868e-23
-0.67 1.75721e-23
-0.66 2.14626e-23
-0.65 2.62144e-23
-0.64 3.20184e-23
-0.63 3.91073e-23
-0.62 4.77658e-23
-0.61 5.83413e-23
-0.6 7.12582e-23
-0.59 8.7035e-23
-0.58 1.06305e-22
-0.57 1.29841e-22
-0.56 1.58588e-22
-0.55 1.937e-22
-0.54 2.36586e-22
-0.53 2.88966e-22
-0.52 3.52944e-22
-0.51 4.31087e-22
-0.5 5.26531e-22
-0.49 6.43106e-22
-0.48 7.85492e-22
-0.47 9.59402e-22
-0.46 1.17182e-21
-0.45 1.43126e-21
-0.44 1.74814e-21
-0.43 2.13519e-21
-0.42 2.60792e-21
-0.41 3.18533e-21
-0.4 3.89057e-21
-0.39 4.75195e-21
-0.38 5.80404e-21
-0.37 7.08907e-21
-0.36 8.65861e-21
-0.35 1.05757e-20
-0.34 1.29171e-20
-0.33 1.5777e-20
-0.32 1.92701e-20
-0.31 2.35366e-20
-0.3 2.87476e-20
-0.29 3.51124e-20
-0.28 4.28864e-20
-0.27 5.23816e-20
-0.26 6.3979e-20
-0.25 7.81441e-20
-0.24 9.54454e-20
-0.23 1.16577e-19
-0.22 1.42388e-19
-0.21 1.73913e-19
-0.2 2.12418e-19
-0.19 2.59448e-19
-0.18 3.1689e-19
-0.17 3.8705e-19
-0.16 4.72744e-19
-0.15 5.77411e-19
-0.14 7.05252e-19
-0.13 8.61396e-19
-0.12 1.05211e-18
-0.11 1.28505e-18
-0.1 1.56957e-18
-0.09 1.91707e-18
-0.08 2.34152e-18
-0.07 2.85994e-18
-0.06 3.49313e-18
-0.05 4.26652e-18
-0.04 5.21114e-18
-0.03 6.36491e-18
-0.02 7.77411e-18
-0.01 9.49532e-18
0 1.15976e-17
0.01 1.41654e-17
0.02 1.73016e-17
0.03 2.11322e-17
0.04 2.5811e-17
0.05 3.15256e-17
0.06 3.85054e-17
0.07 4.70306e-17
0.08 5.74434e-17
0.09 7.01615e-17
0.1 8.56954e-17
0.11 1.04669e-16
0.12 1.27843e-16
0.13 1.56147e-16
0.14 1.90719e-16
0.15 2.32944e-16
0.16 2.84519e-16
0.17 3.47512e-16
0.18 4.24452e-16
0.19 5.18427e-16
0.2 6.33208e-16
0.21 7.73402e-16
0.22 9.44636e-16
0.23 1.15378e-15
0.24 1.40923e-15
0.25 1.72124e-15
0.26 2.10233e-15
0.27 2.56779e-15
0.28 3.1363e-15
0.29 3.83069e-15
0.3 4.67881e-15
0.31 5.71471e-15
0.32 6.97997e-15
0.33 8.52535e-15
0.34 1.04129e-14
0.35 1.27183e-14
0.36 1.55342e-14
0.37 1.89735e-14
0.38 2.31743e-14
0.39 2.83052e-14
0.4 3.4572e-14
0.41 4.22263e-14
0.42 5.15754e-14
0.43 6.29943e-14
0.44 7.69414e-14
0.45 9.39764e-14
0.46 1.14783e-13
0.47 1.40196e-13
0.48 1.71236e-13
0.49 2.09148e-13
0.5 2.55454e-13
0.51 3.12013e-13
0.52 3.81093e-13
0.53 4.65468e-13
0.54 5.68524e-13
0.55 6.94397e-13
0.56 8.48139e-13
0.57 1.03592e-12
0.58 1.26527e-12
0.59 1.54541e-12
0.6 1.88757e-12
0.61 2.30548e-12
0.62 2.81592e-12
0.63 3.43937e-12
0.64 4.20086e-12
0.65 5.13094e-12
0.66 6.26694e-12
0.67 7.65446e-12
0.68 9.34918e-12
0.69 1.14191e-11
0.7 1.39473e-11
0.71 1.70353e-11
0.72 2.0807e-11
0.73 2.54137e-11
0.74 3.10404e-11
0.75 3.79128e-11
0.76 4.63068e-11
0.77 5.65593e-11
0.78 6.90816e-11
0.79 8.43765e-11
0.8 1.03058e-10
0.81 1.25875e-10
0.82 1.53744e-10
0.83 1.87783e-10
0.84 2.29359e-10
0.85 2.8014e-10
0.86 3.42164e-10
0.87 4.1792e-10
0.88 5.10448e-10
0.89 6.23463e-10
0.9 7.61499e-10
0.91 9.30097e-10
0.92 1.13602e-09
0.93 1.38754e-09
0.94 1.69475e-09
0.95 2.06997e-09
0.96 2.52827e-09
0.97 3.08803e-09
0.98 3.77173e-09
0.99 4.6068e-09
1 5.62676e-09
1.01 6.87254e-09
1.02 8.39414e-09
1.03 1.02526e-08
1.04 1.25226e-08
1.05 1.52951e-08
1.06 1.86815e-08
1.07 2.28176e-08
1.08 2.78695e-08
1.09 3.40399e-08
1.1 4.15764e-08
1.11 5.07816e-08
1.12 6.20248e-08
1.13 7.57572e-08
1.14 9.25301e-08
1.15 1.13016e-07
1.16 1.38039e-07
1.17 1.68601e-07
1.18 2.05929e-07
1.19 2.51523e-07
1.2 3.07211e-07
1.21 3.75228e-07
1.22 4.58304e-07
1.23 5.59774e-07
1.24 6.8371e-07
1.25 8.35085e-07
1.26 1.01998e-06
1.27 1.2458e-06
1.28 1.52162e-06
1.29 1.85852e-06
1.3 2.27e-06
1.31 2.77258e-06
1.32 3.38644e-06
1.33 4.1362e-06
1.34 5.05197e-06
1.35 6.17049e-06
1.36 7.53665e-06
1.37 9.20529e-06
1.38 1.12434e-05
1.39 1.37327e-05
1.4 1.67731e-05
1.41 2.04867e-05
1.42 2.50226e-05
1.43 3.05626e-05
1.44 3.73293e-05
1.45 4.55941e-05
1.46 5.56888e-05
1.47 6.80184e-05
1.48 8.30779e-05
1.49 0.000101472
1.5 0.000123938
1.51 0.000151378
1.52 0.000184893
1.53 0.000225829
1.54 0.000275828
1.55 0.000336897
1.56 0.000411487
1.57 0.000502592
1.58 0.000613867
1.59 0.000749779
1.6 0.000915782
1.61 0.00111854
1.62 0.00136619
1.63 0.00166866
1.64 0.00203811
1.65 0.00248935
1.66 0.0030405
1.67 0.00371368
1.68 0.0045359
1.69 0.00554016
1.7 0.00676676
1.71 0.00826494
1.72 0.0100948
1.73 0.0123298
1.74 0.0150597
1.75 0.018394
1.76 0.0224664
1.77 0.0274406
1.78 0.033516
1.79 0.0409365
1.8 0.05
1.81 0.0610701
1.82 0.0745912
1.83 0.0911059
1.84 0.111277
1.85 0.135914
1.86 0.166006
1.87 0.20276
1.88 0.247652
1.89 0.302482
1.9 0.369453
1.91 0.451251
1.92 0.551159
1.93 0.673187
1.94 0.822232
1.95 1.00428
1.96 1.22663
1.97 1.49821
1.98 1.82991
1.99 2.23506
2 2.72991
2.01 3.33432
2.02 4.07254
2.03 4.97422
2.04 6.07552
2.05 7.42066
2.06 9.06361
2.07 10
2.08 10
2.09 10
2.1 10
2.11 10
2.12 10
2.13 10
2.14 10
2.15 10
2.16 10
2.17 10
2.18 10
2.19 10
2.2 10
2.21 10
2.22 10
2.23 10
2.24 10
2.25 10
2.26 10
2.27 10
2.28 10
2.29 10
2.3 10
2.31 10
2.32 10
2.33 10
2.34 10
2.35 10
2.36 10
2.37 10
2.38 10
2.39 10
2.4 10
