E i
-0.7 0.000247521
-0.695 0.000292399
-0.69 0.000345411
-0.685 0.00040803
-0.68 0.000481995
-0.675 0.000569362
-0.67 0.000672554
-0.665 0.000794435
-0.66 0.000938383
-0.655 0.00110839
-0.65 0.00130915
-0.645 0.00154622
-0.64 0.00182614
-0.635 0.00215664
-0.63 0.0025468
-0.625 0.00300734
-0.62 0.00355087
-0.615 0.00419224
-0.61 0.0049489
-0.605 0.00584134
-0.6 0.00689364
-0.595 0.00813399
-0.59 0.00959544
-0.585 0.0113165
-0.58 0.0133423
-0.575 0.0157252
-0.57 0.0185258
-0.565 0.0218145
-0.56 0.0256721
-0.555 0.0301916
-0.55 0.0354785
-0.545 0.0416527
-0.54 0.0488486
-0.535 0.0572157
-0.53 0.0669181
-0.525 0.0781338
-0.52 0.0910514
-0.515 0.105867
-0.51 0.122779
-0.505 0.141976
-0.5 0.163634
-0.495 0.187897
-0.49 0.214865
-0.485 0.244579
-0.48 0.277006
-0.475 0.312024
-0.47 0.349414
-0.465 0.388857
-0.46 0.42994
-0.455 0.472165
-0.45 0.514977
-0.445 0.557788
-0.44 0.600008
-0.435 0.641082
-0.43 0.680512
-0.425 0.717885
-0.42 0.75288
-0.415 0.785278
-0.41 0.814955
-0.405 0.841877
-0.4 0.866083
-0.395 0.88767
-0.39 0.90678
-0.385 0.923584
-0.38 0.938268
-0.375 0.951024
-0.37 0.962042
-0.365 0.971501
-0.36 0.979571
-0.355 0.986404
-0.35 0.992134
-0.345 0.996878
-0.34 1.00074
-0.335 1.00378
-0.33 1.00609
-0.325 1.00768
-0.32 1.0086
-0.315 1.00884
-0.31 1.00839
-0.305 1.00721
-0.3 1.00524
-0.295 1.0024
-0.29 0.998582
-0.285 0.993644
-0.28 0.987418
-0.275 0.979705
-0.27 0.970271
-0.265 0.95885
-0.26 0.945149
-0.255 0.928853
-0.25 0.909639
-0.245 0.887193
-0.24 0.861233
-0.235 0.831542
-0.23 0.798003
-0.225 0.760638
-0.22 0.719638
-0.215 0.675389
-0.21 0.628477
-0.205 0.579669
-0.2 0.529873
-0.195 0.480068
-0.19 0.431238
-0.185 0.384288
-0.18 0.339984
-0.175 0.29891
-0.17 0.261452
-0.165 0.227799
-0.16 0.197969
-0.155 0.171842
-0.15 0.149196
-0.145 0.129746
-0.14 0.113169
-0.135 0.0991357
-0.13 0.0873221
-0.125 0.0774243
-0.12 0.0691646
-0.115 0.0622946
-0.11 0.0565963
-0.105 0.0518807
-0.1 0.0479858
-0.095 0.0447737
-0.09 0.0421282
-0.085 0.0399516
-0.08 0.0381624
-0.075 0.0366927
-0.07 0.0354862
-0.065 0.0344962
-0.06 0.0336842
-0.055 0.0330184
-0.05 0.0324726
-0.045 0.0320253
-0.04 0.0316588
-0.035 0.0313585
-0.03 0.0311125
-0.025 0.030911
-0.02 0.030746
-0.015 0.0306109
-0.01 0.0305002
-0.005 0.0304096
0 0.0303353
0.005 0.0302746
0.01 0.0302248
0.015 0.0301841
0.02 0.0301507
0.025 0.0301234
0.03 0.030101
0.035 0.0300827
0.04 0.0300677
0.045 0.0300554
0.05 0.0300454
0.055 0.0300372
0.06 0.0300304
0.065 0.0300249
0.07 0.0300204
0.075 0.0300167
0.08 0.0300137
0.085 0.0300112
0.09 0.0300092
0.095 0.0300075
0.1 0.0300061
0.105 0.030005
0.11 0.0300041
0.115 0.0300034
0.12 0.0300028
0.125 0.0300023
0.13 0.0300019
0.135 0.0300015
0.14 0.0300012
0.145 0.030001
0.15 0.0300008
0.155 0.0300007
0.16 0.0300006
0.165 0.0300005
0.17 0.0300004
0.175 0.0300003
0.18 0.0300003
0.185 0.0300002
0.19 0.0300002
0.195 0.0300001
0.2 0.0300001
0.205 0.0300001
0.21 0.0300001
0.215 0.0300001
0.22 0.0300001
0.225 0.03
0.23 0.03
0.235 0.03
0.24 0.03
0.245 0.03
0.25 0.03
0.255 0.03
0.26 0.03
0.265 0.03
0.27 0.03
0.275 0.03
0.28 0.03
0.285 0.03
0.29 0.03
0.295 0.03
0.3 0.03
0.305 0.03
0.31 0.03
0.315 0.03
0.32 0.03
0.325 0.03
0.33 0.03
0.335 0.03
0.34 0.03
0.345 0.03
0.35 0.03
0.355 0.03
0.36 0.03
0.365 0.03
0.37 0.03
0.375 0.03
0.38 0.03
0.385 0.03
0.39 0.03
0.395 0.03
0.4 0.03
0.405 0.03
0.41 0.03
0.415 0.03
0.42 0.03
0.425 0.03
0.43 0.03
0.435 0.03
0.44 0.03
0.445 0.03
0.45 0.03
0.455 0.03
0.46 0.03
0.465 0.03
0.47 0.03
0.475 0.03
0.48 0.03
0.485 0.03
0.49 0.03
0.495 0.03
0.5 0.03
0.505 0.03
0.51 0.03
0.515 0.03
0.52 0.03
0.525 0.03
0.53 0.03
0.535 0.03
0.54 0.03
0.545 0.03
0.55 0.03
0.555 0.03
0.56 0.0300001
0.565 0.0300001
0.57 0.0300001
0.575 0.0300001
0.58 0.0300001
0.585 0.0300001
0.59 0.0300001
0.595 0.0300001
0.6 0.0300001
0.605 0.0300001
0.61 0.0300002
0.615 0.0300002
0.62 0.0300002
0.625 0.0300002
0.63 0.0300002
0.635 0.0300002
0.64 0.0300003
0.645 0.0300003
0.65 0.0300003
0.655 0.0300004
0.66 0.0300004
0.665 0.0300005
0.67 0.0300005
0.675 0.0300006
0.68 0.0300006
0.685 0.0300007
0.69 0.0300007
0.695 0.0300008
0.7 0.0300009
0.705 0.030001
0.71 0.0300011
0.715 0.0300012
0.72 0.0300014
0.725 0.0300015
0.73 0.0300017
0.735 0.0300018
0.74 0.030002
0.745 0.0300022
0.75 0.0300025
0.755 0.0300027
0.76 0.030003
0.765 0.0300033
0.77 0.0300037
0.775 0.0300041
0.78 0.0300045
0.785 0.030005
0.79 0.0300055
0.795 0.0300061
0.8 0.0300067
0.805 0.0300074
0.81 0.0300082
0.815 0.0300091
0.82 0.03001
0.825 0.0300111
0.83 0.0300122
0.835 0.0300135
0.84 0.0300149
0.845 0.0300165
0.85 0.0300182
0.855 0.0300202
0.86 0.0300223
0.865 0.0300246
0.87 0.0300272
0.875 0.0300301
0.88 0.0300332
0.885 0.0300367
0.89 0.0300406
0.895 0.0300449
0.9 0.0300496
0.905 0.0300548
0.91 0.0300606
0.915 0.0300669
0.92 0.030074
0.925 0.0300817
0.93 0.0300903
0.935 0.0300998
0.94 0.0301103
0.945 0.0301219
0.95 0.0301348
0.955 0.0301489
0.96 0.0301646
0.965 0.0301819
0.97 0.030201
0.975 0.0302222
0.98 0.0302455
0.985 0.0302714
0.99 0.0302999
0.995 0.0303315
1 0.0303663
1.005 0.0304048
1.01 0.0304474
1.015 0.0304945
1.02 0.0305465
1.025 0.0306039
1.03 0.0306675
1.035 0.0307377
1.04 0.0308152
1.045 0.030901
1.05 0.0309957
1.055 0.0311005
1.06 0.0312162
1.065 0.0313441
1.07 0.0314855
1.075 0.0316417
1.08 0.0318144
1.085 0.0320052
1.09 0.0322161
1.095 0.0324491
1.1 0.0327067
1.105 0.0329914
1.11 0.033306
1.115 0.0336537
1.12 0.0340379
1.125 0.0344626
1.13 0.0349319
1.135 0.0354506
1.14 0.0360239
1.145 0.0366574
1.15 0.0373576
1.155 0.0381314
1.16 0.0389866
1.165 0.0399317
1.17 0.0409762
1.175 0.0421306
1.18 0.0434064
1.185 0.0448164
1.19 0.0463746
1.195 0.0480967
1.2 0.05
1.205 0.0521034
1.21 0.0544281
1.215 0.0569972
1.22 0.0598365
1.225 0.0629744
1.23 0.0664424
1.235 0.0702751
1.24 0.0745108
1.245 0.0791921
1.25 0.0843656
1.255 0.0900833
1.26 0.0964023
1.265 0.103386
1.27 0.111104
1.275 0.119634
1.28 0.129061
1.285 0.139479
1.29 0.150993
1.295 0.163718
1.3 0.177781
1.305 0.193323
1.31 0.2105
1.315 0.229484
1.32 0.250464
1.325 0.27365
1.33 0.299275
1.335 0.327595
1.34 0.358893
1.345 0.393483
1.35 0.431711
1.355 0.473959
1.36 0.520651
1.365 0.572253
1.37 0.629282
1.375 0.692309
1.38 0.761965
1.385 0.838946
1.39 0.924024
1.395 1.01805
1.4 1.12196
1.405 1.23681
1.41 1.36373
1.415 1.504
1.42 1.65902
1.425 1.83034
1.43 2.01969
1.435 2.22894
1.44 2.46021
1.445 2.7158
1.45 2.99826
1.455 3.31044
1.46 3.65544
1.465 4.03674
1.47 4.45813
1.475 4.92384
1.48 5.03
1.485 5.03
1.49 5.03
1.495 5.03
1.5 5.03
