r slater g1 g3
0 0.56419 0.267656 0.454986
0.05 0.536674 0.267475 0.453659
0.1 0.5105 0.266932 0.449715
0.15 0.485602 0.266029 0.443269
0.2 0.461919 0.264771 0.4345
0.25 0.439391 0.263162 0.423648
0.3 0.417962 0.261208 0.410999
0.35 0.397578 0.258918 0.396874
0.4 0.378188 0.2563 0.381607
0.45 0.359743 0.253366 0.365537
0.5 0.342198 0.250126 0.348992
0.55 0.325509 0.246593 0.332277
0.6 0.309634 0.242781 0.315661
0.65 0.294533 0.238704 0.299376
0.7 0.280168 0.234378 0.283611
0.75 0.266504 0.229819 0.268506
0.8 0.253507 0.225044 0.254161
0.85 0.241143 0.220069 0.240635
0.9 0.229382 0.214913 0.227951
0.95 0.218195 0.209594 0.216102
1 0.207554 0.204129 0.205058
1.05 0.197431 0.198538 0.194772
1.1 0.187802 0.192838 0.185187
1.15 0.178643 0.187049 0.176238
1.2 0.169931 0.181188 0.16786
1.25 0.161643 0.175273 0.159989
1.3 0.15376 0.169321 0.152567
1.35 0.146261 0.16335 0.145539
1.4 0.139127 0.157376 0.13886
1.45 0.132342 0.151416 0.132491
1.5 0.125888 0.145484 0.126399
1.55 0.119748 0.139595 0.120559
1.6 0.113908 0.133763 0.114951
1.65 0.108353 0.128001 0.109561
1.7 0.103068 0.122322 0.104376
1.75 0.0980414 0.116736 0.0993886
1.8 0.0932599 0.111255 0.0945933
1.85 0.0887116 0.105887 0.0899855
1.9 0.0843851 0.100642 0.0855621
1.95 0.0802695 0.0955276 0.0813204
2 0.0763548 0.09055 0.0772581
2.05 0.0726309 0.0857156 0.0733726
2.1 0.0690886 0.0810295 0.0696613
2.15 0.0657191 0.0764958 0.0661211
2.2 0.062514 0.0721181 0.0627486
2.25 0.0594651 0.0678988 0.0595399
2.3 0.056565 0.0638398 0.0564907
2.35 0.0538063 0.0599422 0.0535964
2.4 0.0511821 0.0562064 0.0508518
2.45 0.0486859 0.052632 0.0482518
2.5 0.0463115 0.0492183 0.0457907
2.55 0.0440529 0.0459636 0.0434627
2.6 0.0419044 0.0428661 0.041262
2.65 0.0398607 0.0399231 0.0391827
2.7 0.0379167 0.0371319 0.0372186
2.75 0.0360674 0.0344891 0.0353641
2.8 0.0343084 0.031991 0.033613
2.85 0.0326352 0.0296337 0.0319598
2.9 0.0310435 0.0274129 0.0303988
2.95 0.0295295 0.0253242 0.0289244
3 0.0280893 0.023363 0.0275316
3.05 0.0267194 0.0215245 0.0262152
3.1 0.0254163 0.0198038 0.0249704
3.15 0.0241767 0.018196 0.0237927
3.2 0.0229976 0.0166961 0.0226777
3.25 0.021876 0.0152991 0.0216213
3.3 0.0208091 0.014 0.0206196
3.35 0.0197942 0.0127939 0.0196691
3.4 0.0188289 0.0116758 0.0187664
3.45 0.0179106 0.0106411 0.0179084
3.5 0.017037 0.00968487 0.0170921
3.55 0.0162061 0.00880267 0.0163148
3.6 0.0154158 0.00799 0.0155741
3.65 0.0146639 0.00724253 0.0148676
3.7 0.0139488 0.00655611 0.0141933
3.75 0.0132685 0.0059267 0.0135493
3.8 0.0126214 0.00535047 0.0129336
3.85 0.0120058 0.00482372 0.0123448
3.9 0.0114203 0.00434295 0.0117813
3.95 0.0108633 0.00390479 0.0112418
4 0.0103335 0.00350609 0.0107249
4.05 0.00982952 0.00314384 0.0102296
4.1 0.00935013 0.0028152 0.00975478
4.15 0.00889412 0.0025175 0.00929951
4.2 0.00846035 0.00224823 0.0088629
4.25 0.00804773 0.00200505 0.00844413
4.3 0.00765524 0.00178575 0.00804243
4.35 0.00728189 0.00158828 0.00765712
4.4 0.00692675 0.00141073 0.00728754
4.45 0.00658893 0.00125134 0.00693308
4.5 0.00626758 0.00110845 0.00659319
4.55 0.00596191 0.000980552 0.00626731
4.6 0.00567114 0.000866235 0.00595496
4.65 0.00539456 0.000764209 0.00565566
4.7 0.00513146 0.000673287 0.00536894
4.75 0.0048812 0.00059238 0.00509438
4.8 0.00464314 0.00052049 0.00483156
4.85 0.00441669 0.000456704 0.00458009
4.9 0.00420128 0.000400194 0.00433957
4.95 0.00399639 0.0003502 0.00410963
5 0.00380148 0.000306038 0.00388992
