E i
-1.1 0.000470355
-1.095 0.000532982
-1.09 0.000603948
-1.085 0.000684362
-1.08 0.000775484
-1.075 0.000878739
-1.07 0.000995741
-1.065 0.00112832
-1.06 0.00127856
-1.055 0.0014488
-1.05 0.0016417
-1.045 0.00186029
-1.04 0.00210798
-1.035 0.00238866
-1.03 0.00270671
-1.025 0.0030671
-1.02 0.00347548
-1.015 0.00393823
-1.01 0.0044626
-1.005 0.00505679
-1 0.0057301
-0.995 0.00649305
-0.99 0.00735759
-0.985 0.00833724
-0.98 0.00944733
-0.975 0.0107052
-0.97 0.0121306
-0.965 0.0137458
-0.96 0.015576
-0.955 0.0176499
-0.95 0.02
-0.945 0.022663
-0.94 0.0256805
-0.935 0.0290998
-0.93 0.0329744
-0.925 0.0373649
-0.92 0.04234
-0.915 0.0479775
-0.91 0.0543656
-0.905 0.0616043
-0.9 0.0698069
-0.895 0.0791015
-0.89 0.0896338
-0.885 0.101568
-0.88 0.115092
-0.875 0.130416
-0.87 0.147781
-0.865 0.167458
-0.86 0.189755
-0.855 0.21502
-0.85 0.24365
-0.845 0.276091
-0.84 0.312853
-0.835 0.354508
-0.83 0.401711
-0.825 0.455198
-0.82 0.515807
-0.815 0.584486
-0.81 0.662309
-0.805 0.750494
-0.8 0.850422
-0.795 0.963654
-0.79 1.09196
-0.785 1.23736
-0.78 1.40211
-0.775 1.5888
-0.77 1.80034
-0.765 2.04006
-0.76 2.31169
-0.755 2.61948
-0.75 2.96826
-0.745 3.36348
-0.74 3.81133
-0.735 4.3188
-0.73 4.89384
-0.725 5.54545
-0.72 6.28381
-0.715 7.12049
-0.71 8.06858
-0.705 9.14289
-0.7 10
-0.695 10
-0.69 10
-0.685 10
-0.68 10
-0.675 10
-0.67 10
-0.665 10
-0.66 10
-0.655 10
-0.65 10
-0.645 10
-0.64 10
-0.635 10
-0.63 10
-0.625 10
-0.62 10
-0.615 10
-0.61 10
-0.605 10
-0.6 10
-0.595 10
-0.59 10
-0.585 10
-0.58 10
-0.575 10
-0.57 10
-0.565 10
-0.56 10
-0.555 10
-0.55 10
-0.545 10
-0.54 10
-0.535 10
-0.53 10
-0.525 10
-0.52 10
-0.515 10
-0.51 10
-0.505 10
-0.5 10
-0.495 10
-0.49 10
-0.485 10
-0.48 10
-0.475 10
-0.47 10
-0.465 10
-0.46 10
-0.455 10
-0.45 10
-0.445 10
-0.44 10
-0.435 10
-0.43 10
-0.425 10
-0.42 10
-0.415 10
-0.41 10
-0.405 10
-0.4 10
-0.395 10
-0.39 10
-0.385 10
-0.38 10
-0.375 10
-0.37 10
-0.365 10
-0.36 10
-0.355 10
-0.35 10
-0.345 10
-0.34 10
-0.335 10
-0.33 10
-0.325 10
-0.32 10
-0.315 10
-0.31 10
-0.305 10
-0.3 10
-0.295 10
-0.29 10
-0.285 10
-0.28 10
-0.275 10
-0.27 10
-0.265 10
-0.26 10
-0.255 10
-0.25 10
-0.245 10
-0.24 10
-0.235 10
-0.23 10
-0.225 10
-0.22 10
-0.215 10
-0.21 10
-0.205 10
-0.2 10
-0.195 10
-0.19 10
-0.185 10
-0.18 10
-0.175 10
-0.17 10
-0.165 10
-0.16 10
-0.155 10
-0.15 10
-0.145 10
-0.14 10
-0.135 10
-0.13 10
-0.125 10
-0.12 10
-0.115 10
-0.11 10
-0.105 10
-0.1 10
-0.095 10
-0.09 10
-0.085 10
-0.08 10
-0.075 10
-0.07 10
-0.065 10
-0.06 10
-0.055 10
-0.05 10
-0.045 10
-0.04 10
-0.035 10
-0.03 10
-0.025 10
-0.02 10
-0.015 10
-0.01 10
-0.005 10
0 10
0.005 10
0.01 10
0.015 10
0.02 10
0.025 10
0.03 10
0.035 10
0.04 10
0.045 10
0.05 10
0.055 10
0.06 10
0.065 10
0.07 10
0.075 10
0.08 10
0.085 10
0.09 10
0.095 10
0.1 10
0.105 10
0.11 10
0.115 10
0.12 10
0.125 10
0.13 10
0.135 10
0.14 10
0.145 10
0.15 10
0.155 10
0.16 10
0.165 10
0.17 10
0.175 10
0.18 10
0.185 10
0.19 10
0.195 10
0.2 10
0.205 10
0.21 10
0.215 10
0.22 10
0.225 10
0.23 10
0.235 10
0.24 10
0.245 10
0.25 10
0.255 10
0.26 10
0.265 10
0.27 10
0.275 10
0.28 10
0.285 10
0.29 10
0.295 10
0.3 10
0.305 10
0.31 10
0.315 10
0.32 10
0.325 10
0.33 10
0.335 10
0.34 10
0.345 10
0.35 10
0.355 10
0.36 10
0.365 10
0.37 10
0.375 10
0.38 10
0.385 10
0.39 10
0.395 10
0.4 10
0.405 10
0.41 10
0.415 10
0.42 10
0.425 10
0.43 10
0.435 10
0.44 10
0.445 10
0.45 10
0.455 10
0.46 10
0.465 10
0.47 10
0.475 10
0.48 10
0.485 10
0.49 10
0.495 10
0.5 10
