y ground excited
-4 8 25.4282
-3.95 7.80125 25.1429
-3.9 7.605 24.86
-3.85 7.41125 24.5796
-3.8 7.22 24.3018
-3.75 7.03125 24.0264
-3.7 6.845 23.7536
-3.65 6.66125 23.4832
-3.6 6.48 23.2154
-3.55 6.30125 22.95
-3.5 6.125 22.6872
-3.45 5.95125 22.4268
-3.4 5.78 22.169
-3.35 5.61125 21.9136
-3.3 5.445 21.6608
-3.25 5.28125 21.4104
-3.2 5.12 21.1626
-3.15 4.96125 20.9172
-3.1 4.805 20.6744
-3.05 4.65125 20.434
-3 4.5 20.1962
-2.95 4.35125 19.9608
-2.9 4.205 19.7279
-2.85 4.06125 19.4976
-2.8 3.92 19.2697
-2.75 3.78125 19.0444
-2.7 3.645 18.8215
-2.65 3.51125 18.6012
-2.6 3.38 18.3833
-2.55 3.25125 18.168
-2.5 3.125 17.9551
-2.45 3.00125 17.7448
-2.4 2.88 17.5369
-2.35 2.76125 17.3316
-2.3 2.645 17.1287
-2.25 2.53125 16.9284
-2.2 2.42 16.7305
-2.15 2.31125 16.5352
-2.1 2.205 16.3423
-2.05 2.10125 16.152
-2 2 15.9641
-1.95 1.90125 15.7787
-1.9 1.805 15.5959
-1.85 1.71125 15.4155
-1.8 1.62 15.2377
-1.75 1.53125 15.0623
-1.7 1.445 14.8895
-1.65 1.36125 14.7191
-1.6 1.28 14.5513
-1.55 1.20125 14.3859
-1.5 1.125 14.2231
-1.45 1.05125 14.0627
-1.4 0.98 13.9049
-1.35 0.91125 13.7495
-1.3 0.845 13.5967
-1.25 0.78125 13.4463
-1.2 0.72 13.2985
-1.15 0.66125 13.1531
-1.1 0.605 13.0103
-1.05 0.55125 12.8699
-1 0.5 12.7321
-0.95 0.45125 12.5967
-0.9 0.405 12.4638
-0.85 0.36125 12.3335
-0.8 0.32 12.2056
-0.75 0.28125 12.0803
-0.7 0.245 11.9574
-0.65 0.21125 11.8371
-0.6 0.18 11.7192
-0.55 0.15125 11.6039
-0.5 0.125 11.491
-0.45 0.10125 11.3807
-0.4 0.08 11.2728
-0.35 0.06125 11.1675
-0.3 0.045 11.0646
-0.25 0.03125 10.9643
-0.2 0.02 10.8664
-0.15 0.01125 10.7711
-0.1 0.005 10.6782
-0.05 0.00125 10.5879
0 0 10.5
0.05 0.00125 10.4146
0.1 0.005 10.3318
0.15 0.01125 10.2514
0.2 0.02 10.1736
0.25 0.03125 10.0982
0.3 0.045 10.0254
0.35 0.06125 9.95503
0.4 0.08 9.88718
0.45 0.10125 9.82183
0.5 0.125 9.75897
0.55 0.15125 9.69862
0.6 0.18 9.64077
0.65 0.21125 9.58542
0.7 0.245 9.53256
0.75 0.28125 9.48221
0.8 0.32 9.43436
0.85 0.36125 9.38901
0.9 0.405 9.34615
0.95 0.45125 9.3058
1 0.5 9.26795
1.05 0.55125 9.2326
1.1 0.605 9.19974
1.15 0.66125 9.16939
1.2 0.72 9.14154
1.25 0.78125 9.11619
1.3 0.845 9.09333
1.35 0.91125 9.07298
1.4 0.98 9.05513
1.45 1.05125 9.03978
1.5 1.125 9.02692
1.55 1.20125 9.01657
1.6 1.28 9.00872
1.65 1.36125 9.00337
1.7 1.445 9.00051
1.75 1.53125 9.00016
1.8 1.62 9.00231
1.85 1.71125 9.00696
1.9 1.805 9.0141
1.95 1.90125 9.02375
2 2 9.0359
2.05 2.10125 9.05055
2.1 2.205 9.06769
2.15 2.31125 9.08734
2.2 2.42 9.10949
2.25 2.53125 9.13414
2.3 2.645 9.16128
2.35 2.76125 9.19093
2.4 2.88 9.22308
2.45 3.00125 9.25773
2.5 3.125 9.29487
2.55 3.25125 9.33452
2.6 3.38 9.37667
2.65 3.51125 9.42132
2.7 3.645 9.46846
2.75 3.78125 9.51811
2.8 3.92 9.57026
2.85 4.06125 9.62491
2.9 4.205 9.68205
2.95 4.35125 9.7417
3 4.5 9.80385
3.05 4.65125 9.8685
3.1 4.805 9.93564
3.15 4.96125 10.0053
3.2 5.12 10.0774
3.25 5.28125 10.1521
3.3 5.445 10.2292
3.35 5.61125 10.3089
3.4 5.78 10.391
3.45 5.95125 10.4757
3.5 6.125 10.5628
3.55 6.30125 10.6525
3.6 6.48 10.7446
3.65 6.66125 10.8393
3.7 6.845 10.9364
3.75 7.03125 11.0361
3.8 7.22 11.1382
3.85 7.41125 11.2429
3.9 7.605 11.35
3.95 7.80125 11.4596
4 8 11.5718
4.05 8.20125 11.6864
4.1 8.405 11.8036
4.15 8.61125 11.9232
4.2 8.82 12.0454
4.25 9.03125 12.17
4.3 9.245 12.2972
4.35 9.46125 12.4268
4.4 9.68 12.559
4.45 9.90125 12.6936
4.5 10.125 12.8308
4.55 10.3513 12.9704
4.6 10.58 13.1126
4.65 10.8113 13.2572
4.7 11.045 13.4044
4.75 11.2812 13.554
4.8 11.52 13.7062
4.85 11.7612 13.8608
4.9 12.005 14.018
4.95 12.2513 14.1776
5 12.5 14.3397
5.05 12.7513 14.5044
5.1 13.005 14.6715
5.15 13.2613 14.8412
5.2 13.52 15.0133
5.25 13.7812 15.188
5.3 14.045 15.3651
5.35 14.3112 15.5448
5.4 14.58 15.7269
5.45 14.8513 15.9116
5.5 15.125 16.0987
5.55 15.4013 16.2884
5.6 15.68 16.4805
5.65 15.9613 16.6752
5.7 16.245 16.8723
5.75 16.5312 17.072
5.8 16.82 17.2741
5.85 17.1113 17.4788
5.9 17.405 17.6859
5.95 17.7013 17.8955
6 18 18.1077
