pA pB05 pB1 pB3 ER
0 0 0 0 0
0.05 0.0104058 0.0118977 0.00914495 0.0119048
0.1 0.0195312 0.0226757 0.0178465 0.0227273
0.15 0.0275482 0.03245 0.0261286 0.0326087
0.2 0.0346021 0.0413223 0.0340136 0.0416667
0.25 0.0408163 0.0493827 0.0415225 0.05
0.3 0.0462963 0.0567108 0.048675 0.0576923
0.35 0.0511322 0.0633771 0.0554895 0.0648148
0.4 0.0554017 0.0694444 0.0619835 0.0714286
0.45 0.0591716 0.0749688 0.0681732 0.0775862
0.5 0.0625 0.08 0.0740741 0.0833333
0.55 0.0654372 0.0845829 0.0797005 0.0887097
0.6 0.0680272 0.0887574 0.0850662 0.09375
0.65 0.0703083 0.0925596 0.0901838 0.0984848
0.7 0.072314 0.0960219 0.0950656 0.102941
0.75 0.0740741 0.0991736 0.099723 0.107143
0.8 0.0756144 0.102041 0.104167 0.111111
0.85 0.0769579 0.104648 0.108407 0.114865
0.9 0.078125 0.107015 0.112453 0.118421
0.95 0.0791337 0.109164 0.116315 0.121795
1 0.08 0.111111 0.12 0.125
1.05 0.0807382 0.112873 0.123517 0.128049
1.1 0.0813609 0.114464 0.126874 0.130952
1.15 0.0818797 0.115898 0.130078 0.133721
1.2 0.0823045 0.117188 0.133136 0.136364
1.25 0.0826446 0.118343 0.136054 0.138889
1.3 0.0829082 0.119376 0.138839 0.141304
1.35 0.0831025 0.120294 0.141497 0.143617
1.4 0.0832342 0.121107 0.144033 0.145833
1.45 0.0833094 0.121823 0.146452 0.147959
1.5 0.0833333 0.122449 0.14876 0.15
1.55 0.0833109 0.122991 0.150962 0.151961
1.6 0.0832466 0.123457 0.153061 0.153846
1.65 0.0831444 0.123851 0.155063 0.15566
1.7 0.0830078 0.124178 0.156971 0.157407
1.75 0.0828402 0.124444 0.15879 0.159091
1.8 0.0826446 0.124654 0.160523 0.160714
1.85 0.0824237 0.12481 0.162174 0.162281
1.9 0.0821799 0.124918 0.163746 0.163793
1.95 0.0819156 0.12498 0.165243 0.165254
2 0.0816327 0.125 0.166667 0.166667
2.05 0.0813331 0.124981 0.168021 0.168033
2.1 0.0810185 0.124926 0.169309 0.169355
2.15 0.0806906 0.124837 0.170533 0.170635
2.2 0.0803506 0.124717 0.171696 0.171875
2.25 0.08 0.124567 0.1728 0.173077
2.3 0.0796399 0.124392 0.173847 0.174242
2.35 0.0792714 0.124191 0.17484 0.175373
2.4 0.0788955 0.123967 0.175781 0.176471
2.45 0.0785131 0.123722 0.176672 0.177536
2.5 0.078125 0.123457 0.177515 0.178571
2.55 0.0777321 0.123174 0.178311 0.179577
2.6 0.0773349 0.122873 0.179063 0.180556
2.65 0.0769342 0.122558 0.179773 0.181507
2.7 0.0765306 0.122227 0.180441 0.182432
2.75 0.0761246 0.121884 0.18107 0.183333
2.8 0.0757166 0.121528 0.181661 0.184211
2.85 0.0753072 0.121161 0.182215 0.185065
2.9 0.0748967 0.120783 0.182735 0.185897
2.95 0.0744855 0.120396 0.18322 0.186709
3 0.0740741 0.12 0.183673 0.1875
3.05 0.0736626 0.119596 0.184095 0.188272
3.1 0.0732514 0.119185 0.184487 0.189024
3.15 0.0728408 0.118767 0.18485 0.189759
3.2 0.072431 0.118343 0.185185 0.190476
3.25 0.0720222 0.117914 0.185493 0.191176
3.3 0.0716146 0.11748 0.185776 0.19186
3.35 0.0712084 0.117041 0.186034 0.192529
3.4 0.0708038 0.116598 0.186267 0.193182
3.45 0.070401 0.116152 0.186478 0.19382
3.5 0.07 0.115702 0.186667 0.194444
3.55 0.069601 0.11525 0.186834 0.195055
3.6 0.0692042 0.114796 0.186981 0.195652
3.65 0.0688095 0.114339 0.187108 0.196237
3.7 0.0684172 0.113881 0.187215 0.196809
3.75 0.0680272 0.113422 0.187305 0.197368
3.8 0.0676397 0.112961 0.187377 0.197917
3.85 0.0672548 0.112499 0.187432 0.198454
3.9 0.0668724 0.112037 0.18747 0.19898
3.95 0.0664927 0.111574 0.187493 0.199495
4 0.0661157 0.111111 0.1875 0.2
4.05 0.0657414 0.110648 0.187493 0.200495
4.1 0.0653699 0.110185 0.187471 0.20098
4.15 0.0650012 0.109723 0.187436 0.201456
4.2 0.0646353 0.109261 0.187388 0.201923
4.25 0.0642722 0.1088 0.187328 0.202381
4.3 0.063912 0.10834 0.187255 0.20283
4.35 0.0635547 0.10788 0.187171 0.203271
4.4 0.0632002 0.107422 0.187075 0.203704
4.45 0.0628487 0.106965 0.186968 0.204128
4.5 0.0625 0.106509 0.186851 0.204545
4.55 0.0621542 0.106054 0.186724 0.204955
4.6 0.0618113 0.105601 0.186587 0.205357
4.65 0.0614713 0.10515 0.186441 0.205752
4.7 0.0611342 0.1047 0.186286 0.20614
4.75 0.0608 0.104252 0.186122 0.206522
4.8 0.0604686 0.103806 0.18595 0.206897
4.85 0.0601401 0.103362 0.18577 0.207265
4.9 0.0598145 0.10292 0.185583 0.207627
4.95 0.0594916 0.102479 0.185387 0.207983
5 0.0591716 0.102041 0.185185 0.208333
5.05 0.0588544 0.101605 0.184976 0.208678
5.1 0.0585399 0.10117 0.18476 0.209016
5.15 0.0582283 0.100738 0.184538 0.20935
5.2 0.0579194 0.100309 0.18431 0.209677
5.25 0.0576132 0.0998811 0.184076 0.21
5.3 0.0573097 0.0994558 0.183836 0.210317
5.35 0.0570089 0.0990328 0.183591 0.21063
5.4 0.0567108 0.0986121 0.183341 0.210938
5.45 0.0564153 0.0981938 0.183086 0.21124
5.5 0.0561224 0.0977778 0.182825 0.211538
5.55 0.0558322 0.0973642 0.182561 0.211832
5.6 0.0555445 0.0969529 0.182292 0.212121
5.65 0.0552594 0.0965441 0.182018 0.212406
5.7 0.0549769 0.0961376 0.181741 0.212687
5.75 0.0546968 0.0957336 0.18146 0.212963
5.8 0.0544192 0.095332 0.181175 0.213235
5.85 0.0541441 0.0949329 0.180886 0.213504
5.9 0.0538714 0.0945361 0.180594 0.213768
5.95 0.0536012 0.0941418 0.180298 0.214029
6 0.0533333 0.09375 0.18 0.214286
6.05 0.0530678 0.0933606 0.179699 0.214539
6.1 0.0528047 0.0929736 0.179394 0.214789
6.15 0.0525439 0.0925891 0.179087 0.215035
6.2 0.0522854 0.092207 0.178777 0.215278
6.25 0.0520291 0.0918274 0.178465 0.215517
6.3 0.0517751 0.0914501 0.178151 0.215753
6.35 0.0515234 0.0910753 0.177834 0.215986
6.4 0.0512738 0.0907029 0.177515 0.216216
6.45 0.0510265 0.090333 0.177194 0.216443
6.5 0.0507812 0.0899654 0.176871 0.216667
6.55 0.0505382 0.0896002 0.176546 0.216887
6.6 0.0502972 0.0892374 0.176219 0.217105
6.65 0.0500583 0.088877 0.175891 0.21732
6.7 0.0498215 0.088519 0.175561 0.217532
6.75 0.0495868 0.0881633 0.17523 0.217742
6.8 0.049354 0.0878099 0.174897 0.217949
6.85 0.0491233 0.0874589 0.174563 0.218153
6.9 0.0488946 0.0871102 0.174228 0.218354
6.95 0.0486678 0.0867638 0.173891 0.218553
7 0.0484429 0.0864198 0.173554 0.21875
7.05 0.04822 0.086078 0.173215 0.218944
7.1 0.0479989 0.0857384 0.172876 0.219136
7.15 0.0477797 0.0854012 0.172535 0.219325
7.2 0.0475624 0.0850662 0.172194 0.219512
7.25 0.0473469 0.0847334 0.171852 0.219697
7.3 0.0471333 0.0844028 0.171509 0.21988
7.35 0.0469214 0.0840745 0.171166 0.22006
7.4 0.0467113 0.0837483 0.170822 0.220238
7.45 0.0465029 0.0834243 0.170477 0.220414
7.5 0.0462963 0.0831025 0.170132 0.220588
7.55 0.0460914 0.0827828 0.169787 0.22076
7.6 0.0458882 0.0824653 0.169441 0.22093
7.65 0.0456866 0.0821499 0.169095 0.221098
7.7 0.0454868 0.0818365 0.168749 0.221264
7.75 0.0452885 0.0815253 0.168402 0.221429
7.8 0.0450919 0.0812162 0.168055 0.221591
7.85 0.0448969 0.0809091 0.167708 0.221751
7.9 0.0447035 0.080604 0.167361 0.22191
7.95 0.0445116 0.080301 0.167014 0.222067
8 0.0443213 0.08 0.166667 0.222222
8.05 0.0441326 0.079701 0.166319 0.222376
8.1 0.0439453 0.079404 0.165972 0.222527
8.15 0.0437596 0.0791089 0.165625 0.222678
8.2 0.0435753 0.0788158 0.165278 0.222826
8.25 0.0433925 0.0785247 0.164931 0.222973
8.3 0.0432112 0.0782355 0.164585 0.223118
8.35 0.0430313 0.0779481 0.164238 0.223262
8.4 0.0428528 0.0776627 0.163892 0.223404
8.45 0.0426757 0.0773792 0.163546 0.223545
8.5 0.0425 0.0770975 0.1632 0.223684
8.55 0.0423257 0.0768177 0.162855 0.223822
8.6 0.0421527 0.0765397 0.162509 0.223958
8.65 0.0419811 0.0762635 0.162165 0.224093
8.7 0.0418108 0.0759892 0.16182 0.224227
8.75 0.0416419 0.0757166 0.161476 0.224359
8.8 0.0414742 0.0754458 0.161133 0.22449
8.85 0.0413078 0.0751768 0.16079 0.224619
8.9 0.0411428 0.0749095 0.160447 0.224747
8.95 0.0409789 0.074644 0.160105 0.224874
9 0.0408163 0.0743802 0.159763 0.225
9.05 0.040655 0.0741181 0.159422 0.225124
9.1 0.0404948 0.0738576 0.159082 0.225248
9.15 0.0403359 0.0735989 0.158742 0.225369
9.2 0.0401782 0.0733418 0.158402 0.22549
9.25 0.0400216 0.0730864 0.158063 0.22561
9.3 0.0398663 0.0728326 0.157725 0.225728
9.35 0.039712 0.0725805 0.157388 0.225845
9.4 0.039559 0.0723299 0.157051 0.225962
9.45 0.039407 0.072081 0.156714 0.226077
9.5 0.0392562 0.0718336 0.156379 0.22619
9.55 0.0391065 0.0715879 0.156044 0.226303
9.6 0.0389579 0.0713436 0.155709 0.226415
9.65 0.0388104 0.071101 0.155376 0.226526
9.7 0.0386639 0.0708598 0.155043 0.226636
9.75 0.0385185 0.0706202 0.154711 0.226744
9.8 0.0383742 0.0703821 0.154379 0.226852
9.85 0.0382309 0.0701455 0.154049 0.226959
9.9 0.0380886 0.0699103 0.153719 0.227064
9.95 0.0379474 0.0696767 0.15339 0.227169
10 0.0378072 0.0694444 0.153061 0.227273
