logc gamma_mN
-5 71.8651
-4.98 71.8587
-4.96 71.8521
-4.94 71.8452
-4.92 71.8379
-4.9 71.8303
-4.88 71.8223
-4.86 71.814
-4.84 71.8053
-4.82 71.7962
-4.8 71.7867
-4.78 71.7767
-4.76 71.7662
-4.74 71.7553
-4.72 71.7438
-4.7 71.7319
-4.68 71.7193
-4.66 71.7062
-4.64 71.6925
-4.62 71.6782
-4.6 71.6632
-4.58 71.6475
-4.56 71.6311
-4.54 71.6139
-4.52 71.5959
-4.5 71.5771
-4.48 71.5575
-4.46 71.5369
-4.44 71.5154
-4.42 71.4929
-4.4 71.4694
-4.38 71.4449
-4.36 71.4192
-4.34 71.3923
-4.32 71.3643
-4.3 71.3349
-4.28 71.3042
-4.26 71.2722
-4.24 71.2387
-4.22 71.2037
-4.2 71.1672
-4.18 71.129
-4.16 71.0891
-4.14 71.0474
-4.12 71.0039
-4.1 70.9584
-4.08 70.911
-4.06 70.8615
-4.04 70.8098
-4.02 70.7558
-4 70.6996
-3.98 70.6408
-3.96 70.5795
-3.94 70.5156
-3.92 70.449
-3.9 70.3795
-3.88 70.3071
-3.86 70.2316
-3.84 70.1529
-3.82 70.0709
-3.8 69.9856
-3.78 69.8967
-3.76 69.8041
-3.74 69.7077
-3.72 69.6075
-3.7 69.5032
-3.68 69.3946
-3.66 69.2818
-3.64 69.1645
-3.62 69.0426
-3.6 68.916
-3.58 68.7844
-3.56 68.6478
-3.54 68.5061
-3.52 68.3589
-3.5 68.2064
-3.48 68.0481
-3.46 67.8841
-3.44 67.7142
-3.42 67.5381
-3.4 67.3559
-3.38 67.1673
-3.36 66.9721
-3.34 66.7704
-3.32 66.5618
-3.3 66.3463
-3.28 66.1237
-3.26 65.8939
-3.24 65.6568
-3.22 65.4123
-3.2 65.1602
-3.18 64.9005
-3.16 64.633
-3.14 64.3577
-3.12 64.0744
-3.1 63.7831
-3.08 63.4837
-3.06 63.1761
-3.04 62.8603
-3.02 62.5362
-3 62.2038
-2.98 61.863
-2.96 61.5139
-2.94 61.1563
-2.92 60.7903
-2.9 60.416
-2.88 60.0332
-2.86 59.642
-2.84 59.2425
-2.82 58.8347
-2.8 58.4186
-2.78 57.9942
-2.76 57.5617
-2.74 57.1212
-2.72 56.6726
-2.7 56.216
-2.68 55.7517
-2.66 55.2796
-2.64 54.7998
-2.62 54.3125
-2.6 53.8179
-2.58 53.3159
-2.56 52.8067
-2.54 52.2905
-2.52 51.7674
-2.5 51.2375
-2.48 50.701
-2.46 50.158
-2.44 49.6086
-2.42 49.053
-2.4 48.4914
-2.38 47.9239
-2.36 47.3506
-2.34 46.7717
-2.32 46.1873
-2.3 45.5977
-2.28 45.0028
-2.26 44.403
-2.24 43.7983
-2.22 43.1888
-2.2 42.5748
-2.18 41.9563
-2.16 41.3335
-2.14 40.7066
-2.12 40.0756
-2.1 39.4407
-2.08 39
-2.06 39
-2.04 39
-2.02 39
-2 39
-1.98 39
-1.96 39
-1.94 39
-1.92 39
-1.9 39
-1.88 39
-1.86 39
-1.84 39
-1.82 39
-1.8 39
-1.78 39
-1.76 39
-1.74 39
-1.72 39
-1.7 39
-1.68 39
-1.66 39
-1.64 39
-1.62 39
-1.6 39
-1.58 39
-1.56 39
-1.54 39
-1.52 39
-1.5 39
