T G
300 -640.586
320 -636.564
340 -632.542
360 -628.52
380 -624.497
400 -620.475
420 -616.453
440 -612.431
460 -608.408
480 -604.386
500 -600.364
520 -596.342
540 -592.32
560 -588.297
580 -584.275
600 -580.253
620 -576.231
640 -572.208
660 -568.186
680 -564.164
700 -559.988
720 -555.543
740 -551.098
760 -546.653
780 -542.208
800 -537.763
820 -533.318
840 -528.873
860 -524.428
880 -519.983
900 -515.538
920 -511.093
940 -506.648
960 -502.203
980 -497.757
1000 -493.312
1020 -488.867
1040 -484.422
1060 -479.977
1080 -475.532
1100 -471.087
1120 -466.642
1140 -462.197
1160 -457.752
1180 -453.307
1200 -444.988
1220 -436.634
1240 -428.281
1260 -419.928
1280 -411.574
1300 -403.221
1320 -394.868
1340 -386.515
1360 -378.161
1380 -369.808
1400 -361.455
1420 -353.101
1440 -344.748
1460 -336.395
1480 -328.041
1500 -319.688
1520 -311.335
1540 -302.981
1560 -294.628
1580 -286.275
1600 -277.922
1620 -269.568
1640 -261.215
1660 -252.862
1680 -244.508
1700 -236.155
1720 -227.802
1740 -219.448
1760 -211.095
1780 -202.742
1800 -194.389
1820 -186.035
1840 -177.682
1860 -169.329
1880 -160.975
1900 -152.622
1920 -144.269
1940 -135.915
1960 -127.562
1980 -119.209
2000 -110.855
2020 -102.502
2040 -94.1488
2060 -85.7955
2080 -77.4422
2100 -69.0889
