T X
690 0
690.6 0.002
691.2 0.004
691.8 0.006
692.4 0.008
693 0.01
693.6 0.012
694.2 0.014
694.8 0.016
695.4 0.018
696 0.02
696.6 0.022
697.2 0.024
697.8 0.026
698.4 0.028
699 0.03
699.6 0.032
700.2 0.034
700.8 0.036
701.4 0.038
702 0.04
702.6 0.042
703.2 0.044
703.8 0.046
704.4 0.048
705 0.05
705.6 0.052
706.2 0.054
706.8 0.056
707.4 0.058
708 0.06
708.6 0.062
709.2 0.064
709.8 0.066
710.4 0.068
711 0.07
711.6 0.072
712.2 0.074
712.8 0.076
713.4 0.078
714 0.08
714.6 0.082
715.2 0.084
715.8 0.086
716.4 0.088
717 0.09
717.6 0.092
718.2 0.094
718.8 0.096
719.4 0.098
720 0.1
720.6 0.102
721.2 0.104
721.8 0.106
722.4 0.108
723 0.11
723.6 0.112
724.2 0.114
724.8 0.116
725.4 0.118
726 0.12
726.6 0.122
727.2 0.124
727.8 0.126
728.4 0.128
729 0.13
729.6 0.132
730.2 0.134
730.8 0.136
731.4 0.138
732 0.14
732.6 0.142
733.2 0.144
733.8 0.146
734.4 0.148
735 0.15
735.6 0.152
736.2 0.154
736.8 0.156
737.4 0.158
738 0.16
738.6 0.162
739.2 0.164
739.8 0.166
740.4 0.168
741 0.17
741.6 0.172
742.2 0.174
742.8 0.176
743.4 0.178
744 0.18
744.6 0.182
745.2 0.184
745.8 0.186
746.4 0.188
747 0.19
747.6 0.192
748.2 0.194
748.8 0.196
749.4 0.198
750 0.2
750.6 0.202
751.2 0.204
751.8 0.206
752.4 0.208
753 0.21
753.6 0.212
754.2 0.214
754.8 0.216
755.4 0.218
756 0.22
756.6 0.222
757.2 0.224
757.8 0.226
758.4 0.228
759 0.23
759.6 0.232
760.2 0.234
760.8 0.236
761.4 0.238
762 0.24
762.6 0.242
763.2 0.244
763.8 0.246
764.4 0.248
765 0.25
765.6 0.252
766.2 0.254
766.8 0.256
767.4 0.258
768 0.26
768.6 0.262
769.2 0.264
769.8 0.266
770.4 0.268
771 0.27
771.6 0.272
772.2 0.274
772.8 0.276
773.4 0.278
774 0.28
774.6 0.282
775.2 0.284
775.8 0.286
776.4 0.288
777 0.29
777.6 0.292
778.2 0.294
778.8 0.296
779.4 0.298
780 0.3
780.6 0.302
781.2 0.304
781.8 0.306
782.4 0.308
783 0.31
783.6 0.312
784.2 0.314
784.8 0.316
785.4 0.318
786 0.32
786.6 0.322
787.2 0.324
787.8 0.326
788.4 0.328
789 0.33
789.6 0.332
790.2 0.334
790.8 0.336
791.4 0.338
792 0.34
792.6 0.342
793.2 0.344
793.8 0.346
794.4 0.348
795 0.35
795.6 0.352
796.2 0.354
796.8 0.356
797.4 0.358
798 0.36
798.6 0.362
799.2 0.364
799.8 0.366
800.4 0.368
801 0.37
801.6 0.372
802.2 0.374
802.8 0.376
803.4 0.378
804 0.38
804.6 0.382
805.2 0.384
805.8 0.386
806.4 0.388
807 0.39
807.6 0.392
808.2 0.394
808.8 0.396
809.4 0.398
810 0.4
810.6 0.402
811.2 0.404
811.8 0.406
812.4 0.408
813 0.41
813.6 0.412
814.2 0.414
814.8 0.416
815.4 0.418
816 0.42
816.6 0.422
817.2 0.424
817.8 0.426
818.4 0.428
819 0.43
819.6 0.432
820.2 0.434
820.8 0.436
821.4 0.438
822 0.44
822.6 0.442
823.2 0.444
823.8 0.446
824.4 0.448
825 0.45
825.6 0.452
826.2 0.454
826.8 0.456
827.4 0.458
828 0.46
828.6 0.462
829.2 0.464
829.8 0.466
830.4 0.468
831 0.47
831.6 0.472
832.2 0.474
832.8 0.476
833.4 0.478
834 0.48
834.6 0.482
835.2 0.484
835.8 0.486
836.4 0.488
837 0.49
837.6 0.492
838.2 0.494
838.8 0.496
839.4 0.498
840 0.5
840.6 0.502
841.2 0.504
841.8 0.506
842.4 0.508
843 0.51
843.6 0.512
844.2 0.514
844.8 0.516
845.4 0.518
846 0.52
846.6 0.522
847.2 0.524
847.8 0.526
848.4 0.528
849 0.53
849.6 0.532
850.2 0.534
850.8 0.536
851.4 0.538
852 0.54
852.6 0.542
853.2 0.544
853.8 0.546
854.4 0.548
855 0.55
855.6 0.552
856.2 0.554
856.8 0.556
857.4 0.558
858 0.56
858.6 0.562
859.2 0.564
859.8 0.566
860.4 0.568
861 0.57
861.6 0.572
862.2 0.574
862.8 0.576
863.4 0.578
864 0.58
864.6 0.582
865.2 0.584
865.8 0.586
866.4 0.588
867 0.59
867.6 0.592
868.2 0.594
868.8 0.596
869.4 0.598
870 0.6
870.6 0.602
871.2 0.604
871.8 0.606
872.4 0.608
873 0.61
873.6 0.612
874.2 0.614
874.8 0.616
875.4 0.618
876 0.62
876.6 0.622
877.2 0.624
877.8 0.626
878.4 0.628
879 0.63
879.6 0.632
880.2 0.634
880.8 0.636
881.4 0.638
882 0.64
882.6 0.642
883.2 0.644
883.8 0.646
884.4 0.648
885 0.65
885.6 0.652
886.2 0.654
886.8 0.656
887.4 0.658
888 0.66
888.6 0.662
889.2 0.664
889.8 0.666
890.4 0.668
891 0.67
891.6 0.672
892.2 0.674
892.8 0.676
