ddg eeA eeB eeC
0 0 0 0
0.2 0.0615528 0.0440032 0.0403177
0.4 0.122641 0.0878363 0.0805045
0.6 0.182814 0.131332 0.120431
0.8 0.241647 0.174328 0.159972
1 0.298756 0.216669 0.199006
1.2 0.353803 0.25821 0.237419
1.4 0.406503 0.298818 0.275103
1.6 0.45663 0.338372 0.311961
1.8 0.504017 0.376765 0.347903
2 0.548552 0.413906 0.38285
2.2 0.590177 0.449719 0.416736
2.4 0.628884 0.484141 0.449501
2.6 0.664707 0.517128 0.4811
2.8 0.697713 0.548646 0.511496
3 0.728001 0.578679 0.540664
3.2 0.755691 0.60722 0.568587
3.4 0.780919 0.634276 0.595259
3.6 0.803834 0.659862 0.620681
3.8 0.824587 0.684004 0.644861
4 0.843336 0.706736 0.667816
4.2 0.860234 0.728096 0.689567
4.4 0.875433 0.74813 0.710142
4.6 0.889078 0.766888 0.729571
4.8 0.901306 0.78442 0.74789
5 0.912249 0.800783 0.765136
5.2 0.922029 0.816031 0.78135
5.4 0.930758 0.830223 0.796574
5.6 0.938541 0.843414 0.810851
5.8 0.945474 0.855661 0.824223
6 0.951644 0.86702 0.836735
6.2 0.957132 0.877543 0.848431
6.4 0.962009 0.887284 0.859353
6.6 0.96634 0.896293 0.869544
6.8 0.970186 0.904618 0.879044
7 0.973597 0.912306 0.887894
7.2 0.976623 0.919401 0.896132
7.4 0.979306 0.925943 0.903795
7.6 0.981684 0.931974 0.91092
7.8 0.983791 0.937529 0.91754
8 0.985657 0.942644 0.923688
8.2 0.98731 0.947352 0.929394
8.4 0.988773 0.951683 0.934688
8.6 0.990069 0.955665 0.939597
8.8 0.991215 0.959327 0.944148
9 0.99223 0.962691 0.948366
9.2 0.993128 0.965783 0.952272
9.4 0.993923 0.968622 0.95589
9.6 0.994626 0.971229 0.959239
9.8 0.995247 0.973622 0.962339
10 0.995797 0.975819 0.965208
10.2 0.996284 0.977835 0.967861
10.4 0.996714 0.979684 0.970315
10.6 0.997095 0.981381 0.972585
10.8 0.997431 0.982937 0.974683
11 0.997729 0.984364 0.976622
11.2 0.997992 0.985673 0.978414
11.4 0.998224 0.986872 0.980071
11.6 0.99843 0.987972 0.981601
11.8 0.998612 0.988981 0.983015
12 0.998773 0.989905 0.984322
12.2 0.998915 0.990752 0.985528
12.4 0.999041 0.991528 0.986642
12.6 0.999152 0.99224 0.987671
12.8 0.99925 0.992891 0.988621
13 0.999337 0.993489 0.989499
13.2 0.999414 0.994036 0.990309
13.4 0.999482 0.994537 0.991057
13.6 0.999542 0.994997 0.991747
13.8 0.999595 0.995417 0.992384
14 0.999642 0.995803 0.992972
14.2 0.999684 0.996156 0.993515
14.4 0.99972 0.99648 0.994016
14.6 0.999753 0.996776 0.994479
14.8 0.999781 0.997047 0.994906
15 0.999807 0.997296 0.9953
15.2 0.999829 0.997523 0.995663
15.4 0.999849 0.997732 0.995999
15.6 0.999866 0.997923 0.996308
15.8 0.999882 0.998098 0.996594
16 0.999896 0.998258 0.996858
16.2 0.999908 0.998405 0.997101
16.4 0.999918 0.998539 0.997325
16.6 0.999928 0.998662 0.997532
16.8 0.999936 0.998775 0.997723
17 0.999944 0.998878 0.9979
17.2 0.99995 0.998973 0.998062
17.4 0.999956 0.999059 0.998212
17.6 0.999961 0.999139 0.998351
17.8 0.999966 0.999211 0.998478
18 0.99997 0.999278 0.998596
18.2 0.999973 0.999338 0.998705
18.4 0.999976 0.999394 0.998805
18.6 0.999979 0.999445 0.998898
18.8 0.999981 0.999492 0.998983
19 0.999984 0.999535 0.999062
19.2 0.999985 0.999574 0.999135
19.4 0.999987 0.99961 0.999202
19.6 0.999989 0.999643 0.999264
19.8 0.99999 0.999673 0.999321
20 0.999991 0.9997 0.999373
