n r95 r90 r80 r70
0 100 100 100 100
1 95 90 80 70
2 90.25 81 64 49
3 85.7375 72.9 51.2 34.3
4 81.4506 65.61 40.96 24.01
5 77.3781 59.049 32.768 16.807
6 73.5092 53.1441 26.2144 11.7649
7 69.8337 47.8297 20.9715 8.23543
8 66.342 43.0467 16.7772 5.7648
9 63.0249 38.742 13.4218 4.03536
10 59.8737 34.8678 10.7374 2.82475
11 56.88 31.3811 8.58993 1.97733
12 54.036 28.243 6.87195 1.38413
13 51.3342 25.4187 5.49756 0.96889
14 48.7675 22.8768 4.39805 0.678223
15 46.3291 20.5891 3.51844 0.474756
16 44.0127 18.5302 2.81475 0.332329
17 41.812 16.6772 2.2518 0.232631
18 39.7214 15.0095 1.80144 0.162841
19 37.7354 13.5085 1.44115 0.113989
20 35.8486 12.1577 1.15292 0.0797923
