E_mV i_uA
299.946 -0.0112397
297.948 -0.00120498
295.95 -0.000984806
293.952 -0.000924114
291.954 -0.000915299
289.956 -0.000932343
287.958 -0.000965703
285.96 -0.00101114
283.963 -0.00106658
281.965 -0.00113104
279.967 -0.00120406
277.915 -0.00128789
275.917 -0.00137825
273.919 -0.00147754
271.921 -0.00158619
269.923 -0.00170472
267.925 -0.00183376
265.927 -0.00197402
263.929 -0.0021263
261.931 -0.00229148
259.933 -0.00247053
257.881 -0.00266997
255.884 -0.00288048
253.886 -0.00310837
251.888 -0.003355
249.89 -0.00362186
247.892 -0.00391055
245.894 -0.00422282
243.896 -0.00456054
241.898 -0.00492577
239.9 -0.0053207
237.848 -0.00575973
235.85 -0.00622239
233.852 -0.0067226
231.854 -0.00726337
229.856 -0.00784798
227.859 -0.00847996
225.861 -0.00916312
223.863 -0.0099016
221.865 -0.0106999
219.867 -0.0115627
217.815 -0.0125216
215.817 -0.0135319
213.819 -0.0146238
211.821 -0.0158041
209.823 -0.0170798
207.825 -0.0184587
205.827 -0.0199489
203.829 -0.0215597
201.831 -0.0233006
199.834 -0.0251822
197.782 -0.027273
195.784 -0.0294755
193.786 -0.0318558
191.788 -0.0344284
189.79 -0.0372088
187.792 -0.0402136
185.794 -0.0434609
183.796 -0.0469703
181.798 -0.0507629
179.8 -0.0548615
177.748 -0.0594152
175.75 -0.0642115
173.752 -0.0693945
171.754 -0.0749952
169.757 -0.0810472
167.759 -0.0875867
165.761 -0.0946528
163.763 -0.102288
161.765 -0.110537
159.767 -0.119449
157.769 -0.129079
155.717 -0.139774
153.719 -0.151036
151.721 -0.163202
149.723 -0.176344
147.725 -0.19054
145.727 -0.205873
143.729 -0.222433
141.732 -0.240318
139.734 -0.259632
137.736 -0.280488
135.684 -0.30364
133.686 -0.328004
131.688 -0.354307
129.69 -0.3827
127.692 -0.413345
125.694 -0.446418
123.696 -0.482108
121.698 -0.520615
119.7 -0.562157
117.702 -0.606965
115.65 -0.656646
113.653 -0.708857
111.655 -0.765144
109.657 -0.825811
107.659 -0.891185
105.661 -0.961613
103.663 -1.03747
101.665 -1.11914
99.667 -1.20705
97.6691 -1.30165
95.6172 -1.40627
93.6192 -1.5159
91.6213 -1.63373
89.6234 -1.76032
87.6254 -1.89625
85.6275 -2.04214
83.6296 -2.19863
81.6316 -2.36639
79.6337 -2.54611
77.6358 -2.73853
75.5839 -2.95013
73.5859 -3.17056
71.588 -3.40598
69.5901 -3.65717
67.5921 -3.92494
65.5942 -4.21007
63.5963 -4.51334
61.5983 -4.83552
59.6004 -5.17734
57.6025 -5.53948
55.5506 -5.93324
53.5526 -6.33848
51.5547 -6.76576
49.5568 -7.21546
47.5588 -7.68783
45.5609 -8.18302
43.563 -8.70099
41.565 -9.24152
39.5671 -9.80421
37.5692 -10.3884
35.5173 -11.01
33.5193 -11.635
31.5214 -12.2783
29.5235 -12.9381
27.5255 -13.6125
25.5276 -14.2994
23.5297 -14.9964
21.5317 -15.7007
19.5338 -16.4094
17.5359 -17.1193
15.538 -17.8272
13.486 -18.5484
11.4881 -19.2413
9.49017 -19.9214
7.49224 -20.585
5.49431 -21.2287
3.49638 -21.8489
1.49845 -22.4423
-0.499483 -23.006
-2.49741 -23.5372
-4.49534 -24.0332
-6.54727 -24.504
-8.5452 -24.9228
-10.5431 -25.3013
-12.5411 -25.6385
-14.539 -25.9338
-16.5369 -26.187
-18.5349 -26.3985
-20.5328 -26.5687
-22.5307 -26.6987
-24.5286 -26.7895
-26.5806 -26.8437
-28.5785 -26.86
-30.5764 -26.8424
-32.5744 -26.7929
-34.5723 -26.7135
-36.5702 -26.6066
-38.5682 -26.4743
-40.5661 -26.319
-42.564 -26.1428
-44.5619 -25.948
-46.6139 -25.7307
-48.6118 -25.5045
-50.6097 -25.2658
-52.6077 -25.0165
-54.6056 -24.7582
-56.6035 -24.4927
-58.6014 -24.2214
-60.5994 -23.9456
-62.5973 -23.6667
-64.5952 -23.3858
-66.6472 -23.0963
-68.6451 -22.8144
-70.643 -22.5333
-72.641 -22.2537
-74.6389 -21.9764
-76.6368 -21.7018
-78.6347 -21.4304
-80.6327 -21.1627
-82.6306 -20.899
-84.6285 -20.6396
-86.6805 -20.3779
-88.6784 -20.128
-90.6763 -19.8829
-92.6743 -19.6429
-94.6722 -19.408
-96.6701 -19.1782
-98.668 -18.9535
-100.666 -18.7341
-102.664 -18.5198
-104.662 -18.3106
-106.66 -18.1065
-108.712 -17.902
-110.71 -17.7079
-112.708 -17.5187
-114.705 -17.3341
-116.703 -17.1543
-118.701 -16.9789
-120.699 -16.808
-122.697 -16.6414
-124.695 -16.479
-126.693 -16.3207
-128.745 -16.1623
-130.743 -16.012
-132.741 -15.8654
-134.739 -15.7225
-136.737 -15.5831
-138.735 -15.4471
-140.733 -15.3145
-142.731 -15.1851
-144.728 -15.0588
-146.726 -14.9355
-148.778 -14.8119
-150.776 -14.6945
-152.774 -14.5798
-154.772 -14.4677
-156.77 -14.3582
-158.768 -14.2512
-160.766 -14.1466
-162.764 -14.0443
-164.762 -13.9443
-166.76 -13.8464
-168.812 -13.748
-170.81 -13.6544
-172.807 -13.5627
-174.805 -13.4729
-176.803 -13.3849
-178.801 -13.2987
-180.799 -13.2143
-182.797 -13.1315
-184.795 -13.0504
-186.793 -12.9708
-188.845 -12.8907
-190.843 -12.8141
-192.841 -12.739
-194.839 -12.6653
-196.837 -12.593
-198.835 -12.5219
-200.832 -12.4522
-202.83 -12.3836
-204.828 -12.3163
-206.826 -12.2501
-208.878 -12.1833
-210.876 -12.1193
-212.874 -12.0564
-214.872 -11.9946
-216.87 -11.9338
-218.868 -11.8739
-220.866 -11.815
-222.864 -11.757
-224.862 -11.6999
-226.86 -11.6437
-228.911 -11.5869
-230.909 -11.5324
-232.907 -11.4787
-234.905 -11.4258
-236.903 -11.3737
-238.901 -11.3224
-240.899 -11.2717
-242.897 -11.2218
-244.895 -11.1726
-246.893 -11.124
-248.891 -11.0761
-250.943 -11.0276
-252.941 -10.981
-254.939 -10.9351
-256.937 -10.8897
-258.934 -10.8449
-260.932 -10.8007
-262.93 -10.7571
-264.928 -10.714
-266.926 -10.6715
-268.924 -10.6295
-270.976 -10.5869
-272.974 -10.5459
-274.972 -10.5054
-276.97 -10.4654
-278.968 -10.4259
-280.966 -10.3868
-282.964 -10.3482
-284.962 -10.31
-286.959 -10.2723
-288.957 -10.235
-291.009 -10.1972
-293.007 -10.1607
-295.005 -10.1247
-297.003 -10.089
-299.001 -10.0537
-299.001 -10.0186
-297.003 -9.98394
-295.005 -9.94968
-293.007 -9.9158
-291.009 -9.88228
-288.957 -9.84822
-286.959 -9.8154
-284.962 -9.78292
-282.964 -9.75076
-280.966 -9.71892
-278.968 -9.6874
-276.97 -9.65619
-274.972 -9.62527
-272.974 -9.59465
-270.976 -9.56432
-268.924 -9.53347
-266.926 -9.50371
-264.928 -9.47422
-262.93 -9.44499
-260.932 -9.41603
-258.934 -9.38732
-256.937 -9.35885
-254.939 -9.33064
-252.941 -9.30266
-250.943 -9.27491
-248.891 -9.24665
-246.893 -9.21936
-244.895 -9.19229
-242.897 -9.16543
-240.899 -9.13877
-238.901 -9.11231
-236.903 -9.08604
-234.905 -9.05996
-232.907 -9.03406
-230.909 -9.00834
-228.911 -8.98278
-226.86 -8.9567
-224.862 -8.93146
-222.864 -8.90637
-220.866 -8.88142
-218.868 -8.8566
-216.87 -8.8319
-214.872 -8.80732
-212.874 -8.78285
-210.876 -8.75846
-208.878 -8.73417
-206.826 -8.7093
-204.828 -8.68515
-202.83 -8.66105
-200.832 -8.63699
-198.835 -8.61295
-196.837 -8.58893
-194.839 -8.56491
-192.841 -8.54087
-190.843 -8.51679
-188.845 -8.49266
-186.793 -8.46781
-184.795 -8.44351
-182.797 -8.41909
-180.799 -8.39454
-178.801 -8.36982
-176.803 -8.3449
-174.805 -8.31976
-172.807 -8.29437
-170.81 -8.26869
-168.812 -8.24268
-166.76 -8.2156
-164.762 -8.18881
-162.764 -8.16157
-160.766 -8.13382
-158.768 -8.10552
-156.77 -8.07661
-154.772 -8.04703
-152.774 -8.0167
-150.776 -7.98557
-148.778 -7.95356
-146.726 -7.91967
-144.728 -7.8856
-142.731 -7.85038
-140.733 -7.8139
-138.735 -7.77606
-136.737 -7.73674
-134.739 -7.6958
-132.741 -7.65312
-130.743 -7.60854
-128.745 -7.56191
-126.693 -7.51171
-124.695 -7.46039
-122.697 -7.40646
-120.699 -7.34971
-118.701 -7.28993
-116.703 -7.22686
-114.705 -7.16025
-112.708 -7.08982
-110.71 -7.01528
-108.712 -6.9363
-106.66 -6.85023
-104.662 -6.76121
-102.664 -6.66668
-100.666 -6.56622
-98.668 -6.45939
-96.6701 -6.34574
-94.6722 -6.22478
-92.6743 -6.09599
-90.6763 -5.95884
-88.6784 -5.81274
-86.6805 -5.65711
-84.6285 -5.48668
-82.6306 -5.30975
-80.6327 -5.1213
-78.6347 -4.9206
-76.6368 -4.70694
-74.6389 -4.47955
-72.641 -4.23767
-70.643 -3.98051
-68.6451 -3.70729
-66.6472 -3.41719
-64.5952 -3.10088
-62.5973 -2.77421
-60.5994 -2.42833
-58.6014 -2.06255
-56.6035 -1.67619
-54.6056 -1.26864
-52.6077 -0.839378
-50.6097 -0.387959
-48.6118 0.085944
-46.6139 0.582533
-44.5619 1.11621
-42.564 1.65878
-40.5661 2.22366
-38.5682 2.81035
-36.5702 3.41812
-34.5723 4.04599
-32.5744 4.69275
-30.5764 5.35688
-28.5785 6.03665
-26.5806 6.73001
-24.5286 7.45383
-22.5307 8.1674
-20.5328 8.88679
-18.5349 9.60897
-16.5369 10.3307
-14.539 11.0485
-12.5411 11.759
-10.5431 12.4585
-8.5452 13.1434
-6.54727 13.8101
-4.49534 14.4721
-2.49741 15.0913
-0.499483 15.6821
1.49845 16.2417
3.49638 16.7673
5.49431 17.2568
7.49224 17.708
9.49017 18.1195
11.4881 18.4901
13.486 18.8189
15.538 19.1129
17.5359 19.3566
19.5338 19.5587
21.5317 19.7199
23.5297 19.8413
25.5276 19.9242
27.5255 19.9704
29.5235 19.9814
31.5214 19.9594
33.5193 19.9065
35.5173 19.8247
37.5692 19.713
39.5671 19.5797
41.565 19.4244
43.563 19.2493
45.5609 19.0565
47.5588 18.8482
49.5568 18.6264
51.5547 18.3929
53.5526 18.1496
55.5506 17.898
57.6025 17.6329
59.6004 17.3694
61.5983 17.1022
63.5963 16.8323
65.5942 16.5609
67.5921 16.289
69.5901 16.0174
71.588 15.747
73.5859 15.4783
75.5839 15.2121
77.6358 14.9417
79.6337 14.682
81.6316 14.426
83.6296 14.1742
85.6275 13.9267
87.6254 13.6839
89.6234 13.4458
91.6213 13.2127
93.6192 12.9846
95.6172 12.7615
97.6691 12.5378
99.667 12.3251
101.665 12.1176
103.663 11.9152
105.661 11.7178
107.659 11.5254
109.657 11.3379
111.655 11.1553
113.653 10.9774
115.65 10.8041
117.702 10.631
119.7 10.4668
121.698 10.3071
123.696 10.1515
125.694 10.0001
127.692 9.85263
129.69 9.70908
131.688 9.56932
133.686 9.43322
135.684 9.30068
137.736 9.16815
139.734 9.0425
141.732 8.92008
143.729 8.80079
145.727 8.68454
147.725 8.57123
149.723 8.46076
151.721 8.35304
153.719 8.24799
155.717 8.1455
157.769 8.04284
159.767 7.94532
161.765 7.85012
163.763 7.75718
165.761 7.66642
167.759 7.57776
169.757 7.49114
171.754 7.40649
173.752 7.32374
175.75 7.24285
177.748 7.16374
179.8 7.08429
181.798 7.00863
183.796 6.93458
185.794 6.86211
187.792 6.79115
189.79 6.72167
191.788 6.65361
193.786 6.58693
195.784 6.52159
197.782 6.45756
199.834 6.3931
201.831 6.33157
203.829 6.27123
205.827 6.21204
207.825 6.15397
209.823 6.09698
211.821 6.04104
213.819 5.98613
215.817 5.9322
217.815 5.87924
219.867 5.82583
221.865 5.77475
223.863 5.72455
225.861 5.67522
227.859 5.62672
229.856 5.57904
231.854 5.53216
233.852 5.48605
235.85 5.4407
237.848 5.39608
239.9 5.351
241.898 5.30782
243.896 5.26531
245.894 5.22347
247.892 5.18227
249.89 5.1417
251.888 5.10175
253.886 5.0624
255.884 5.02364
257.881 4.98545
259.933 4.94681
261.931 4.90975
263.929 4.87321
265.927 4.8372
267.925 4.80169
269.923 4.76669
271.921 4.73217
273.919 4.69813
275.917 4.66456
277.915 4.63144
279.967 4.59789
281.965 4.56567
283.963 4.53387
285.96 4.5025
287.958 4.47153
289.956 4.44097
291.954 4.4108
293.952 4.38102
295.95 4.35161
297.948 4.32257
300 4.29313
