x E
0 0
0.05 0.0376878
0.1 0.150648
0.15 0.338571
0.2 0.600941
0.25 0.93704
0.3 1.34595
0.35 1.82654
0.4 2.3775
0.45 2.99732
0.5 3.6843
0.55 4.43656
0.6 5.25203
0.65 6.12849
0.7 7.06352
0.75 8.05456
0.8 9.09891
0.85 10.1937
0.9 11.3359
0.95 12.5224
1 13.75
1.05 15.0153
1.1 16.3147
1.15 17.6449
1.2 19.002
1.25 20.3825
1.3 21.7824
1.35 23.1981
1.4 24.6255
1.45 26.0608
1.5 27.5
1.55 28.9392
1.6 30.3745
1.65 31.8019
1.7 33.2176
1.75 34.6175
1.8 35.998
1.85 37.3551
1.9 38.6853
1.95 39.9847
2 41.25
2.05 42.4776
2.1 43.6641
2.15 44.8063
2.2 45.9011
2.25 46.9454
2.3 47.9365
2.35 48.8715
2.4 49.748
2.45 50.5634
2.5 51.3157
2.55 52.0027
2.6 52.6225
2.65 53.1735
2.7 53.6541
2.75 54.063
2.8 54.3991
2.85 54.6614
2.9 54.8494
2.95 54.9623
3 55
3.05 54.9461
3.1 54.7845
3.15 54.5165
3.2 54.1435
3.25 53.6679
3.3 53.0926
3.35 52.4212
3.4 51.6578
3.45 50.8071
3.5 49.8744
3.55 48.8653
3.6 47.7862
3.65 46.6437
3.7 45.4448
3.75 44.197
3.8 42.9078
3.85 41.5853
3.9 40.2376
3.95 38.873
4 37.5
4.05 36.127
4.1 34.7624
4.15 33.4147
4.2 32.0922
4.25 30.803
4.3 29.5552
4.35 28.3563
4.4 27.2138
4.45 26.1347
4.5 25.1256
4.55 24.1929
4.6 23.3422
4.65 22.5788
4.7 21.9074
4.75 21.3321
4.8 20.8565
4.85 20.4835
4.9 20.2155
4.95 20.0539
5 20
5.05 20.0462
5.1 20.1847
5.15 20.4145
5.2 20.7342
5.25 21.1418
5.3 21.6349
5.35 22.2104
5.4 22.8647
5.45 23.5939
5.5 24.3934
5.55 25.2583
5.6 26.1832
5.65 27.1625
5.7 28.1901
5.75 29.2597
5.8 30.3647
5.85 31.4983
5.9 32.6535
5.95 33.8231
6 35
6.05 36.1769
6.1 37.3465
6.15 38.5017
6.2 39.6353
6.25 40.7403
6.3 41.8099
6.35 42.8375
6.4 43.8168
6.45 44.7417
6.5 45.6066
6.55 46.4061
6.6 47.1353
6.65 47.7896
6.7 48.3651
6.75 48.8582
6.8 49.2658
6.85 49.5855
6.9 49.8153
6.95 49.9538
7 50
7.05 49.9452
7.1 49.7809
7.15 49.5075
7.2 49.1259
7.25 48.637
7.3 48.0423
7.35 47.3432
7.4 46.5418
7.45 45.6403
7.5 44.641
7.55 43.5468
7.6 42.3607
7.65 41.0858
7.7 39.7258
7.75 38.2843
7.8 36.7652
7.85 35.1728
7.9 33.5114
7.95 31.7856
8 30
8.05 28.1596
8.1 26.2695
8.15 24.3347
8.2 22.3607
8.25 20.3528
8.3 18.3165
8.35 16.2574
8.4 14.1811
8.45 12.0934
8.5 10
8.55 7.90656
8.6 5.81886
8.65 3.74262
8.7 1.68353
8.75 -0.352762
8.8 -2.36068
8.85 -4.33472
8.9 -6.26947
8.95 -8.15962
9 -10
9.05 -11.7856
9.1 -13.5114
9.15 -15.1728
9.2 -16.7652
9.25 -18.2843
9.3 -19.7258
9.35 -21.0858
9.4 -22.3607
9.45 -23.5468
9.5 -24.641
9.55 -25.6403
9.6 -26.5418
9.65 -27.3432
9.7 -28.0423
9.75 -28.637
9.8 -29.1259
9.85 -29.5075
9.9 -29.7809
9.95 -29.9452
10 -30
