T K
30 0.501805
40 0.942354
50 1.33592
60 1.63944
70 1.86205
80 2.02703
90 2.15449
100 2.25823
110 2.34687
120 2.42563
130 2.4976
140 2.56458
150 2.62763
160 2.68733
170 2.74403
180 2.79795
190 2.84922
200 2.89795
210 2.94422
220 2.98814
230 3.02978
240 3.06924
250 3.10664
260 3.14206
270 3.17562
280 3.20741
290 3.23755
300 3.26613
310 3.29324
320 3.31898
330 3.34344
340 3.3667
350 3.38882
360 3.4099
370 3.42999
380 3.44915
390 3.46744
400 3.48493
410 3.50165
420 3.51765
430 3.53298
440 3.54767
450 3.56176
460 3.57529
470 3.58829
480 3.60078
490 3.61279
500 3.62435
510 3.63548
520 3.64621
530 3.65654
540 3.66651
550 3.67613
560 3.68541
570 3.69437
580 3.70302
590 3.71139
600 3.71947
610 3.72729
620 3.73484
630 3.74216
640 3.74924
650 3.75609
660 3.76272
670 3.76914
680 3.77537
690 3.78139
700 3.78724
710 3.7929
720 3.79839
730 3.80371
740 3.80887
750 3.81388
760 3.81873
770 3.82345
780 3.82802
790 3.83245
800 3.83676
810 3.84094
820 3.845
830 3.84894
840 3.85276
850 3.85648
860 3.86009
870 3.86359
880 3.867
890 3.87031
900 3.87352
910 3.87665
920 3.87968
930 3.88264
940 3.88551
950 3.8883
960 3.89101
970 3.89365
980 3.89621
990 3.89871
1000 3.90113
1010 3.90349
1020 3.90579
1030 3.90802
1040 3.9102
1050 3.91231
1060 3.91437
1070 3.91638
1080 3.91833
1090 3.92023
1100 3.92208
1110 3.92388
1120 3.92563
1130 3.92734
1140 3.929
1150 3.93062
1160 3.9322
1170 3.93373
1180 3.93523
1190 3.93669
1200 3.93811
1210 3.9395
1220 3.94085
1230 3.94217
1240 3.94345
1250 3.94471
1260 3.94593
1270 3.94712
1280 3.94828
1290 3.94941
1300 3.95052
1310 3.95159
1320 3.95265
1330 3.95367
1340 3.95467
1350 3.95565
1360 3.9566
1370 3.95754
1380 3.95844
1390 3.95933
1400 3.9602
1410 3.96104
1420 3.96187
1430 3.96268
1440 3.96347
1450 3.96424
1460 3.96499
1470 3.96572
1480 3.96644
1490 3.96714
1500 3.96783
1510 3.9685
1520 3.96916
1530 3.9698
1540 3.97042
1550 3.97104
1560 3.97164
1570 3.97222
1580 3.9728
1590 3.97336
1600 3.97391
1610 3.97444
1620 3.97497
1630 3.97548
1640 3.97598
1650 3.97648
1660 3.97696
1670 3.97743
1680 3.97789
1690 3.97834
1700 3.97878
1710 3.97922
1720 3.97964
1730 3.98006
1740 3.98047
1750 3.98086
1760 3.98125
1770 3.98164
1780 3.98201
1790 3.98238
1800 3.98274
1810 3.98309
1820 3.98344
1830 3.98378
1840 3.98411
1850 3.98444
1860 3.98476
1870 3.98507
1880 3.98538
1890 3.98568
1900 3.98598
1910 3.98627
1920 3.98655
1930 3.98683
1940 3.9871
1950 3.98737
1960 3.98764
1970 3.98789
1980 3.98815
1990 3.9884
2000 3.98864
