V g
12.2 0.0081965
12.206 0.011248
12.212 0.015316
12.219 0.020691
12.225 0.027733
12.231 0.036882
12.237 0.048665
12.244 0.06371
12.25 0.082755
12.256 0.10665
12.262 0.13637
12.269 0.17301
12.275 0.21778
12.281 0.27198
12.287 0.33702
12.294 0.41435
12.3 0.50543
12.306 0.61171
12.312 0.73454
12.319 0.87514
12.325 1.0345
12.331 1.2133
12.337 1.4119
12.344 1.6301
12.35 1.8674
12.356 2.1224
12.362 2.3934
12.369 2.6779
12.375 2.9727
12.381 3.2742
12.387 3.5781
12.394 3.8795
12.4 4.1735
12.406 4.4546
12.412 4.7175
12.419 4.9568
12.425 5.1675
12.431 5.345
12.438 5.4853
12.444 5.5853
12.45 5.6426
12.456 5.6559
12.462 5.6249
12.469 5.5503
12.475 5.4338
12.481 5.2782
12.487 5.0869
12.494 4.8642
12.5 4.6149
12.506 4.3441
12.512 4.0572
12.519 3.7596
12.525 3.4565
12.531 3.1531
12.537 2.8537
12.544 2.5626
12.55 2.2832
12.556 2.0183
12.562 1.7702
12.569 1.5405
12.575 1.3301
12.581 1.1394
12.587 0.96845
12.594 0.8167
12.6 0.68334
12.606 0.56728
12.612 0.46725
12.619 0.38185
12.625 0.30961
12.631 0.24908
12.637 0.19881
12.644 0.15745
12.65 0.12372
12.656 0.09645
12.662 0.074605
12.669 0.057256
12.675 0.043598
12.681 0.032938
12.688 0.02469
12.694 0.018362
12.7 0.01355
