c fcyc
0.001 0.989673
0.00105925 0.989068
0.00112202 0.988427
0.0011885 0.98775
0.00125893 0.987034
0.00133352 0.986276
0.00141254 0.985475
0.00149624 0.984627
0.00158489 0.983731
0.0016788 0.982784
0.00177828 0.981782
0.00188365 0.980723
0.00199526 0.979605
0.00211349 0.978422
0.00223872 0.977173
0.00237137 0.975853
0.00251189 0.974458
0.00266073 0.972986
0.00281838 0.971431
0.00298538 0.969789
0.00316228 0.968056
0.00334965 0.966228
0.00354813 0.964298
0.00375837 0.962262
0.00398107 0.960115
0.00421697 0.957852
0.00446684 0.955465
0.00473151 0.952951
0.00501187 0.950301
0.00530884 0.947511
0.00562341 0.944573
0.00595662 0.941481
0.00630957 0.938228
0.00668344 0.934806
0.00707946 0.931209
0.00749894 0.927429
0.00794328 0.923458
0.00841395 0.919289
0.00891251 0.914913
0.00944061 0.910323
0.01 0.905512
0.0105925 0.90047
0.0112202 0.895191
0.011885 0.889666
0.0125893 0.883887
0.0133352 0.877847
0.0141254 0.871539
0.0149624 0.864955
0.0158489 0.858089
0.016788 0.850934
0.0177828 0.843484
0.0188365 0.835733
0.0199526 0.827677
0.0211349 0.819311
0.0223872 0.810632
0.0237137 0.801637
0.0251189 0.792324
0.0266073 0.782693
0.0281838 0.772743
0.0298538 0.762475
0.0316228 0.751893
0.0334965 0.740999
0.0354813 0.729799
0.0375837 0.718299
0.0398107 0.706506
0.0421697 0.694429
0.0446684 0.68208
0.0473151 0.669468
0.0501187 0.656608
0.0530884 0.643515
0.0562341 0.630203
0.0595662 0.61669
0.0630957 0.602994
0.0668344 0.589136
0.0707946 0.575134
0.0749894 0.56101
0.0794328 0.546787
0.0841395 0.532488
0.0891251 0.518134
0.0944061 0.503751
0.1 0.489362
0.105925 0.47499
0.112202 0.460659
0.11885 0.446393
0.125893 0.432215
0.133352 0.418147
0.141254 0.404212
0.149624 0.390428
0.158489 0.376818
0.16788 0.363399
0.177828 0.35019
0.188365 0.337206
0.199526 0.324463
0.211349 0.311976
0.223872 0.299755
0.237137 0.287813
0.251189 0.276159
0.266073 0.264802
0.281838 0.253748
0.298538 0.243003
0.316228 0.232571
0.334965 0.222455
0.354813 0.212657
0.375837 0.203178
0.398107 0.194018
0.421697 0.185175
0.446684 0.176646
0.473151 0.168429
0.501187 0.160519
0.530884 0.152913
0.562341 0.145605
0.595662 0.138589
0.630957 0.131858
0.668344 0.125407
0.707946 0.119228
0.749894 0.113315
0.794328 0.107658
0.841395 0.102252
0.891251 0.0970873
0.944061 0.0921568
1 0.0874525
