x GR P0 P50 P100 P150
-0.6 36 256 206 156 106
-0.5825 33.9306 250.431 200.431 150.431 100.431
-0.565 31.9225 244.922 194.922 144.922 94.9225
-0.5475 29.9756 239.476 189.476 139.476 89.4756
-0.53 28.09 234.09 184.09 134.09 84.09
-0.5125 26.2656 228.766 178.766 128.766 78.7656
-0.495 24.5025 223.503 173.503 123.503 73.5025
-0.4775 22.8006 218.301 168.301 118.301 68.3006
-0.46 21.16 213.16 163.16 113.16 63.16
-0.4425 19.5806 208.081 158.081 108.081 58.0806
-0.425 18.0625 203.062 153.062 103.062 53.0625
-0.4075 16.6056 198.106 148.106 98.1056 48.1056
-0.39 15.21 193.21 143.21 93.21 43.21
-0.3725 13.8756 188.376 138.376 88.3756 38.3756
-0.355 12.6025 183.602 133.602 83.6025 33.6025
-0.3375 11.3906 178.891 128.891 78.8906 28.8906
-0.32 10.24 174.24 124.24 74.24 24.24
-0.3025 9.15062 169.651 119.651 69.6506 19.6506
-0.285 8.1225 165.122 115.122 65.1225 15.1225
-0.2675 7.15562 160.656 110.656 60.6556 10.6556
-0.25 6.25 156.25 106.25 56.25 6.25
-0.2325 5.40562 151.906 101.906 51.9056 1.90562
-0.215 4.6225 147.622 97.6225 47.6225 -2.3775
-0.1975 3.90062 143.401 93.4006 43.4006 -6.59938
-0.18 3.24 139.24 89.24 39.24 -10.76
-0.1625 2.64062 135.141 85.1406 35.1406 -14.8594
-0.145 2.1025 131.103 81.1025 31.1025 -18.8975
-0.1275 1.62562 127.126 77.1256 27.1256 -22.8744
-0.11 1.21 123.21 73.21 23.21 -26.79
-0.0925 0.855625 119.356 69.3556 19.3556 -30.6444
-0.075 0.5625 115.562 65.5625 15.5625 -34.4375
-0.0575 0.330625 111.831 61.8306 11.8306 -38.1694
-0.04 0.16 108.16 58.16 8.16 -41.84
-0.0225 0.050625 104.551 54.5506 4.55062 -45.4494
-0.005 0.0025 101.002 51.0025 1.0025 -48.9975
0.0125 0.015625 97.5156 47.5156 -2.48438 -52.4844
0.03 0.09 94.09 44.09 -5.91 -55.91
0.0475 0.225625 90.7256 40.7256 -9.27438 -59.2744
0.065 0.4225 87.4225 37.4225 -12.5775 -62.5775
0.0825 0.680625 84.1806 34.1806 -15.8194 -65.8194
0.1 1 81 31 -19 -69
0.1175 1.38063 77.8806 27.8806 -22.1194 -72.1194
0.135 1.8225 74.8225 24.8225 -25.1775 -75.1775
0.1525 2.32563 71.8256 21.8256 -28.1744 -78.1744
0.17 2.89 68.89 18.89 -31.11 -81.11
0.1875 3.51563 66.0156 16.0156 -33.9844 -83.9844
0.205 4.2025 63.2025 13.2025 -36.7975 -86.7975
0.2225 4.95063 60.4506 10.4506 -39.5494 -89.5494
0.24 5.76 57.76 7.76 -42.24 -92.24
0.2575 6.63063 55.1306 5.13062 -44.8694 -94.8694
0.275 7.5625 52.5625 2.5625 -47.4375 -97.4375
0.2925 8.55563 50.0556 0.055625 -49.9444 -99.9444
0.31 9.61 47.61 -2.39 -52.39 -102.39
0.3275 10.7256 45.2256 -4.77438 -54.7744 -104.774
0.345 11.9025 42.9025 -7.0975 -57.0975 -107.098
0.3625 13.1406 40.6406 -9.35938 -59.3594 -109.359
0.38 14.44 38.44 -11.56 -61.56 -111.56
0.3975 15.8006 36.3006 -13.6994 -63.6994 -113.699
0.415 17.2225 34.2225 -15.7775 -65.7775 -115.778
0.4325 18.7056 32.2056 -17.7944 -67.7944 -117.794
0.45 20.25 30.25 -19.75 -69.75 -119.75
0.4675 21.8556 28.3556 -21.6444 -71.6444 -121.644
0.485 23.5225 26.5225 -23.4775 -73.4775 -123.478
0.5025 25.2506 24.7506 -25.2494 -75.2494 -125.249
0.52 27.04 23.04 -26.96 -76.96 -126.96
0.5375 28.8906 21.3906 -28.6094 -78.6094 -128.609
0.555 30.8025 19.8025 -30.1975 -80.1975 -130.197
0.5725 32.7756 18.2756 -31.7244 -81.7244 -131.724
0.59 34.81 16.81 -33.19 -83.19 -133.19
0.6075 36.9056 15.4056 -34.5944 -84.5944 -134.594
0.625 39.0625 14.0625 -35.9375 -85.9375 -135.938
0.6425 41.2806 12.7806 -37.2194 -87.2194 -137.219
0.66 43.56 11.56 -38.44 -88.44 -138.44
0.6775 45.9006 10.4006 -39.5994 -89.5994 -139.599
0.695 48.3025 9.3025 -40.6975 -90.6975 -140.698
0.7125 50.7656 8.26562 -41.7344 -91.7344 -141.734
0.73 53.29 7.29 -42.71 -92.71 -142.71
0.7475 55.8756 6.37562 -43.6244 -93.6244 -143.624
0.765 58.5225 5.5225 -44.4775 -94.4775 -144.478
0.7825 61.2306 4.73062 -45.2694 -95.2694 -145.269
0.8 64 4 -46 -96 -146
0.8175 66.8306 3.33062 -46.6694 -96.6694 -146.669
0.835 69.7225 2.7225 -47.2775 -97.2775 -147.278
0.8525 72.6756 2.17562 -47.8244 -97.8244 -147.824
0.87 75.69 1.69 -48.31 -98.31 -148.31
0.8875 78.7656 1.26562 -48.7344 -98.7344 -148.734
0.905 81.9025 0.9025 -49.0975 -99.0975 -149.097
0.9225 85.1006 0.600625 -49.3994 -99.3994 -149.399
0.94 88.36 0.36 -49.64 -99.64 -149.64
0.9575 91.6806 0.180625 -49.8194 -99.8194 -149.819
0.975 95.0625 0.0625 -49.9375 -99.9375 -149.938
0.9925 98.5056 0.005625 -49.9944 -99.9944 -149.994
1.01 102.01 0.01 -49.99 -99.99 -149.99
1.0275 105.576 0.075625 -49.9244 -99.9244 -149.924
1.045 109.203 0.2025 -49.7975 -99.7975 -149.797
1.0625 112.891 0.390625 -49.6094 -99.6094 -149.609
1.08 116.64 0.64 -49.36 -99.36 -149.36
1.0975 120.451 0.950625 -49.0494 -99.0494 -149.049
1.115 124.323 1.3225 -48.6775 -98.6775 -148.678
1.1325 128.256 1.75563 -48.2444 -98.2444 -148.244
1.15 132.25 2.25 -47.75 -97.75 -147.75
1.1675 136.306 2.80562 -47.1944 -97.1944 -147.194
1.185 140.423 3.4225 -46.5775 -96.5775 -146.577
1.2025 144.601 4.10063 -45.8994 -95.8994 -145.899
1.22 148.84 4.84 -45.16 -95.16 -145.16
1.2375 153.141 5.64063 -44.3594 -94.3594 -144.359
1.255 157.503 6.5025 -43.4975 -93.4975 -143.497
1.2725 161.926 7.42563 -42.5744 -92.5744 -142.574
1.29 166.41 8.41 -41.59 -91.59 -141.59
1.3075 170.956 9.45563 -40.5444 -90.5444 -140.544
1.325 175.563 10.5625 -39.4375 -89.4375 -139.438
1.3425 180.231 11.7306 -38.2694 -88.2694 -138.269
1.36 184.96 12.96 -37.04 -87.04 -137.04
1.3775 189.751 14.2506 -35.7494 -85.7494 -135.749
1.395 194.602 15.6025 -34.3975 -84.3975 -134.398
1.4125 199.516 17.0156 -32.9844 -82.9844 -132.984
1.43 204.49 18.49 -31.51 -81.51 -131.51
1.4475 209.526 20.0256 -29.9744 -79.9744 -129.974
1.465 214.623 21.6225 -28.3775 -78.3775 -128.377
1.4825 219.781 23.2806 -26.7194 -76.7194 -126.719
1.5 225 25 -25 -75 -125
1.5175 230.281 26.7806 -23.2194 -73.2194 -123.219
1.535 235.623 28.6225 -21.3775 -71.3775 -121.377
1.5525 241.026 30.5256 -19.4744 -69.4744 -119.474
1.57 246.49 32.49 -17.51 -67.51 -117.51
1.5875 252.016 34.5156 -15.4844 -65.4844 -115.484
1.605 257.603 36.6025 -13.3975 -63.3975 -113.398
1.6225 263.251 38.7506 -11.2494 -61.2494 -111.249
1.64 268.96 40.96 -9.04 -59.04 -109.04
1.6575 274.731 43.2306 -6.76937 -56.7694 -106.769
1.675 280.563 45.5625 -4.4375 -54.4375 -104.437
1.6925 286.456 47.9556 -2.04437 -52.0444 -102.044
1.71 292.41 50.41 0.41 -49.59 -99.59
1.7275 298.426 52.9256 2.92563 -47.0744 -97.0744
1.745 304.502 55.5025 5.5025 -44.4975 -94.4975
1.7625 310.641 58.1406 8.14063 -41.8594 -91.8594
1.78 316.84 60.84 10.84 -39.16 -89.16
1.7975 323.101 63.6006 13.6006 -36.3994 -86.3994
1.815 329.423 66.4225 16.4225 -33.5775 -83.5775
1.8325 335.806 69.3056 19.3056 -30.6944 -80.6944
1.85 342.25 72.25 22.25 -27.75 -77.75
1.8675 348.756 75.2556 25.2556 -24.7444 -74.7444
1.885 355.323 78.3225 28.3225 -21.6775 -71.6775
1.9025 361.951 81.4506 31.4506 -18.5494 -68.5494
1.92 368.64 84.64 34.64 -15.36 -65.36
1.9375 375.391 87.8906 37.8906 -12.1094 -62.1094
1.955 382.202 91.2025 41.2025 -8.7975 -58.7975
1.9725 389.076 94.5756 44.5756 -5.42437 -55.4244
1.99 396.01 98.01 48.01 -1.99 -51.99
2.0075 403.006 101.506 51.5056 1.50563 -48.4944
2.025 410.063 105.063 55.0625 5.0625 -44.9375
2.0425 417.181 108.681 58.6806 8.68062 -41.3194
2.06 424.36 112.36 62.36 12.36 -37.64
2.0775 431.601 116.101 66.1006 16.1006 -33.8994
2.095 438.903 119.903 69.9025 19.9025 -30.0975
2.1125 446.266 123.766 73.7656 23.7656 -26.2344
2.13 453.69 127.69 77.69 27.69 -22.31
2.1475 461.176 131.676 81.6756 31.6756 -18.3244
2.165 468.723 135.723 85.7225 35.7225 -14.2775
2.1825 476.331 139.831 89.8306 39.8306 -10.1694
2.2 484 144 94 44 -6
