x T y
0 99.9991 0
0.01 98.5069 0.0614839
0.02 97.1609 0.114829
0.03 95.9406 0.161533
0.04 94.8295 0.20275
0.05 93.8139 0.239382
0.06 92.8824 0.272148
0.07 92.0252 0.301622
0.08 91.2344 0.328275
0.09 90.5028 0.35249
0.1 89.8245 0.374586
0.11 89.1942 0.394829
0.12 88.6073 0.413443
0.13 88.06 0.430618
0.14 87.5486 0.446516
0.15 87.07 0.461276
0.16 86.6215 0.475018
0.17 86.2005 0.487848
0.18 85.8049 0.499855
0.19 85.4327 0.511119
0.2 85.082 0.521711
0.21 84.7513 0.531694
0.22 84.439 0.541121
0.23 84.1438 0.550042
0.24 83.8645 0.558501
0.25 83.6 0.566537
0.26 83.3491 0.574187
0.27 83.1111 0.581481
0.28 82.8849 0.588449
0.29 82.6699 0.595117
0.3 82.4653 0.601509
0.31 82.2703 0.607648
0.32 82.0845 0.613552
0.33 81.9071 0.619242
0.34 81.7377 0.624734
0.35 81.5757 0.630043
0.36 81.4206 0.635184
0.37 81.2722 0.640171
0.38 81.1298 0.645016
0.39 80.9933 0.649732
0.4 80.8621 0.654329
0.41 80.7361 0.658818
0.42 80.6148 0.663209
0.43 80.498 0.66751
0.44 80.3855 0.671731
0.45 80.277 0.675879
0.46 80.1722 0.679964
0.47 80.071 0.683992
0.48 79.9732 0.687971
0.49 79.8786 0.691908
0.5 79.7869 0.69581
0.51 79.6982 0.699682
0.52 79.6121 0.703533
0.53 79.5286 0.707367
0.54 79.4476 0.711191
0.55 79.3689 0.715011
0.56 79.2925 0.718833
0.57 79.2183 0.722663
0.58 79.1461 0.726506
0.59 79.076 0.730368
0.6 79.0078 0.734256
0.61 78.9415 0.738174
0.62 78.8771 0.742128
0.63 78.8145 0.746125
0.64 78.7537 0.75017
0.65 78.6946 0.754269
0.66 78.6374 0.758428
0.67 78.5819 0.762654
0.68 78.5282 0.766952
0.69 78.4763 0.77133
0.7 78.4261 0.775794
0.71 78.3779 0.780351
0.72 78.3315 0.785008
0.73 78.2871 0.789772
0.74 78.2446 0.794651
0.75 78.2043 0.799653
0.76 78.166 0.804787
0.77 78.13 0.81006
0.78 78.0963 0.815483
0.79 78.0651 0.821065
0.8 78.0364 0.826816
0.81 78.0103 0.832746
0.82 77.9871 0.838867
0.83 77.9668 0.84519
0.84 77.9497 0.851729
0.85 77.9359 0.858496
0.86 77.9256 0.865506
0.87 77.9191 0.872774
0.88 77.9164 0.880315
0.89 77.918 0.888148
0.9 77.924 0.896291
0.91 77.9347 0.904763
0.92 77.9505 0.913587
0.93 77.9716 0.922784
0.94 77.9985 0.93238
0.95 78.0314 0.942401
0.96 78.0709 0.952877
0.97 78.1173 0.963839
0.98 78.171 0.975321
0.99 78.2328 0.987361
1 78.3029 1
