pH a0 a1 a2
4 0.995553 0.00444697 2.08001e-09
4.05 0.995013 0.00498688 2.61715e-09
4.1 0.994408 0.00559197 3.29279e-09
4.15 0.99373 0.00627001 4.14256e-09
4.2 0.99297 0.00702969 5.21118e-09
4.25 0.992119 0.00788068 6.55487e-09
4.3 0.991166 0.00883378 8.24416e-09
4.35 0.990099 0.00990099 1.03676e-08
4.4 0.988904 0.0110957 1.30363e-08
4.45 0.987567 0.0124327 1.63895e-08
4.5 0.986071 0.0139286 2.0602e-08
4.55 0.984398 0.0156017 2.58923e-08
4.6 0.982528 0.0174721 3.25346e-08
4.65 0.980438 0.0195623 4.08714e-08
4.7 0.978103 0.021897 5.13316e-08
4.75 0.975497 0.0245034 6.44504e-08
4.8 0.972589 0.0274113 8.08964e-08
4.85 0.969346 0.0306534 1.01503e-07
4.9 0.965734 0.0342655 1.27309e-07
4.95 0.961713 0.0382865 1.59605e-07
5 0.957241 0.0427584 1.99996e-07
5.05 0.952273 0.0477267 2.50473e-07
5.1 0.946759 0.0532402 3.13502e-07
5.15 0.940649 0.0593509 3.92128e-07
5.2 0.933885 0.066114 4.9011e-07
5.25 0.926412 0.0735875 6.12074e-07
5.3 0.918167 0.0818318 7.63698e-07
5.35 0.90909 0.090909 9.51934e-07
5.4 0.899116 0.100883 1.18527e-06
5.45 0.888183 0.111816 1.47402e-06
5.5 0.876228 0.12377 1.8307e-06
5.55 0.863191 0.136807 2.27042e-06
5.6 0.849018 0.150979 2.81136e-06
5.65 0.83366 0.166337 3.47527e-06
5.7 0.817075 0.18292 4.28807e-06
5.75 0.799236 0.200759 5.2805e-06
5.8 0.780125 0.219869 6.48879e-06
5.85 0.759741 0.240251 7.95546e-06
5.9 0.738102 0.261888 9.73008e-06
5.95 0.715244 0.284744 1.18701e-05
6 0.691226 0.308759 1.44418e-05
6.05 0.666128 0.333855 1.75209e-05
6.1 0.640051 0.359927 2.11941e-05
6.15 0.613121 0.386853 2.55591e-05
6.2 0.585481 0.414489 3.07265e-05
6.25 0.557291 0.442672 3.68199e-05
6.3 0.528727 0.471229 4.39776e-05
6.35 0.499974 0.499974 5.23537e-05
6.4 0.47122 0.528718 6.21189e-05
6.45 0.442656 0.557271 7.34626e-05
6.5 0.414465 0.585448 8.65941e-05
6.55 0.386824 0.613074 0.000101745
6.6 0.359892 0.639989 0.000119171
6.65 0.333814 0.666047 0.000139157
6.7 0.308714 0.691124 0.000162015
6.75 0.284694 0.715118 0.000188095
6.8 0.261834 0.737948 0.000217784
6.85 0.240193 0.759556 0.000251513
6.9 0.219807 0.779904 0.000289762
6.95 0.200693 0.798974 0.000333068
7 0.182851 0.816767 0.00038203
7.05 0.166265 0.833298 0.000437321
7.1 0.150904 0.848596 0.00049969
7.15 0.136729 0.862701 0.000569981
7.2 0.12369 0.875661 0.000649136
7.25 0.111733 0.887529 0.000738214
7.3 0.100798 0.898364 0.000838402
7.35 0.0908226 0.908226 0.00095103
7.4 0.0817436 0.917179 0.00107759
7.45 0.0734978 0.925282 0.00121976
7.5 0.0660229 0.932598 0.00137941
7.55 0.0592584 0.939183 0.00155866
7.6 0.0531465 0.945094 0.00175985
7.65 0.047632 0.950382 0.00198563
7.7 0.0426627 0.955098 0.00223897
7.75 0.0381899 0.959287 0.00252318
7.8 0.0341682 0.96299 0.00284198
7.85 0.0305554 0.966245 0.00319954
7.9 0.0273126 0.969087 0.0036005
7.95 0.0244041 0.971546 0.00405008
8 0.0217973 0.973649 0.0045541
8.05 0.0194622 0.975419 0.00511907
8.1 0.0173716 0.976876 0.00575227
8.15 0.0155008 0.978037 0.00646183
8.2 0.0138276 0.978916 0.0072568
8.25 0.0123314 0.979521 0.0081473
8.3 0.0109942 0.979861 0.0091446
8.35 0.00979939 0.979939 0.0102612
8.4 0.00873209 0.979757 0.0115111
8.45 0.00777895 0.979311 0.0129098
8.5 0.00692794 0.978598 0.0144745
8.55 0.00616829 0.977607 0.0162242
8.6 0.0054903 0.97633 0.0181801
8.65 0.00488532 0.974749 0.0203654
8.7 0.00434556 0.972849 0.0228058
8.75 0.00386405 0.970606 0.0255295
8.8 0.00343459 0.967998 0.0285676
8.85 0.00305158 0.964994 0.031954
8.9 0.00271006 0.961564 0.0357255
8.95 0.00240556 0.957672 0.0399224
9 0.00213412 0.953278 0.0445881
9.05 0.00189218 0.948338 0.0497695
9.1 0.00167657 0.942807 0.0555166
9.15 0.00148446 0.936633 0.0618827
9.2 0.00131332 0.929762 0.0689242
9.25 0.0011609 0.922139 0.0767002
9.3 0.00102519 0.913703 0.0852717
9.35 0.000904394 0.904394 0.0947017
9.4 0.000796912 0.89415 0.105053
9.45 0.000701319 0.882909 0.11639
9.5 0.000616345 0.870611 0.128773
9.55 0.000540856 0.857199 0.14226
9.6 0.000473841 0.842623 0.156904
9.65 0.000414399 0.826835 0.17275
9.7 0.000361725 0.809802 0.189836
9.75 0.000315102 0.791499 0.208186
9.8 0.000273887 0.771917 0.227809
9.85 0.000237507 0.751062 0.2487
9.9 0.000205449 0.72896 0.270834
9.95 0.000177253 0.705656 0.294166
10 0.000152506 0.681218 0.31863
10.05 0.000130836 0.655735 0.344134
10.1 0.00011191 0.629318 0.37057
10.15 9.54265e-05 0.602101 0.397804
10.2 8.11127e-05 0.574234 0.425685
10.25 6.87228e-05 0.545884 0.454047
10.3 5.80344e-05 0.517233 0.482709
10.35 4.88465e-05 0.488465 0.511486
10.4 4.09773e-05 0.459773 0.540186
10.45 3.42629e-05 0.431344 0.568622
10.5 2.85557e-05 0.403359 0.596612
10.55 2.37233e-05 0.375989 0.623987
10.6 1.96476e-05 0.349389 0.650592
10.65 1.62231e-05 0.323693 0.676291
10.7 1.33567e-05 0.299019 0.700968
10.75 1.09662e-05 0.275459 0.72453
10.8 8.97979e-06 0.253085 0.746906
10.85 7.33479e-06 0.231946 0.768046
10.9 5.977e-06 0.212072 0.787922
10.95 4.85979e-06 0.193472 0.806524
11 3.94323e-06 0.176138 0.823858
11.05 3.19339e-06 0.160049 0.839948
11.1 2.58154e-06 0.14517 0.854827
11.15 2.08348e-06 0.131459 0.868539
11.2 1.67897e-06 0.118862 0.881136
11.25 1.35112e-06 0.107323 0.892675
11.3 1.08591e-06 0.0967815 0.903217
11.35 8.71741e-07 0.0871741 0.912825
11.4 6.99076e-07 0.0784376 0.921562
11.45 5.60073e-07 0.0705091 0.92949
11.5 4.4832e-07 0.0633268 0.936673
11.55 3.58583e-07 0.0568315 0.943168
11.6 2.86604e-07 0.0509661 0.949034
11.65 2.28926e-07 0.0456768 0.954323
11.7 1.8275e-07 0.0409127 0.959087
11.75 1.45812e-07 0.0366264 0.963373
11.8 1.16286e-07 0.0327739 0.967226
11.85 9.26998e-08 0.0293142 0.970686
11.9 7.38695e-08 0.0262099 0.97379
11.95 5.88444e-08 0.0234264 0.976574
12 4.68611e-08 0.0209321 0.979068
12.05 3.7308e-08 0.0186983 0.981302
12.1 2.96952e-08 0.0166988 0.983301
12.15 2.36307e-08 0.0149099 0.98509
12.2 1.8801e-08 0.0133101 0.98669
12.25 1.49558e-08 0.0118798 0.98812
12.3 1.18952e-08 0.0106016 0.989398
12.35 9.45959e-09 0.00945959 0.99054
12.4 7.52176e-09 0.00843955 0.99156
12.45 5.98023e-09 0.00752866 0.992471
12.5 4.75416e-09 0.00671543 0.993285
12.55 3.77912e-09 0.00598951 0.99401
12.6 3.00382e-09 0.00534163 0.994658
12.65 2.38741e-09 0.0047635 0.995236
12.7 1.89737e-09 0.00424768 0.995752
12.75 1.50783e-09 0.00378749 0.996213
12.8 1.1982e-09 0.003377 0.996623
12.85 9.52117e-10 0.00301086 0.996989
12.9 7.56541e-10 0.00268431 0.997316
12.95 6.01118e-10 0.00239309 0.997607
13 4.77609e-10 0.0021334 0.997867
