c eesm eep
0.0785436 0.0816211 0.957561
0.145467 0.162429 0.954171
0.202497 0.241375 0.950617
0.251107 0.3175 0.946902
0.292555 0.389978 0.943031
0.327915 0.458149 0.939009
0.358103 0.521532 0.934842
0.383899 0.579827 0.930537
0.405967 0.632907 0.926102
0.424874 0.680792 0.921545
0.441101 0.723627 0.916875
0.455057 0.761652 0.912099
0.467091 0.795177 0.907227
0.477497 0.824551 0.902268
0.486528 0.850148 0.897231
0.494395 0.872344 0.892124
0.501279 0.891507 0.886956
0.507335 0.907989 0.881735
0.51269 0.922116 0.876469
0.517455 0.934189 0.871164
0.521722 0.944478 0.865829
0.525571 0.953226 0.860469
0.529067 0.960648 0.855091
0.532267 0.966933 0.849699
0.535217 0.972246 0.8443
0.537958 0.976731 0.838897
0.540522 0.98051 0.833494
0.54294 0.983692 0.828096
0.545233 0.986366 0.822706
0.547423 0.988612 0.817326
0.549526 0.990497 0.811959
0.551556 0.992076 0.806608
0.553526 0.993398 0.801274
0.555445 0.994503 0.795959
0.557321 0.995428 0.790665
0.559162 0.996199 0.785393
0.560974 0.996843 0.780144
0.562761 0.99738 0.774919
0.564527 0.997827 0.769719
0.566276 0.9982 0.764544
0.568011 0.998509 0.759394
0.569735 0.998766 0.754272
0.571448 0.99898 0.749175
0.573153 0.999157 0.744106
0.574852 0.999304 0.739063
0.576545 0.999426 0.734048
0.578234 0.999527 0.72906
0.579918 0.99961 0.724099
0.5816 0.999679 0.719165
0.583278 0.999736 0.714259
0.584955 0.999783 0.709379
0.58663 0.999822 0.704527
0.588303 0.999854 0.699701
0.589975 0.99988 0.694903
0.591647 0.999902 0.69013
0.593317 0.99992 0.685385
0.594987 0.999934 0.680665
0.596656 0.999946 0.675972
0.598325 0.999956 0.671304
0.599993 0.999964 0.666663
0.601661 0.999971 0.662047
0.603329 0.999976 0.657456
0.604996 0.999981 0.65289
0.606664 0.999984 0.64835
0.608331 0.999987 0.643834
0.609998 0.99999 0.639343
0.611665 0.999992 0.634876
0.613332 0.999993 0.630434
0.614999 0.999995 0.626016
0.616666 0.999996 0.621621
0.618333 0.999996 0.61725
0.619999 0.999997 0.612903
0.621666 0.999998 0.608579
0.623333 0.999998 0.604278
0.625 0.999998 0.6
0.626666 0.999999 0.595745
0.628333 0.999999 0.591512
0.63 0.999999 0.587301
0.631667 0.999999 0.583113
0.633333 0.999999 0.578947
0.635 1 0.574803
0.636667 1 0.570681
0.638333 1 0.56658
0.64 1 0.5625
0.641667 1 0.558442
0.643333 1 0.554404
0.645 1 0.550388
0.646667 1 0.546392
0.648333 1 0.542416
0.65 1 0.538462
0.651667 1 0.534527
0.653333 1 0.530612
0.655 1 0.526718
0.656667 1 0.522843
0.658333 1 0.518987
0.66 1 0.515152
0.661667 1 0.511335
0.663333 1 0.507538
0.665 1 0.503759
0.666667 1 0.5
0.668333 1 0.496259
0.67 1 0.492537
0.671667 1 0.488834
0.673333 1 0.485149
0.675 1 0.481481
0.676667 1 0.477833
0.678333 1 0.474201
0.68 1 0.470588
0.681667 1 0.466993
0.683333 1 0.463415
0.685 1 0.459854
0.686667 1 0.456311
0.688333 1 0.452785
0.69 1 0.449275
0.691667 1 0.445783
0.693333 1 0.442308
0.695 1 0.438849
0.696667 1 0.435407
0.698333 1 0.431981
0.7 1 0.428571
0.701667 1 0.425178
0.703333 1 0.421801
0.705 1 0.41844
0.706667 1 0.415094
0.708333 1 0.411765
0.71 1 0.408451
0.711667 1 0.405152
0.713333 1 0.401869
0.715 1 0.398601
0.716667 1 0.395349
0.718333 1 0.392111
0.72 1 0.388889
0.721667 1 0.385681
0.723333 1 0.382488
0.725 1 0.37931
0.726667 1 0.376147
0.728333 1 0.372998
0.73 1 0.369863
0.731667 1 0.366743
0.733333 1 0.363636
0.735 1 0.360544
0.736667 1 0.357466
0.738333 1 0.354402
0.74 1 0.351351
0.741667 1 0.348315
0.743333 1 0.345291
0.745 1 0.342282
0.746667 1 0.339286
0.748333 1 0.336303
0.75 1 0.333333
0.751667 1 0.330377
0.753333 1 0.327434
0.755 1 0.324503
0.756667 1 0.321586
0.758333 1 0.318681
0.76 1 0.315789
0.761667 1 0.31291
0.763333 1 0.310044
0.765 1 0.30719
0.766667 1 0.304348
0.768333 1 0.301518
0.77 1 0.298701
0.771667 1 0.295896
0.773333 1 0.293103
0.775 1 0.290323
0.776667 1 0.287554
0.778333 1 0.284797
0.78 1 0.282051
0.781667 1 0.279318
0.783333 1 0.276596
0.785 1 0.273885
0.786667 1 0.271186
0.788333 1 0.268499
0.79 1 0.265823
0.791667 1 0.263158
0.793333 1 0.260504
0.795 1 0.257862
0.796667 1 0.25523
0.798333 1 0.25261
0.8 1 0.25
0.801667 1 0.247401
0.803333 1 0.244813
0.805 1 0.242236
0.806667 1 0.239669
0.808333 1 0.237113
0.81 1 0.234568
0.811667 1 0.232033
0.813333 1 0.229508
0.815 1 0.226994
0.816667 1 0.22449
0.818333 1 0.221996
0.82 1 0.219512
0.821667 1 0.217039
0.823333 1 0.214575
0.825 1 0.212121
0.826667 1 0.209677
0.828333 1 0.207243
0.83 1 0.204819
0.831667 1 0.202405
0.833333 1 0.2
0.835 1 0.197605
0.836667 1 0.195219
0.838333 1 0.192843
0.84 1 0.190476
0.841667 1 0.188119
0.843333 1 0.185771
0.845 1 0.183432
0.846667 1 0.181102
0.848333 1 0.178782
0.85 1 0.176471
0.851667 1 0.174168
0.853333 1 0.171875
0.855 1 0.169591
0.856667 1 0.167315
0.858333 1 0.165049
0.86 1 0.162791
0.861667 1 0.160542
0.863333 1 0.158301
0.865 1 0.156069
0.866667 1 0.153846
0.868333 1 0.151631
0.87 1 0.149425
0.871667 1 0.147228
0.873333 1 0.145038
0.875 1 0.142857
0.876667 1 0.140684
0.878333 1 0.13852
0.88 1 0.136364
0.881667 1 0.134216
0.883333 1 0.132075
0.885 1 0.129944
0.886667 1 0.12782
0.888333 1 0.125704
0.89 1 0.123596
0.891667 1 0.121495
0.893333 1 0.119403
0.895 1 0.117318
0.896667 1 0.115242
0.898333 1 0.113173
0.9 1 0.111111
0.901667 1 0.109057
0.903333 1 0.107011
0.905 1 0.104972
0.906667 1 0.102941
0.908333 1 0.100917
0.91 1 0.0989011
0.911667 1 0.0968921
0.913333 1 0.0948905
0.915 1 0.0928962
0.916667 1 0.0909091
0.918333 1 0.0889292
0.92 1 0.0869565
0.921667 1 0.084991
0.923333 1 0.0830325
0.925 1 0.0810811
0.926667 1 0.0791367
0.928333 1 0.0771993
0.93 1 0.0752688
0.931667 1 0.0733453
0.933333 1 0.0714286
0.935 1 0.0695187
0.936667 1 0.0676157
0.938333 1 0.0657194
0.94 1 0.0638298
0.941667 1 0.0619469
0.943333 1 0.0600707
0.945 1 0.0582011
0.946667 1 0.056338
0.948333 1 0.0544815
0.95 1 0.0526316
0.951667 1 0.0507881
0.953333 1 0.048951
0.955 1 0.0471204
0.956667 1 0.0452962
0.958333 1 0.0434783
0.96 1 0.0416667
0.961667 1 0.0398614
0.963333 1 0.0380623
0.965 1 0.0362694
0.966667 1 0.0344828
0.968333 1 0.0327022
0.97 1 0.0309278
0.971667 1 0.0291595
0.973333 1 0.0273973
0.975 1 0.025641
0.976667 1 0.0238908
0.978333 1 0.0221465
0.98 1 0.0204082
0.981667 1 0.0186757
0.983333 1 0.0169492
0.985 1 0.0152284
0.986667 1 0.0135135
0.988333 1 0.0118044
0.99 1 0.010101
0.991667 1 0.00840336
0.993333 1 0.00671141
0.995 1 0.00502513
