x E
0 0
0.05 0.0222048
0.1 0.0887972
0.15 0.199712
0.2 0.354838
0.25 0.554025
0.3 0.797074
0.35 1.08375
0.4 1.41376
0.45 1.78678
0.5 2.20246
0.55 2.66037
0.6 3.16006
0.65 3.70104
0.7 4.28278
0.75 4.90471
0.8 5.5662
0.85 6.26661
0.9 7.00524
0.95 7.78137
1 8.59424
1.05 9.44302
1.1 10.3269
1.15 11.245
1.2 12.1964
1.25 13.1802
1.3 14.1954
1.35 15.241
1.4 16.3159
1.45 17.4192
1.5 18.5497
1.55 19.7062
1.6 20.8878
1.65 22.0931
1.7 23.3211
1.75 24.5704
1.8 25.8399
1.85 27.1283
1.9 28.4344
1.95 29.7568
2 31.0942
2.05 32.4454
2.1 33.809
2.15 35.1836
2.2 36.5678
2.25 37.9604
2.3 39.36
2.35 40.7651
2.4 42.1744
2.45 43.5865
2.5 45
2.55 46.4135
2.6 47.8256
2.65 49.2349
2.7 50.64
2.75 52.0396
2.8 53.4322
2.85 54.8164
2.9 56.191
2.95 57.5546
3 58.9058
3.05 60.2432
3.1 61.5656
3.15 62.8717
3.2 64.1601
3.25 65.4296
3.3 66.6789
3.35 67.9069
3.4 69.1122
3.45 70.2938
3.5 71.4503
3.55 72.5808
3.6 73.6841
3.65 74.759
3.7 75.8046
3.75 76.8198
3.8 77.8036
3.85 78.755
3.9 79.6731
3.95 80.557
4 81.4058
4.05 82.2186
4.1 82.9948
4.15 83.7334
4.2 84.4338
4.25 85.0953
4.3 85.7172
4.35 86.299
4.4 86.8399
4.45 87.3396
4.5 87.7975
4.55 88.2132
4.6 88.5862
4.65 88.9163
4.7 89.2029
4.75 89.446
4.8 89.6452
4.85 89.8003
4.9 89.9112
4.95 89.9778
5 90
5.05 89.9729
5.1 89.8915
5.15 89.7559
5.2 89.5663
5.25 89.3229
5.3 89.0258
5.35 88.6754
5.4 88.2721
5.45 87.8162
5.5 87.3081
5.55 86.7484
5.6 86.1377
5.65 85.4765
5.7 84.7655
5.75 84.0054
5.8 83.1969
5.85 82.3408
5.9 81.438
5.95 80.4894
6 79.4959
6.05 78.4585
6.1 77.3782
6.15 76.2561
6.2 75.0933
6.25 73.8909
6.3 72.6501
6.35 71.3722
6.4 70.0583
6.45 68.7099
6.5 67.3282
6.55 65.9146
6.6 64.4705
6.65 62.9973
6.7 61.4965
6.75 59.9695
6.8 58.4179
6.85 56.8431
6.9 55.2469
6.95 53.6306
7 51.9959
7.05 50.3445
7.1 48.6779
7.15 46.9979
7.2 45.306
7.25 43.6039
7.3 41.8933
7.35 40.176
7.4 38.4535
7.45 36.7276
7.5 35
7.55 33.2724
7.6 31.5465
7.65 29.824
7.7 28.1067
7.75 26.3961
7.8 24.694
7.85 23.0021
7.9 21.3221
7.95 19.6555
8 18.0041
8.05 16.3694
8.1 14.7531
8.15 13.1569
8.2 11.5821
8.25 10.0305
8.3 8.50355
8.35 7.00272
8.4 5.52953
8.45 4.08541
8.5 2.67181
8.55 1.29011
8.6 -0.0583194
8.65 -1.37215
8.7 -2.65009
8.75 -3.89087
8.8 -5.09327
8.85 -6.25611
8.9 -7.37823
8.95 -8.45853
9 -9.49593
9.05 -10.4894
9.1 -11.438
9.15 -12.3408
9.2 -13.1969
9.25 -14.0054
9.3 -14.7655
9.35 -15.4765
9.4 -16.1377
9.45 -16.7484
9.5 -17.3081
9.55 -17.8162
9.6 -18.2721
9.65 -18.6754
9.7 -19.0258
9.75 -19.3229
9.8 -19.5663
9.85 -19.7559
9.9 -19.8915
9.95 -19.9729
10 -20
