T G
300 -116.644
320 -112.315
340 -107.986
360 -103.657
380 -99.3282
400 -94.9992
420 -90.6702
440 -86.3411
460 -82.0121
480 -77.683
500 -73.354
520 -69.025
540 -64.6959
560 -60.3669
580 -56.0378
600 -51.7088
620 -47.2917
640 -38.9998
660 -30.708
680 -22.4161
700 -14.1242
720 -5.83232
740 2.45956
760 10.7514
780 19.0433
800 27.3352
820 35.6271
840 43.919
860 52.2108
880 60.5027
900 68.7946
920 77.0865
940 85.3784
960 93.6702
980 101.962
1000 110.254
1020 118.546
1040 126.838
1060 135.13
1080 143.422
1100 151.713
