pL M ML ML2
0 5.98809e-08 0.000123924 0.999876
0.05 7.53844e-08 0.000139043 0.999861
0.1 9.49018e-08 0.000156006 0.999844
0.15 1.19472e-07 0.000175038 0.999825
0.2 1.50403e-07 0.000196392 0.999803
0.25 1.89342e-07 0.00022035 0.999779
0.3 2.38361e-07 0.00024723 0.999753
0.35 3.00069e-07 0.000277388 0.999722
0.4 3.77752e-07 0.000311224 0.999688
0.45 4.75543e-07 0.000349186 0.99965
0.5 5.98648e-07 0.000391777 0.999608
0.55 7.53617e-07 0.00043956 0.99956
0.6 9.48697e-07 0.000493167 0.999506
0.65 1.19427e-06 0.00055331 0.999445
0.7 1.50339e-06 0.000620781 0.999378
0.75 1.89251e-06 0.000696475 0.999302
0.8 2.38233e-06 0.000781391 0.999216
0.85 2.99889e-06 0.000876651 0.99912
0.9 3.77497e-06 0.000983513 0.999013
0.95 4.75183e-06 0.00110339 0.998892
1 5.98138e-06 0.00123785 0.998756
1.05 7.52897e-06 0.00138868 0.998604
1.1 9.47678e-06 0.00155786 0.998433
1.15 1.19283e-05 0.00174761 0.99824
1.2 1.50135e-05 0.00196043 0.998025
1.25 1.88963e-05 0.0021991 0.997782
1.3 2.37826e-05 0.00246676 0.997509
1.35 2.99313e-05 0.0027669 0.997203
1.4 3.76683e-05 0.00310344 0.996859
1.45 4.74031e-05 0.00348076 0.996472
1.5 5.9651e-05 0.00390377 0.996037
1.55 7.50592e-05 0.00437795 0.995547
1.6 9.44416e-05 0.00490942 0.994996
1.65 0.000118821 0.00550503 0.994376
1.7 0.000149482 0.00617241 0.993678
1.75 0.000188037 0.00692008 0.992892
1.8 0.000236514 0.00775753 0.992006
1.85 0.000297453 0.00869533 0.991007
1.9 0.000374046 0.00974523 0.989881
1.95 0.000470291 0.0109203 0.988609
2 0.000591202 0.012235 0.987174
2.05 0.000743056 0.0137053 0.985552
2.1 0.000933711 0.015349 0.983717
2.15 0.00117299 0.0171855 0.981642
2.2 0.00147317 0.0192363 0.979291
2.25 0.00184957 0.0215247 0.976626
2.3 0.00232126 0.0240764 0.973602
2.35 0.00291199 0.0269188 0.970169
2.4 0.00365123 0.030082 0.966267
2.45 0.00457551 0.0335974 0.961827
2.5 0.00572994 0.0374988 0.956771
2.55 0.00717012 0.0418209 0.951009
2.6 0.00896427 0.0465995 0.944436
2.65 0.0111957 0.0518702 0.936934
2.7 0.0139657 0.0576672 0.928367
2.75 0.0173964 0.0640217 0.918582
2.8 0.0216343 0.0709595 0.907406
2.85 0.0268531 0.0784985 0.894648
2.9 0.0332563 0.0866444 0.880099
2.95 0.0410792 0.0953868 0.863534
3 0.0505887 0.104694 0.844718
3.05 0.0620812 0.114506 0.823413
3.1 0.0758758 0.12473 0.799394
3.15 0.0923037 0.135234 0.772462
3.2 0.111691 0.145843 0.742466
3.25 0.134335 0.156335 0.709329
3.3 0.160475 0.166446 0.673078
3.35 0.190257 0.175876 0.633867
3.4 0.223699 0.184302 0.591999
3.45 0.26066 0.1914 0.54794
3.5 0.300823 0.196869 0.502307
3.55 0.343688 0.200462 0.45585
3.6 0.388592 0.202004 0.409404
3.65 0.43475 0.201422 0.363829
3.7 0.481308 0.198742 0.319949
3.75 0.527414 0.194097 0.27849
3.8 0.572271 0.187702 0.240027
3.85 0.615199 0.179839 0.204962
3.9 0.655662 0.170823 0.173515
3.95 0.693282 0.160982 0.145736
4 0.72784 0.150627 0.121533
4.05 0.759255 0.140041 0.100704
4.1 0.787561 0.129465 0.082974
4.15 0.812878 0.119095 0.0680273
4.2 0.835386 0.109082 0.0555322
4.25 0.8553 0.0995372 0.0451624
4.3 0.872856 0.0905336 0.0366101
4.35 0.88829 0.0821149 0.0295946
4.4 0.901833 0.0743007 0.0238662
4.45 0.913701 0.067092 0.0192071
4.5 0.924094 0.060476 0.0154303
4.55 0.933193 0.05443 0.0123774
4.6 0.941159 0.0489249 0.00991565
4.65 0.948138 0.0439277 0.00793468
4.7 0.954253 0.0394031 0.00634339
4.75 0.959617 0.0353155 0.00506706
4.8 0.964326 0.0316294 0.00404466
4.85 0.968463 0.0283107 0.00322657
4.9 0.972101 0.0253267 0.00257258
4.95 0.975303 0.0226468 0.00205021
5 0.978124 0.0202424 0.00163325
5.05 0.980612 0.0180869 0.00130063
5.1 0.982808 0.0161561 0.00103544
5.15 0.984748 0.0144275 0.000824106
5.2 0.986463 0.0128809 0.000655751
5.25 0.987981 0.0114978 0.000521683
5.3 0.989324 0.0102614 0.000414951
5.35 0.990514 0.00915645 0.000330003
5.4 0.991568 0.00816939 0.00026241
5.45 0.992504 0.00728784 0.000208636
5.5 0.993333 0.00650073 0.000165864
5.55 0.99407 0.00579808 0.000131848
5.6 0.994724 0.00517094 0.0001048
5.65 0.995305 0.0046113 8.32941e-05
5.7 0.995822 0.00411196 6.61972e-05
5.75 0.996281 0.00366648 5.26065e-05
5.8 0.996689 0.00326909 4.1804e-05
5.85 0.997052 0.00291464 3.32182e-05
5.9 0.997375 0.00259852 2.63947e-05
5.95 0.997662 0.0023166 2.09721e-05
6 0.997918 0.0020652 1.6663e-05
6.05 0.998146 0.00184103 1.32389e-05
6.1 0.998348 0.00164115 1.05182e-05
6.15 0.998529 0.00146294 8.35639e-06
6.2 0.998689 0.00130406 6.63878e-06
6.25 0.998832 0.00116241 5.27413e-06
6.3 0.99896 0.00103613 4.18992e-06
6.35 0.999073 0.000923558 3.32855e-06
6.4 0.999174 0.000823205 2.64423e-06
6.45 0.999264 0.000733749 2.10058e-06
6.5 0.999344 0.000654007 1.66868e-06
6.55 0.999416 0.000582926 1.32557e-06
6.6 0.999479 0.000519566 1.05301e-06
6.65 0.999536 0.00046309 8.36482e-07
6.7 0.999587 0.00041275 6.64475e-07
6.75 0.999632 0.000367881 5.27835e-07
6.8 0.999672 0.000327887 4.19291e-07
6.85 0.999707 0.00029224 3.33066e-07
6.9 0.999739 0.000260468 2.64572e-07
6.95 0.999768 0.000232149 2.10163e-07
7 0.999793 0.000206908 1.66943e-07
