E i
-1.2 -10
-1.19375 -10
-1.1875 -10
-1.18125 -10
-1.175 -10
-1.16875 -10
-1.1625 -10
-1.15625 -10
-1.15 -10
-1.14375 -10
-1.1375 -10
-1.13125 -10
-1.125 -10
-1.11875 -10
-1.1125 -10
-1.10625 -10
-1.1 -10
-1.09375 -10
-1.0875 -10
-1.08125 -10
-1.075 -10
-1.06875 -10
-1.0625 -10
-1.05625 -10
-1.05 -10
-1.04375 -10
-1.0375 -10
-1.03125 -10
-1.025 -10
-1.01875 -10
-1.0125 -10
-1.00625 -10
-1 -10
-0.99375 -10
-0.9875 -10
-0.98125 -10
-0.975 -10
-0.96875 -10
-0.9625 -10
-0.95625 -10
-0.95 -10
-0.94375 -10
-0.9375 -10
-0.93125 -10
-0.925 -10
-0.91875 -10
-0.9125 -10
-0.90625 -10
-0.9 -10
-0.89375 -10
-0.8875 -10
-0.88125 -10
-0.875 -10
-0.86875 -10
-0.8625 -10
-0.85625 -10
-0.85 -10
-0.84375 -10
-0.8375 -10
-0.83125 -10
-0.825 -10
-0.81875 -10
-0.8125 -10
-0.80625 -10
-0.8 -10
-0.79375 -10
-0.7875 -10
-0.78125 -10
-0.775 -10
-0.76875 -10
-0.7625 -10
-0.75625 -10
-0.75 -10
-0.74375 -10
-0.7375 -10
-0.73125 -10
-0.725 -10
-0.71875 -10
-0.7125 -10
-0.70625 -10
-0.7 -10
-0.69375 -10
-0.6875 -10
-0.68125 -10
-0.675 -10
-0.66875 -10
-0.6625 -10
-0.65625 -10
-0.65 -10
-0.64375 -10
-0.6375 -10
-0.63125 -10
-0.625 -10
-0.61875 -10
-0.6125 -10
-0.60625 -10
-0.6 -10
-0.59375 -10
-0.5875 -10
-0.58125 -10
-0.575 -10
-0.56875 -10
-0.5625 -10
-0.55625 -10
-0.55 -10
-0.54375 -10
-0.5375 -10
-0.53125 -10
-0.525 -10
-0.51875 -10
-0.5125 -10
-0.50625 -10
-0.5 -10
-0.49375 -10
-0.4875 -10
-0.48125 -10
-0.475 -10
-0.46875 -10
-0.4625 -10
-0.45625 -10
-0.45 -10
-0.44375 -10
-0.4375 -10
-0.43125 -10
-0.425 -10
-0.41875 -10
-0.4125 -10
-0.40625 -10
-0.4 -10
-0.39375 -10
-0.3875 -10
-0.38125 -10
-0.375 -10
-0.36875 -10
-0.3625 -10
-0.35625 -10
-0.35 -10
-0.34375 -10
-0.3375 -10
-0.33125 -10
-0.325 -10
-0.31875 -10
-0.3125 -10
-0.30625 -10
-0.3 -10
-0.29375 -10
-0.2875 -10
-0.28125 -10
-0.275 -10
-0.26875 -10
-0.2625 -10
-0.25625 -10
-0.25 -10
-0.24375 -10
-0.2375 -10
-0.23125 -10
-0.225 -10
-0.21875 -10
-0.2125 -10
-0.20625 -10
-0.2 -10
-0.19375 -10
-0.1875 -10
-0.18125 -10
-0.175 -10
-0.16875 -10
-0.1625 -10
-0.15625 -10
-0.15 -10
-0.14375 -10
-0.1375 -10
-0.13125 -10
-0.125 -10
-0.11875 -10
-0.1125 -10
-0.10625 -10
-0.1 -10
-0.09375 -10
-0.0875 -10
-0.08125 -10
-0.075 -10
-0.06875 -10
-0.0625 -10
-0.05625 -10
-0.05 -10
-0.04375 -10
-0.0375 -10
-0.03125 -10
-0.025 -10
-0.01875 -10
-0.0125 -10
-0.00625 -10
0 -10
0.00625 -10
0.0125 -10
0.01875 -10
0.025 -10
0.03125 -9.38059
0.0375 -8.67563
0.04375 -8.02364
0.05 -7.42066
0.05625 -6.86299
0.0625 -6.34723
0.06875 -5.87022
0.075 -5.42907
0.08125 -5.02107
0.0875 -4.64373
0.09375 -4.29475
0.1 -3.97199
0.10625 -3.67349
0.1125 -3.39742
0.11875 -3.1421
0.125 -2.90597
0.13125 -2.68758
0.1375 -2.48561
0.14375 -2.29881
0.15 -2.12605
0.15625 -1.96628
0.1625 -1.81851
0.16875 -1.68185
0.175 -1.55545
0.18125 -1.43856
0.1875 -1.33045
0.19375 -1.23047
0.2 -1.13799
0.20625 -1.05247
0.2125 -0.973378
0.21875 -0.900228
0.225 -0.832575
0.23125 -0.770006
0.2375 -0.712139
0.24375 -0.658621
0.25 -0.609125
0.25625 -0.563348
0.2625 -0.521012
0.26875 -0.481857
0.275 -0.445645
0.28125 -0.412154
0.2875 -0.38118
0.29375 -0.352534
0.3 -0.326041
0.30625 -0.301539
0.3125 -0.278878
0.31875 -0.25792
0.325 -0.238537
0.33125 -0.22061
0.3375 -0.204031
0.34375 -0.188698
0.35 -0.174517
0.35625 -0.161402
0.3625 -0.149272
0.36875 -0.138054
0.375 -0.127679
0.38125 -0.118084
0.3875 -0.10921
0.39375 -0.101003
0.4 -0.0934123
0.40625 -0.0863923
0.4125 -0.0798998
0.41875 -0.0738952
0.425 -0.0683419
0.43125 -0.0632059
0.4375 -0.0584559
0.44375 -0.0540629
0.45 -0.05
0.45625 -0.0462424
0.4625 -0.0427673
0.46875 -0.0395533
0.475 -0.0365808
0.48125 -0.0338317
0.4875 -0.0312892
0.49375 -0.0289378
0.5 -0.0267631
0.50625 -0.0247518
0.5125 -0.0228917
0.51875 -0.0211713
0.525 -0.0195803
0.53125 -0.0181088
0.5375 -0.0167479
0.54375 -0.0154893
0.55 -0.0143252
0.55625 -0.0132487
0.5625 -0.012253
0.56875 -0.0113322
0.575 -0.0104806
0.58125 -0.00969294
0.5875 -0.00896451
0.59375 -0.00829081
0.6 -0.00766775
0.60625 -0.00709151
0.6125 -0.00655857
0.61875 -0.00606569
0.625 -0.00560984
0.63125 -0.00518826
0.6375 -0.00479835
0.64375 -0.00443775
0.65 -0.00410425
0.65625 -0.00379581
0.6625 -0.00351055
0.66875 -0.00324673
0.675 -0.00300273
0.68125 -0.00277707
0.6875 -0.00256837
0.69375 -0.00237536
0.7 -0.00219685
0.70625 -0.00203175
0.7125 -0.00187906
0.71875 -0.00173785
0.725 -0.00160725
0.73125 -0.00148646
0.7375 -0.00137475
0.74375 -0.00127144
0.75 -0.00117589
0.75625 -0.00108752
0.7625 -0.00100579
0.76875 -0.000930203
0.775 -0.000860298
0.78125 -0.000795645
0.7875 -0.000735851
0.79375 -0.000680551
0.8 -0.000629407
