x flory poisson
1 0.000471832 1.04858e-23
2 0.000924791 1.02761e-21
3 0.00135944 3.77645e-20
4 0.00177634 8.22427e-19
5 0.00217601 1.25934e-17
6 0.00255899 1.48099e-16
7 0.00292578 1.41105e-15
8 0.00327688 1.12884e-14
9 0.00361276 7.77841e-14
10 0.00393389 4.70546e-13
11 0.00424073 2.53624e-12
12 0.00453373 1.23249e-11
13 0.00481331 5.45205e-11
14 0.00507989 2.21308e-10
15 0.00533389 8.29905e-10
16 0.00557569 2.89176e-09
17 0.00580569 9.40951e-09
18 0.00602425 2.87169e-08
19 0.00623176 8.25168e-08
20 0.00642855 2.24007e-07
21 0.00661498 5.76258e-07
22 0.00679137 1.40863e-06
23 0.00695807 3.28001e-06
24 0.00711538 7.29167e-06
25 0.00726362 1.55075e-05
26 0.00740308 3.16104e-05
27 0.00753406 6.18647e-05
28 0.00765684 0.000116431
29 0.00777169 0.000211032
30 0.00787889 0.000368866
31 0.00797869 0.000622565
32 0.00807134 0.0010158
33 0.0081571 0.00160405
34 0.0082362 0.00245394
35 0.00830887 0.00364058
36 0.00837534 0.00524243
37 0.00843583 0.00733375
38 0.00849055 0.00997475
39 0.00853971 0.0132007
40 0.0085835 0.0170107
41 0.00862212 0.0213591
42 0.00865577 0.0261493
43 0.00868462 0.0312339
44 0.00870886 0.0364198
45 0.00872865 0.0414802
46 0.00874417 0.0461711
47 0.00875558 0.0502514
48 0.00876303 0.0535044
49 0.00876668 0.055757
50 0.00876668 0.0568949
51 0.00876317 0.0568722
52 0.0087563 0.0557133
53 0.0087462 0.0535087
54 0.00873299 0.0504037
55 0.00871682 0.0465836
56 0.0086978 0.0422564
57 0.00867606 0.0376346
58 0.00865171 0.0329201
59 0.00862486 0.0282913
60 0.00859562 0.0238944
61 0.0085641 0.019839
62 0.00853041 0.0161975
63 0.00849463 0.0130077
64 0.00845688 0.0102777
65 0.00841724 0.00799182
66 0.0083758 0.00611729
67 0.00833265 0.00461044
68 0.00828788 0.00342214
69 0.00824156 0.00250222
70 0.00819379 0.00180269
71 0.00814462 0.00127991
72 0.00809415 0.000895759
73 0.00804244 0.000618081
74 0.00798956 0.000420559
75 0.00793557 0.000282242
76 0.00788055 0.000186857
77 0.00782456 0.000122058
78 0.00776765 7.86823e-05
79 0.00770989 5.00623e-05
80 0.00765134 3.14444e-05
81 0.00759204 1.95004e-05
82 0.00753205 1.19422e-05
83 0.00747143 7.22321e-06
84 0.00741022 4.31568e-06
85 0.00734847 2.54745e-06
86 0.00728622 1.48581e-06
87 0.00722353 8.56409e-07
88 0.00716042 4.87889e-07
89 0.00709696 2.74753e-07
90 0.00703316 1.52968e-07
91 0.00696908 8.4208e-08
92 0.00690475 4.5841e-08
93 0.00684021 2.46807e-08
94 0.00677548 1.31436e-08
95 0.00671061 6.92436e-09
96 0.00664563 3.60911e-09
97 0.00658055 1.86134e-09
98 0.00651543 9.49957e-10
99 0.00645027 4.79825e-10
100 0.00638512 2.39888e-10
101 0.00631999 1.18721e-10
102 0.00625491 5.81674e-11
103 0.00618991 2.82171e-11
104 0.00612501 1.3554e-11
105 0.00606022 6.44742e-12
106 0.00599558 3.03745e-12
107 0.0059311 1.41735e-12
108 0.0058668 6.55134e-13
109 0.0058027 2.99989e-13
110 0.00573882 1.36095e-13
111 0.00567517 6.11751e-14
112 0.00561177 2.72485e-14
113 0.00554864 1.20277e-14
114 0.00548579 5.26169e-15
115 0.00542323 2.28144e-15
116 0.00536098 9.80546e-16
117 0.00529905 4.17767e-16
118 0.00523745 1.76457e-16
119 0.0051762 7.38957e-17
120 0.00511531 3.06833e-17
121 0.00505478 1.26334e-17
122 0.00499462 5.1583e-18
123 0.00493485 2.08876e-18
124 0.00487547 8.38872e-19
125 0.00481649 3.34163e-19
126 0.00475792 1.3204e-19
127 0.00469977 5.17564e-20
128 0.00464204 2.01262e-20
129 0.00458474 7.76476e-21
130 0.00452788 2.97227e-21
131 0.00447145 1.12893e-21
132 0.00441547 4.25497e-22
133 0.00435995 1.59146e-22
134 0.00430487 5.90736e-23
135 0.00425026 2.17628e-23
136 0.00419611 7.95759e-24
137 0.00414242 2.88815e-24
138 0.0040892 1.04053e-24
139 0.00403646 3.72141e-25
140 0.00398419 1.3213e-25
141 0.00393239 4.65758e-26
142 0.00388108 1.63007e-26
143 0.00383024 5.66451e-27
144 0.00377989 1.95456e-27
145 0.00373001 6.69712e-28
146 0.00368062 2.27877e-28
147 0.00363172 7.70032e-29
148 0.00358329 2.58423e-29
149 0.00353535 8.61372e-30
150 0.0034879 2.85171e-30
