E i
-1.2 7.92307e-06
-1.19375 9.263e-06
-1.1875 1.08295e-05
-1.18125 1.2661e-05
-1.175 1.48022e-05
-1.16875 1.73056e-05
-1.1625 2.02323e-05
-1.15625 2.36539e-05
-1.15 2.76542e-05
-1.14375 3.23311e-05
-1.1375 3.77988e-05
-1.13125 4.41913e-05
-1.125 5.16649e-05
-1.11875 6.04024e-05
-1.1125 7.06175e-05
-1.10625 8.25602e-05
-1.1 9.65227e-05
-1.09375 0.000112846
-1.0875 0.000131931
-1.08125 0.000154243
-1.075 0.000180328
-1.06875 0.000210825
-1.0625 0.000246479
-1.05625 0.000288164
-1.05 0.000336897
-1.04375 0.000393873
-1.0375 0.000460484
-1.03125 0.00053836
-1.025 0.000629407
-1.01875 0.000735851
-1.0125 0.000860298
-1.00625 0.00100579
-1 0.00117589
-0.99375 0.00137475
-0.9875 0.00160725
-0.98125 0.00187906
-0.975 0.00219685
-0.96875 0.00256837
-0.9625 0.00300273
-0.95625 0.00351055
-0.95 0.00410425
-0.94375 0.00479835
-0.9375 0.00560984
-0.93125 0.00655857
-0.925 0.00766775
-0.91875 0.00896451
-0.9125 0.0104806
-0.90625 0.012253
-0.9 0.0143252
-0.89375 0.0167479
-0.8875 0.0195803
-0.88125 0.0228917
-0.875 0.0267631
-0.86875 0.0312892
-0.8625 0.0365808
-0.85625 0.0427673
-0.85 0.05
-0.84375 0.0584559
-0.8375 0.0683419
-0.83125 0.0798998
-0.825 0.0934123
-0.81875 0.10921
-0.8125 0.127679
-0.80625 0.149272
-0.8 0.174517
-0.79375 0.204031
-0.7875 0.238537
-0.78125 0.278878
-0.775 0.326041
-0.76875 0.38118
-0.7625 0.445645
-0.75625 0.521012
-0.75 0.609125
-0.74375 0.712139
-0.7375 0.832575
-0.73125 0.973378
-0.725 1.13799
-0.71875 1.33045
-0.7125 1.55545
-0.70625 1.81851
-0.7 2.12605
-0.69375 2.48561
-0.6875 2.90597
-0.68125 3.39742
-0.675 3.97199
-0.66875 4.64373
-0.6625 5.42907
-0.65625 6.34723
-0.65 7.42066
-0.64375 8.67563
-0.6375 10
-0.63125 10
-0.625 10
-0.61875 10
-0.6125 10
-0.60625 10
-0.6 10
-0.59375 10
-0.5875 10
-0.58125 10
-0.575 10
-0.56875 10
-0.5625 10
-0.55625 10
-0.55 10
-0.54375 10
-0.5375 10
-0.53125 10
-0.525 10
-0.51875 10
-0.5125 10
-0.50625 10
-0.5 10
-0.49375 10
-0.4875 10
-0.48125 10
-0.475 10
-0.46875 10
-0.4625 10
-0.45625 10
-0.45 10
-0.44375 10
-0.4375 10
-0.43125 10
-0.425 10
-0.41875 10
-0.4125 10
-0.40625 10
-0.4 10
-0.39375 10
-0.3875 10
-0.38125 10
-0.375 10
-0.36875 10
-0.3625 10
-0.35625 10
-0.35 10
-0.34375 10
-0.3375 10
-0.33125 10
-0.325 10
-0.31875 10
-0.3125 10
-0.30625 10
-0.3 10
-0.29375 10
-0.2875 10
-0.28125 10
-0.275 10
-0.26875 10
-0.2625 10
-0.25625 10
-0.25 10
-0.24375 10
-0.2375 10
-0.23125 10
-0.225 10
-0.21875 10
-0.2125 10
-0.20625 10
-0.2 10
-0.19375 10
-0.1875 10
-0.18125 10
-0.175 10
-0.16875 10
-0.1625 10
-0.15625 10
-0.15 10
-0.14375 10
-0.1375 10
-0.13125 10
-0.125 10
-0.11875 10
-0.1125 10
-0.10625 10
-0.1 10
-0.09375 10
-0.0875 10
-0.08125 10
-0.075 10
-0.06875 10
-0.0625 10
-0.05625 10
-0.05 10
-0.04375 10
-0.0375 10
-0.03125 10
-0.025 10
-0.01875 10
-0.0125 10
-0.00625 10
0 10
0.00625 10
0.0125 10
0.01875 10
0.025 10
0.03125 10
0.0375 10
0.04375 10
0.05 10
0.05625 10
0.0625 10
0.06875 10
0.075 10
0.08125 10
0.0875 10
0.09375 10
0.1 10
0.10625 10
0.1125 10
0.11875 10
0.125 10
0.13125 10
0.1375 10
0.14375 10
0.15 10
0.15625 10
0.1625 10
0.16875 10
0.175 10
0.18125 10
0.1875 10
0.19375 10
0.2 10
0.20625 10
0.2125 10
0.21875 10
0.225 10
0.23125 10
0.2375 10
0.24375 10
0.25 10
0.25625 10
0.2625 10
0.26875 10
0.275 10
0.28125 10
0.2875 10
0.29375 10
0.3 10
0.30625 10
0.3125 10
0.31875 10
0.325 10
0.33125 10
0.3375 10
0.34375 10
0.35 10
0.35625 10
0.3625 10
0.36875 10
0.375 10
0.38125 10
0.3875 10
0.39375 10
0.4 10
0.40625 10
0.4125 10
0.41875 10
0.425 10
0.43125 10
0.4375 10
0.44375 10
0.45 10
0.45625 10
0.4625 10
0.46875 10
0.475 10
0.48125 10
0.4875 10
0.49375 10
0.5 10
0.50625 10
0.5125 10
0.51875 10
0.525 10
0.53125 10
0.5375 10
0.54375 10
0.55 10
0.55625 10
0.5625 10
0.56875 10
0.575 10
0.58125 10
0.5875 10
0.59375 10
0.6 10
0.60625 10
0.6125 10
0.61875 10
0.625 10
0.63125 10
0.6375 10
0.64375 10
0.65 10
0.65625 10
0.6625 10
0.66875 10
0.675 10
0.68125 10
0.6875 10
0.69375 10
0.7 10
0.70625 10
0.7125 10
0.71875 10
0.725 10
0.73125 10
0.7375 10
0.74375 10
0.75 10
0.75625 10
0.7625 10
0.76875 10
0.775 10
0.78125 10
0.7875 10
0.79375 10
0.8 10
