E i
-1.6 -11
-1.59 -11
-1.58 -11
-1.57 -11
-1.56 -11
-1.55 -11
-1.54 -11
-1.53 -11
-1.52 -11
-1.51 -11
-1.5 -11
-1.49 -11
-1.48 -11
-1.47 -11
-1.46 -11
-1.45 -11
-1.44 -11
-1.43 -11
-1.42 -11
-1.41 -10.0636
-1.4 -8.42066
-1.39 -7.07552
-1.38 -5.97422
-1.37 -5.07254
-1.36 -4.33432
-1.35 -3.72991
-1.34 -3.23506
-1.33 -2.82991
-1.32 -2.49821
-1.31 -2.22663
-1.3 -2.00428
-1.29 -1.82223
-1.28 -1.67319
-1.27 -1.55116
-1.26 -1.45125
-1.25 -1.36945
-1.24 -1.30248
-1.23 -1.24765
-1.22 -1.20276
-1.21 -1.16601
-1.2 -1.13591
-1.19 -1.11128
-1.18 -1.09111
-1.17 -1.07459
-1.16 -1.06107
-1.15 -1.05
-1.14 -1.04094
-1.13 -1.03352
-1.12 -1.02744
-1.11 -1.02247
-1.1 -1.01839
-1.09 -1.01506
-1.08 -1.01233
-1.07 -1.01009
-1.06 -1.00826
-1.05 -1.00677
-1.04 -1.00554
-1.03 -1.00454
-1.02 -1.00371
-1.01 -1.00304
-1 -1.00249
-0.99 -1.00204
-0.98 -1.00167
-0.97 -1.00137
-0.96 -1.00112
-0.95 -1.00092
-0.94 -1.00075
-0.93 -1.00061
-0.92 -1.0005
-0.91 -1.0004
-0.9 -1.00032
-0.89 -1.00024
-0.88 -1.00014
-0.87 -0.999994
-0.86 -0.999735
-0.85 -0.999218
-0.84 -0.998131
-0.83 -0.995801
-0.82 -0.990788
-0.81 -0.980063
-0.8 -0.957502
-0.79 -0.911796
-0.78 -0.825934
-0.77 -0.685368
-0.76 -0.50002
-0.75 -0.314674
-0.74 -0.17411
-0.73 -0.0882522
-0.72 -0.0425533
-0.71 -0.0200006
-0.7 -0.00928581
-0.69 -0.00428705
-0.68 -0.00197467
-0.67 -0.00090907
-0.66 -0.000418798
-0.65 -0.00019332
-0.64 -8.95833e-05
-0.63 -4.18001e-05
-0.62 -1.9739e-05
-0.61 -9.51074e-06
-0.6 -4.73342e-06
-0.59 -2.47353e-06
-0.58 -1.38152e-06
-0.57 -8.3559e-07
-0.56 -5.48449e-07
-0.55 -3.86741e-07
-0.54 -2.88037e-07
-0.53 -2.22694e-07
-0.52 -1.76298e-07
-0.51 -1.41572e-07
-0.5 -1.14639e-07
-0.49 -9.3275e-08
-0.48 -7.60992e-08
-0.47 -6.21818e-08
-0.46 -5.08537e-08
-0.45 -4.16095e-08
-0.44 -3.40551e-08
-0.43 -2.78765e-08
-0.42 -2.28208e-08
-0.41 -1.8683e-08
-0.4 -1.52958e-08
-0.39 -1.25229e-08
-0.38 -1.02528e-08
-0.37 -8.3942e-09
-0.36 -6.87257e-09
-0.35 -5.62677e-09
-0.34 -4.60681e-09
-0.33 -3.77173e-09
-0.32 -3.08803e-09
-0.31 -2.52827e-09
-0.3 -2.06997e-09
-0.29 -1.69475e-09
-0.28 -1.38754e-09
-0.27 -1.13602e-09
-0.26 -9.30097e-10
-0.25 -7.61499e-10
-0.24 -6.23463e-10
-0.23 -5.10448e-10
-0.22 -4.1792e-10
-0.21 -3.42164e-10
-0.2 -2.8014e-10
-0.19 -2.29359e-10
-0.18 -1.87783e-10
-0.17 -1.53744e-10
-0.16 -1.25875e-10
-0.15 -1.03058e-10
-0.14 -8.43765e-11
-0.13 -6.90816e-11
-0.12 -5.65593e-11
-0.11 -4.63068e-11
-0.1 -3.79128e-11
-0.09 -3.10404e-11
-0.08 -2.54137e-11
-0.07 -2.0807e-11
-0.06 -1.70353e-11
-0.05 -1.39473e-11
-0.04 -1.14191e-11
-0.03 -9.34918e-12
-0.02 -7.65446e-12
-0.01 -6.26694e-12
0 -5.13094e-12
0.01 -4.20086e-12
0.02 -3.43937e-12
0.03 -2.81592e-12
0.04 -2.30548e-12
0.05 -1.88757e-12
0.06 -1.54541e-12
0.07 -1.26527e-12
0.08 -1.03592e-12
0.09 -8.48139e-13
0.1 -6.94397e-13
0.11 -5.68524e-13
0.12 -4.65468e-13
0.13 -3.81093e-13
0.14 -3.12013e-13
0.15 -2.55454e-13
0.16 -2.09148e-13
0.17 -1.71236e-13
0.18 -1.40196e-13
0.19 -1.14783e-13
0.2 -9.39764e-14
0.21 -7.69414e-14
0.22 -6.29943e-14
0.23 -5.15754e-14
0.24 -4.22263e-14
0.25 -3.4572e-14
0.26 -2.83052e-14
0.27 -2.31743e-14
0.28 -1.89735e-14
0.29 -1.55342e-14
0.3 -1.27183e-14
0.31 -1.04129e-14
0.32 -8.52535e-15
0.33 -6.97997e-15
0.34 -5.71471e-15
0.35 -4.67881e-15
0.36 -3.83069e-15
0.37 -3.1363e-15
0.38 -2.56779e-15
0.39 -2.10233e-15
0.4 -1.72124e-15
0.41 -1.40923e-15
0.42 -1.15378e-15
0.43 -9.44636e-16
0.44 -7.73402e-16
0.45 -6.33208e-16
0.46 -5.18427e-16
0.47 -4.24452e-16
0.48 -3.47512e-16
0.49 -2.84519e-16
0.5 -2.32944e-16
0.51 -1.90719e-16
0.52 -1.56147e-16
0.53 -1.27843e-16
0.54 -1.04669e-16
0.55 -8.56954e-17
0.56 -7.01615e-17
0.57 -5.74434e-17
0.58 -4.70306e-17
0.59 -3.85054e-17
0.6 -3.15256e-17
0.61 -2.5811e-17
0.62 -2.11322e-17
0.63 -1.73016e-17
0.64 -1.41654e-17
0.65 -1.15976e-17
0.66 -9.49532e-18
0.67 -7.77411e-18
0.68 -6.36491e-18
0.69 -5.21114e-18
0.7 -4.26652e-18
0.71 -3.49313e-18
0.72 -2.85994e-18
0.73 -2.34152e-18
0.74 -1.91707e-18
0.75 -1.56957e-18
0.76 -1.28505e-18
0.77 -1.05211e-18
0.78 -8.61396e-19
0.79 -7.05252e-19
0.8 -5.77411e-19
0.81 -4.72744e-19
0.82 -3.8705e-19
0.83 -3.1689e-19
0.84 -2.59448e-19
0.85 -2.12418e-19
0.86 -1.73913e-19
0.87 -1.42388e-19
0.88 -1.16577e-19
0.89 -9.54454e-20
0.9 -7.81441e-20
0.91 -6.3979e-20
0.92 -5.23816e-20
0.93 -4.28864e-20
0.94 -3.51124e-20
0.95 -2.87476e-20
0.96 -2.35366e-20
0.97 -1.92701e-20
0.98 -1.5777e-20
0.99 -1.29171e-20
1 -1.05757e-20
1.01 -8.65861e-21
1.02 -7.08907e-21
1.03 -5.80404e-21
1.04 -4.75195e-21
1.05 -3.89057e-21
1.06 -3.18533e-21
1.07 -2.60792e-21
1.08 -2.13519e-21
1.09 -1.74814e-21
1.1 -1.43126e-21
1.11 -1.17182e-21
1.12 -9.59402e-22
1.13 -7.85492e-22
1.14 -6.43106e-22
1.15 -5.26531e-22
1.16 -4.31087e-22
1.17 -3.52944e-22
1.18 -2.88966e-22
1.19 -2.36586e-22
1.2 -1.937e-22
1.21 -1.58588e-22
1.22 -1.29841e-22
1.23 -1.06305e-22
1.24 -8.7035e-23
1.25 -7.12582e-23
1.26 -5.83413e-23
1.27 -4.77658e-23
1.28 -3.91073e-23
1.29 -3.20184e-23
1.3 -2.62144e-23
1.31 -2.14626e-23
1.32 -1.75721e-23
1.33 -1.43868e-23
1.34 -1.17789e-23
1.35 -9.64375e-24
1.36 -7.89563e-24
1.37 -6.4644e-24
1.38 -5.2926e-24
1.39 -4.33322e-24
1.4 -3.54774e-24
1.41 -2.90464e-24
1.42 -2.37812e-24
1.43 -1.94704e-24
1.44 -1.5941e-24
1.45 -1.30514e-24
1.46 -1.06856e-24
1.47 -8.74861e-25
1.48 -7.16276e-25
1.49 -5.86437e-25
1.5 -4.80134e-25
1.51 -3.931e-25
1.52 -3.21843e-25
1.53 -2.63503e-25
1.54 -2.15738e-25
1.55 -1.76631e-25
1.56 -1.44614e-25
1.57 -1.184e-25
1.58 -9.69374e-26
1.59 -7.93656e-26
1.6 -6.49791e-26
1.61 -5.32004e-26
1.62 -4.35568e-26
1.63 -3.56613e-26
1.64 -2.9197e-26
1.65 -2.39045e-26
1.66 -1.95713e-26
1.67 -1.60236e-26
1.68 -1.3119e-26
1.69 -1.0741e-26
1.7 -8.79396e-27
1.71 -7.19989e-27
1.72 -5.89477e-27
1.73 -4.82623e-27
1.74 -3.95138e-27
1.75 -3.23512e-27
1.76 -2.64869e-27
1.77 -2.16856e-27
1.78 -1.77547e-27
1.79 -1.45363e-27
1.8 -1.19013e-27
1.81 -9.74399e-28
1.82 -7.9777e-28
1.83 -6.53159e-28
1.84 -5.34761e-28
1.85 -4.37826e-28
1.86 -3.58461e-28
1.87 -2.93483e-28
1.88 -2.40284e-28
1.89 -1.96728e-28
1.9 -1.61067e-28
1.91 -1.31871e-28
1.92 -1.07966e-28
1.93 -8.83955e-29
1.94 -7.23721e-29
1.95 -5.92532e-29
1.96 -4.85125e-29
1.97 -3.97186e-29
1.98 -3.25189e-29
1.99 -2.66242e-29
2 -2.17981e-29
2.01 -1.78467e-29
2.02 -1.46117e-29
2.03 -1.1963e-29
2.04 -9.7945e-30
2.05 -8.01905e-30
2.06 -6.56545e-30
2.07 -5.37533e-30
2.08 -4.40095e-30
2.09 -3.60319e-30
2.1 -2.95005e-30
2.11 -2.41529e-30
2.12 -1.97747e-30
2.13 -1.61902e-30
2.14 -1.32554e-30
2.15 -1.08526e-30
2.16 -8.88537e-31
2.17 -7.27472e-31
2.18 -5.95604e-31
2.19 -4.87639e-31
2.2 -3.99245e-31
2.21 -3.26874e-31
2.22 -2.67622e-31
2.23 -2.1911e-31
2.24 -1.79392e-31
2.25 -1.46874e-31
2.26 -1.2025e-31
2.27 -9.84527e-32
2.28 -8.06062e-32
2.29 -6.59948e-32
2.3 -5.4032e-32
2.31 -4.42376e-32
2.32 -3.62187e-32
2.33 -2.96534e-32
2.34 -2.42781e-32
2.35 -1.98772e-32
2.36 -1.62741e-32
2.37 -1.33241e-32
2.38 -1.09089e-32
2.39 -8.93142e-33
2.4 -7.31243e-33
