pC pH weak strong
0 2.38091 2.38 0
0.05 2.40596 2.405 0.05
0.1 2.43102 2.43 0.1
0.15 2.45608 2.455 0.15
0.2 2.48114 2.48 0.2
0.25 2.50621 2.505 0.25
0.3 2.53128 2.53 0.3
0.35 2.55635 2.555 0.35
0.4 2.58143 2.58 0.4
0.45 2.60652 2.605 0.45
0.5 2.63161 2.63 0.5
0.55 2.65671 2.655 0.55
0.6 2.68181 2.68 0.6
0.65 2.70691 2.705 0.65
0.7 2.73203 2.73 0.7
0.75 2.75715 2.755 0.75
0.8 2.78227 2.78 0.8
0.85 2.80741 2.805 0.85
0.9 2.83255 2.83 0.9
0.95 2.8577 2.855 0.95
1 2.88286 2.88 1
1.05 2.90803 2.905 1.05
1.1 2.93321 2.93 1.1
1.15 2.9584 2.955 1.15
1.2 2.9836 2.98 1.2
1.25 3.00882 3.005 1.25
1.3 3.03404 3.03 1.3
1.35 3.05928 3.055 1.35
1.4 3.08454 3.08 1.4
1.45 3.10981 3.105 1.45
1.5 3.13509 3.13 1.5
1.55 3.16039 3.155 1.55
1.6 3.18571 3.18 1.6
1.65 3.21105 3.205 1.65
1.7 3.23641 3.23 1.7
1.75 3.26179 3.255 1.75
1.8 3.28719 3.28 1.8
1.85 3.31262 3.305 1.85
1.9 3.33807 3.33 1.9
1.95 3.36355 3.355 1.95
2 3.38905 3.38 2
2.05 3.41459 3.405 2.05
2.1 3.44016 3.43 2.1
2.15 3.46576 3.455 2.15
2.2 3.49139 3.48 2.2
2.25 3.51707 3.505 2.25
2.3 3.54278 3.53 2.3
2.35 3.56854 3.555 2.35
2.4 3.59434 3.58 2.4
2.45 3.62019 3.605 2.45
2.5 3.64609 3.63 2.5
2.55 3.67205 3.655 2.55
2.6 3.69806 3.68 2.6
2.65 3.72413 3.705 2.65
2.7 3.75026 3.73 2.7
2.75 3.77646 3.755 2.75
2.8 3.80273 3.78 2.8
2.85 3.82907 3.805 2.85
2.9 3.8555 3.83 2.9
2.95 3.88201 3.855 2.95
3 3.9086 3.88 3
3.05 3.9353 3.905 3.05
3.1 3.96209 3.93 3.1
3.15 3.98899 3.955 3.15
3.2 4.016 3.98 3.2
3.25 4.04312 4.005 3.25
3.3 4.07038 4.03 3.3
3.35 4.09776 4.055 3.35
3.4 4.12529 4.08 3.4
3.45 4.15296 4.105 3.45
3.5 4.18079 4.13 3.5
3.55 4.20878 4.155 3.55
3.6 4.23695 4.18 3.6
3.65 4.26531 4.205 3.65
3.7 4.29385 4.23 3.7
3.75 4.32261 4.255 3.75
3.8 4.35158 4.28 3.8
3.85 4.38078 4.305 3.85
3.9 4.41022 4.33 3.9
3.95 4.43991 4.355 3.95
4 4.46988 4.38 4
4.05 4.50012 4.405 4.05
4.1 4.53066 4.43 4.1
4.15 4.56151 4.455 4.15
4.2 4.59269 4.48 4.2
4.25 4.62421 4.505 4.25
4.3 4.65608 4.53 4.3
4.35 4.68833 4.555 4.35
4.4 4.72097 4.58 4.4
4.45 4.75402 4.605 4.45
4.5 4.78749 4.63 4.5
4.55 4.8214 4.655 4.55
4.6 4.85576 4.68 4.6
4.65 4.8906 4.705 4.65
4.7 4.92592 4.73 4.7
4.75 4.96174 4.755 4.75
4.8 4.99807 4.78 4.8
4.85 5.03492 4.805 4.85
4.9 5.0723 4.83 4.9
4.95 5.11023 4.855 4.95
5 5.1487 4.88 5
5.05 5.18772 4.905 5.05
5.1 5.22729 4.93 5.1
5.15 5.26741 4.955 5.15
5.2 5.30808 4.98 5.2
5.25 5.34928 5.005 5.25
5.3 5.39101 5.03 5.3
5.35 5.43325 5.055 5.35
5.4 5.476 5.08 5.4
5.45 5.51922 5.105 5.45
5.5 5.56291 5.13 5.5
5.55 5.60703 5.155 5.55
5.6 5.65156 5.18 5.6
5.65 5.69648 5.205 5.65
5.7 5.74175 5.23 5.7
5.75 5.78733 5.255 5.75
5.8 5.83318 5.28 5.8
5.85 5.87928 5.305 5.85
5.9 5.92557 5.33 5.9
5.95 5.97199 5.355 5.95
6 6.0185 5.38 6
6.05 6.06503 5.405 6.05
6.1 6.11151 5.43 6.1
6.15 6.15786 5.455 6.15
6.2 6.20397 5.48 6.2
6.25 6.24974 5.505 6.25
6.3 6.29506 5.53 6.3
6.35 6.33976 5.555 6.35
6.4 6.38371 5.58 6.4
6.45 6.42673 5.605 6.45
6.5 6.46864 5.63 6.5
6.55 6.50925 5.655 6.55
6.6 6.54836 5.68 6.6
6.65 6.58581 5.705 6.65
6.7 6.62142 5.73 6.7
6.75 6.65506 5.755 6.75
6.8 6.68662 5.78 6.8
6.85 6.71605 5.805 6.85
6.9 6.74332 5.83 6.9
6.95 6.76845 5.855 6.95
7 6.79148 5.88 7
7.05 6.8125 5.905 7.05
7.1 6.83159 5.93 7.1
7.15 6.84889 5.955 7.15
7.2 6.86452 5.98 7.2
7.25 6.87859 6.005 7.25
7.3 6.89125 6.03 7.3
7.35 6.90261 6.055 7.35
7.4 6.91279 6.08 7.4
7.45 6.92191 6.105 7.45
7.5 6.93006 6.13 7.5
7.55 6.93735 6.155 7.55
7.6 6.94387 6.18 7.6
7.65 6.94968 6.205 7.65
7.7 6.95488 6.23 7.7
7.75 6.95951 6.255 7.75
7.8 6.96364 6.28 7.8
7.85 6.96733 6.305 7.85
7.9 6.97062 6.33 7.9
7.95 6.97355 6.355 7.95
8 6.97617 6.38 8
