pH gly asp lys
0 0.995556 0.989973 1.99373
0.05 0.995017 0.988763 1.99297
0.1 0.994412 0.987409 1.99212
0.15 0.993734 0.985894 1.99117
0.2 0.992975 0.984199 1.9901
0.25 0.992125 0.982304 1.9889
0.3 0.991172 0.980187 1.98757
0.35 0.990106 0.977821 1.98607
0.4 0.988912 0.975181 1.9844
0.45 0.987576 0.972234 1.98253
0.5 0.986081 0.968949 1.98044
0.55 0.984409 0.965288 1.9781
0.6 0.98254 0.961213 1.9755
0.65 0.980451 0.95668 1.97259
0.7 0.978118 0.951643 1.96935
0.75 0.975513 0.946052 1.96573
0.8 0.972607 0.939855 1.96171
0.85 0.969367 0.932995 1.95724
0.9 0.965757 0.925413 1.95227
0.95 0.961739 0.917047 1.94676
1 0.95727 0.907834 1.94065
1.05 0.952305 0.897707 1.93389
1.1 0.946795 0.886602 1.92641
1.15 0.940688 0.874454 1.91817
1.2 0.933929 0.861202 1.90909
1.25 0.92646 0.846787 1.89912
1.3 0.91822 0.831157 1.88818
1.35 0.909148 0.814268 1.87623
1.4 0.89918 0.796088 1.86319
1.45 0.888253 0.776594 1.84902
1.5 0.876304 0.755782 1.83366
1.55 0.863275 0.733662 1.81708
1.6 0.849109 0.710266 1.79924
1.65 0.833758 0.685644 1.78013
1.7 0.817182 0.659869 1.75975
1.75 0.799351 0.633035 1.73811
1.8 0.780248 0.605256 1.71525
1.85 0.759873 0.576665 1.69124
1.9 0.738243 0.547411 1.66614
1.95 0.715393 0.517655 1.64006
2 0.691384 0.487567 1.61314
2.05 0.666293 0.457321 1.5855
2.1 0.640224 0.427087 1.55731
2.15 0.613301 0.397029 1.52875
2.2 0.585666 0.367301 1.5
2.25 0.557482 0.338038 1.47125
2.3 0.528923 0.309357 1.44269
2.35 0.500173 0.281353 1.4145
2.4 0.471422 0.254094 1.38686
2.45 0.442859 0.227625 1.35993
2.5 0.414669 0.201967 1.33386
2.55 0.387027 0.177112 1.30876
2.6 0.360094 0.153033 1.28475
2.65 0.334014 0.129681 1.26189
2.7 0.308911 0.106987 1.24025
2.75 0.284888 0.0848654 1.21987
2.8 0.262024 0.0632193 1.20076
2.85 0.240379 0.0419388 1.18292
2.9 0.219989 0.0209066 1.16634
2.95 0.200871 -1.12202e-07 1.15098
3 0.183024 -0.0209068 1.13681
3.05 0.166433 -0.041939 1.12377
3.1 0.151068 -0.0632195 1.11181
3.15 0.136888 -0.0848657 1.10088
3.2 0.123845 -0.106987 1.09091
3.25 0.111884 -0.129681 1.08183
3.3 0.100945 -0.153034 1.07359
3.35 0.0909658 -0.177112 1.06611
3.4 0.0818833 -0.201967 1.05935
3.45 0.0736342 -0.227626 1.05324
3.5 0.0661562 -0.254094 1.04772
3.55 0.0593889 -0.281353 1.04276
3.6 0.0532744 -0.309358 1.03828
3.65 0.0477574 -0.338039 1.03426
3.7 0.0427859 -0.367302 1.03065
3.75 0.038311 -0.39703 1.02741
3.8 0.0342874 -0.427087 1.0245
3.85 0.0306728 -0.457322 1.02189
3.9 0.0274284 -0.487568 1.01956
3.95 0.0245184 -0.517656 1.01746
4 0.0219101 -0.547412 1.01559
4.05 0.0195737 -0.576666 1.01392
4.1 0.0174819 -0.605258 1.01242
4.15 0.0156099 -0.633037 1.01108
4.2 0.0139355 -0.659871 1.00989
4.25 0.0124383 -0.685646 1.00882
4.3 0.0111 -0.710268 1.00786
4.35 0.00990405 -0.733665 1.00701
4.4 0.00883566 -0.755785 1.00625
4.45 0.0078814 -0.776598 1.00557
4.5 0.00702926 -0.796092 1.00496
4.55 0.00626842 -0.814273 1.00442
4.6 0.0055892 -0.831162 1.00393
4.65 0.00498289 -0.846792 1.0035
4.7 0.00444171 -0.861208 1.00311
4.75 0.00395867 -0.874461 1.00276
4.8 0.00352754 -0.88661 1.00245
4.85 0.00314272 -0.897716 1.00218
4.9 0.0027992 -0.907844 1.00193
4.95 0.00249252 -0.917059 1.0017
5 0.00221865 -0.925426 1.0015
5.05 0.00197402 -0.93301 1.00132
5.1 0.00175544 -0.939871 1.00115
5.15 0.00156001 -0.94607 1.00101
5.2 0.00138519 -0.951663 1.00087
5.25 0.00122867 -0.956702 1.00075
5.3 0.00108839 -0.961238 1.00063
5.35 0.000962504 -0.965316 1.00053
5.4 0.000849348 -0.96898 1.00043
5.45 0.000747431 -0.97227 1.00033
5.5 0.000655407 -0.97522 1.00024
5.55 0.00057206 -0.977866 1.00016
5.6 0.000496288 -0.980237 1.00007
5.65 0.000427088 -0.98236 0.999991
5.7 0.000363546 -0.984262 0.999908
5.75 0.000304821 -0.985964 0.999824
5.8 0.000250134 -0.987488 0.999738
5.85 0.000198762 -0.988852 0.999648
5.9 0.000150024 -0.990073 0.999553
5.95 0.000103274 -0.991166 0.999453
6 5.78926e-05 -0.992145 0.999345
6.05 1.32787e-05 -0.993022 0.999228
6.1 -3.11592e-05 -0.993809 0.999102
6.15 -7.60102e-05 -0.994515 0.998963
6.2 -0.000121868 -0.99515 0.998811
6.25 -0.000169342 -0.995721 0.998643
6.3 -0.00021906 -0.996236 0.998457
6.35 -0.00027168 -0.996702 0.998251
6.4 -0.000327901 -0.997124 0.998022
6.45 -0.000388466 -0.997509 0.997766
6.5 -0.000454177 -0.997861 0.997481
6.55 -0.000525904 -0.998185 0.997163
6.6 -0.000604595 -0.998485 0.996808
6.65 -0.000691292 -0.998765 0.996411
6.7 -0.00078714 -0.999028 0.995966
6.75 -0.000893406 -0.999279 0.995469
6.8 -0.00101149 -0.999521 0.994912
6.85 -0.00114296 -0.999756 0.994289
6.9 -0.00128953 -0.999987 0.993591
6.95 -0.00145315 -1.00022 0.99281
7 -0.00163596 -1.00045 0.991936
7.05 -0.00184037 -1.00069 0.990957
7.1 -0.00206906 -1.00094 0.98986
7.15 -0.00232504 -1.00121 0.988634
7.2 -0.00261164 -1.00148 0.987261
7.25 -0.00293263 -1.00178 0.985726
7.3 -0.00329219 -1.0021 0.984008
7.35 -0.00369499 -1.00245 0.982089
7.4 -0.00414628 -1.00283 0.979943
7.45 -0.0046519 -1.00325 0.977547
7.5 -0.00521838 -1.00371 0.974871
7.55 -0.00585301 -1.00422 0.971886
7.6 -0.00656395 -1.00478 0.968557
7.65 -0.00736027 -1.00541 0.964848
7.7 -0.00825209 -1.00611 0.960718
7.75 -0.00925071 -1.00689 0.956124
7.8 -0.0103687 -1.00775 0.951018
7.85 -0.01162 -1.00872 0.945351
7.9 -0.0130201 -1.0098 0.939069
7.95 -0.0145862 -1.01101 0.932113
8 -0.0163375 -1.01235 0.924423
8.05 -0.018295 -1.01386 0.915936
8.1 -0.0204821 -1.01554 0.906587
8.15 -0.0229244 -1.01742 0.896308
8.2 -0.0256502 -1.01951 0.885033
8.25 -0.0286905 -1.02185 0.872695
8.3 -0.0320792 -1.02446 0.859229
8.35 -0.0358534 -1.02738 0.844574
8.4 -0.0400532 -1.03062 0.828676
8.45 -0.044722 -1.03424 0.811487
8.5 -0.0499068 -1.03826 0.79297
8.55 -0.0556576 -1.04274 0.7731
8.6 -0.0620277 -1.04771 0.751867
8.65 -0.0690736 -1.05322 0.729276
8.7 -0.0768542 -1.05933 0.705352
8.75 -0.0854308 -1.0661 0.680141
8.8 -0.0948661 -1.07357 0.653707
8.85 -0.105224 -1.08182 0.626137
8.9 -0.116566 -1.0909 0.597535
8.95 -0.128955 -1.10087 0.568027
9 -0.142449 -1.11181 0.537749
9.05 -0.1571 -1.12376 0.506854
9.1 -0.172954 -1.1368 0.475497
9.15 -0.190046 -1.15097 0.443838
9.2 -0.208403 -1.16633 0.412035
9.25 -0.228033 -1.18292 0.380236
9.3 -0.248931 -1.20076 0.348577
9.35 -0.271072 -1.21987 0.317177
9.4 -0.29441 -1.24025 0.286134
9.45 -0.318878 -1.26189 0.255524
9.5 -0.344387 -1.28474 0.225396
9.55 -0.370826 -1.30876 0.195777
9.6 -0.398063 -1.33386 0.166666
9.65 -0.425945 -1.35993 0.138039
9.7 -0.454306 -1.38686 0.109851
9.75 -0.482967 -1.4145 0.0820386
9.8 -0.511741 -1.44269 0.0545218
9.85 -0.540437 -1.47125 0.0272089
9.9 -0.568867 -1.5 1.99526e-08
9.95 -0.596851 -1.52875 -0.0272089
10 -0.624218 -1.55731 -0.0545217
10.05 -0.650814 -1.5855 -0.0820385
10.1 -0.676503 -1.61314 -0.109851
10.15 -0.70117 -1.64006 -0.138039
10.2 -0.724722 -1.66614 -0.166666
10.25 -0.747087 -1.69124 -0.195777
10.3 -0.768216 -1.71525 -0.225396
10.35 -0.788081 -1.73811 -0.255524
10.4 -0.806671 -1.75975 -0.286134
10.45 -0.823995 -1.78013 -0.317177
10.5 -0.840074 -1.79924 -0.348577
10.55 -0.854943 -1.81708 -0.380236
10.6 -0.868646 -1.83366 -0.412035
10.65 -0.881234 -1.84902 -0.443838
10.7 -0.892765 -1.86319 -0.475497
10.75 -0.903299 -1.87623 -0.506854
10.8 -0.912899 -1.88818 -0.537749
10.85 -0.921629 -1.89912 -0.568027
10.9 -0.929551 -1.90909 -0.597535
10.95 -0.936728 -1.91817 -0.626136
11 -0.943218 -1.92641 -0.653707
11.05 -0.949078 -1.93389 -0.68014
11.1 -0.954363 -1.94065 -0.705352
11.15 -0.959123 -1.94676 -0.729275
11.2 -0.963406 -1.95227 -0.751866
11.25 -0.967255 -1.95724 -0.7731
11.3 -0.970712 -1.96171 -0.79297
11.35 -0.973814 -1.96573 -0.811487
11.4 -0.976595 -1.96935 -0.828676
11.45 -0.979087 -1.97259 -0.844573
11.5 -0.981319 -1.9755 -0.859228
11.55 -0.983316 -1.9781 -0.872694
11.6 -0.985104 -1.98044 -0.885032
11.65 -0.986702 -1.98253 -0.896307
11.7 -0.988131 -1.9844 -0.906585
11.75 -0.989408 -1.98607 -0.915934
11.8 -0.990549 -1.98757 -0.924421
11.85 -0.991568 -1.9889 -0.932111
11.9 -0.992478 -1.9901 -0.939067
11.95 -0.993291 -1.99117 -0.945349
12 -0.994016 -1.99212 -0.951016
12.05 -0.994663 -1.99297 -0.956121
12.1 -0.995241 -1.99373 -0.960714
12.15 -0.995756 -1.99441 -0.964844
12.2 -0.996216 -1.99501 -0.968553
12.25 -0.996626 -1.99555 -0.971881
12.3 -0.996992 -1.99603 -0.974866
12.35 -0.997318 -1.99646 -0.977541
12.4 -0.997609 -1.99685 -0.979937
12.45 -0.997869 -1.99719 -0.982081
12.5 -0.9981 -1.99749 -0.984
12.55 -0.998306 -1.99777 -0.985717
12.6 -0.99849 -1.99801 -0.987251
12.65 -0.998654 -1.99822 -0.988623
12.7 -0.9988 -1.99842 -0.989848
12.75 -0.998931 -1.99859 -0.990942
12.8 -0.999047 -1.99874 -0.99192
12.85 -0.99915 -1.99888 -0.992793
12.9 -0.999243 -1.999 -0.993572
12.95 -0.999325 -1.99911 -0.994267
13 -0.999398 -1.99921 -0.994887
13.05 -0.999464 -1.99929 -0.995441
13.1 -0.999522 -1.99937 -0.995935
13.15 -0.999574 -1.99944 -0.996375
13.2 -0.99962 -1.9995 -0.996768
13.25 -0.999662 -1.99955 -0.997119
13.3 -0.999698 -1.9996 -0.997431
13.35 -0.999731 -1.99965 -0.99771
13.4 -0.99976 -1.99968 -0.997959
13.45 -0.999786 -1.99972 -0.99818
13.5 -0.99981 -1.99975 -0.998378
13.55 -0.99983 -1.99978 -0.998554
13.6 -0.999849 -1.9998 -0.998711
13.65 -0.999865 -1.99982 -0.998851
13.7 -0.99988 -1.99984 -0.998976
13.75 -0.999893 -1.99986 -0.999087
13.8 -0.999905 -1.99987 -0.999186
13.85 -0.999915 -1.99989 -0.999275
13.9 -0.999924 -1.9999 -0.999354
13.95 -0.999932 -1.99991 -0.999424
14 -0.99994 -1.99992 -0.999486
