X Y
1.2 3
1.22679 2.96255
1.25515 2.92215
1.28507 2.87873
1.31649 2.83227
1.3493 2.78282
1.38335 2.73046
1.41839 2.67538
1.45412 2.61785
1.49013 2.55823
1.52594 2.49701
1.56097 2.4348
1.5946 2.37228
1.62611 2.31024
1.6548 2.24952
1.67996 2.19097
1.70096 2.13543
1.71725 2.08366
1.72841 2.03634
1.73416 1.994
1.73439 1.95704
1.72913 1.92568
1.71857 1.90003
1.70299 1.88005
1.68276 1.86562
1.65832 1.85651
1.63014 1.85247
1.59869 1.85318
1.56446 1.85833
1.52789 1.86758
1.48942 1.88061
1.44944 1.89712
1.40832 1.91679
1.36638 1.93935
1.32393 1.96454
1.28124 1.99211
1.23853 2.02182
1.19603 2.05346
1.15392 2.08682
1.11238 2.1217
1.07156 2.15793
1.03158 2.19533
0.992581 2.23374
0.954656 2.27298
0.9179 2.31293
0.882394 2.35344
0.848206 2.39436
0.815392 2.43559
0.783996 2.47701
0.754052 2.51851
0.725582 2.56
0.698598 2.60138
0.673099 2.64259
0.649079 2.68357
0.62652 2.72424
0.605395 2.76457
0.585672 2.80453
0.567311 2.84407
0.550266 2.88318
0.534488 2.92184
0.519923 2.96005
0.506516 2.9978
0.494208 3.0351
0.482943 3.07194
0.47266 3.10834
0.463302 3.1443
0.454812 3.17984
0.447135 3.21497
0.440218 3.24971
0.434008 3.28406
0.428458 3.31805
0.423522 3.35169
0.419155 3.385
0.415318 3.41797
0.411972 3.45064
0.409082 3.483
0.406616 3.51508
0.404543 3.54687
0.402836 3.5784
0.40147 3.60966
0.400421 3.64066
0.399668 3.67141
0.399193 3.70192
0.398977 3.73218
0.399007 3.7622
0.399267 3.79199
0.399746 3.82153
0.400432 3.85084
0.401317 3.87992
0.402391 3.90875
0.403648 3.93734
0.405082 3.96569
0.406687 3.99379
0.408461 4.02164
0.410399 4.04923
0.412501 4.07656
0.414764 4.10361
0.417189 4.13039
0.419777 4.15688
0.422529 4.18307
0.425447 4.20895
0.428536 4.23452
0.431798 4.25975
0.435241 4.28463
0.43887 4.30915
0.442693 4.33329
0.446718 4.35703
0.450957 4.38035
0.455419 4.40323
0.46012 4.42564
0.465072 4.44756
0.470294 4.46895
0.475804 4.48979
0.481624 4.51004
0.487779 4.52965
0.494295 4.54858
0.501206 4.56678
0.508547 4.5842
0.516359 4.60077
0.524689 4.61641
0.533592 4.63106
0.54313 4.6446
0.553377 4.65695
0.564418 4.66797
0.576352 4.67752
0.589298 4.68543
0.603396 4.69152
0.618813 4.69556
0.635752 4.69726
0.654457 4.69631
0.675229 4.6923
0.698441 4.68476
0.724558 4.67308
0.754168 4.65652
0.788023 4.63413
0.827098 4.6047
0.872676 4.56666
0.926463 4.51793
0.990773 4.45574
1.06878 4.37631
1.16488 4.27445
1.28526 4.14294
1.43848 3.97179
1.63607 3.74754
1.892 3.45368
2.21838 3.07485
2.61219 2.61051
3.033 2.09853
3.39781 1.62252
3.63048 1.26351
3.71831 1.04142
3.69908 0.924871
3.61709 0.873768
3.50317 0.859596
3.3749 0.865874
3.24159 0.883764
3.10802 0.908599
2.97663 0.937886
2.84864 0.970259
2.72464 1.00495
2.60487 1.0415
2.48938 1.07964
2.37815 1.11921
2.27107 1.16008
2.16802 1.20217
2.06887 1.24541
1.97349 1.28975
1.88174 1.33512
1.79351 1.38149
1.70868 1.42878
1.62715 1.47693
1.54883 1.52586
1.47363 1.57551
1.40149 1.62579
1.33235 1.67659
1.26616 1.72784
1.20287 1.77941
1.14246 1.8312
1.08489 1.8831
1.03013 1.93499
0.978164 1.98676
0.928952 2.03831
0.882468 2.08952
0.838673 2.1403
0.797525 2.19055
0.758974 2.2402
0.722959 2.28918
0.689414 2.33742
0.658263 2.38489
0.62942 2.43155
0.602794 2.47738
0.578287 2.52237
0.555796 2.56652
0.535214 2.60983
0.516433 2.65233
0.499343 2.69403
0.483834 2.73497
0.469798 2.77517
0.457131 2.81467
0.44573 2.8535
0.435499 2.89171
0.426344 2.92932
0.418179 2.96637
0.41092 3.00291
0.404492 3.03896
0.398822 3.07455
0.393845 3.10971
0.389501 3.14447
0.385732 3.17886
0.38249 3.2129
0.379726 3.24661
0.377399 3.28001
0.375471 3.31312
0.373908 3.34595
0.372677 3.37852
0.371752 3.41083
0.371106 3.44291
0.370718 3.47475
0.370567 3.50637
0.370635 3.53778
0.370906 3.56897
0.371367 3.59995
0.372004 3.63073
0.372806 3.66131
0.373765 3.69168
0.374871 3.72186
0.376117 3.75184
0.377497 3.78162
0.379006 3.8112
0.38064 3.84058
0.382394 3.86975
0.384267 3.89871
0.386255 3.92746
0.388359 3.95599
0.390577 3.9843
0.392909 4.01238
0.395356 4.04023
0.397919 4.06783
0.400599 4.09519
0.403399 4.12229
0.406323 4.14912
0.409373 4.17568
0.412554 4.20195
0.415871 4.22793
0.419329 4.25359
0.422935 4.27893
0.426696 4.30393
0.430621 4.32857
0.434718 4.35284
0.438997 4.37672
0.44347 4.40018
0.44815 4.42321
0.45305 4.44579
0.458187 4.46787
0.463578 4.48943
0.469243 4.51045
0.475204 4.53088
0.481486 4.55068
0.488117 4.56981
0.49513 4.58822
0.50256 4.60585
0.510449 4.62264
0.518844 4.63851
0.527799 4.65339
0.537377 4.66719
0.547651 4.67979
0.558704 4.69108
0.570637 4.70092
0.583566 4.70914
0.597631 4.71555
0.612996 4.71993
0.629863 4.72199
0.648475 4.72143
0.669129 4.71785
0.692194 4.71076
0.718131 4.69958
0.747523 4.68356
0.781116 4.66177
0.819877 4.63301
0.86508 4.59571
0.918424 4.54782
0.982212 4.48656
1.05961 4.40819
1.15504 4.30748
1.27469 4.1772
1.42727 4.00723
1.62459 3.78383
1.88122 3.48983
2.21044 3.10864
2.61077 2.63803
3.04209 2.11537
3.41823 1.62728
3.65831 1.25963
3.74843 1.03379
3.72839 0.916549
3.64453 0.865897
3.52864 0.852375
3.3986 0.859197
3.26376 0.877468
3.12887 0.902545
2.99633 0.931968
2.86733 0.9644
2.74241 0.999094
2.6218 1.03561
2.50555 1.0737
2.3936 1.11319
2.28585 1.15397
2.18217 1.19596
2.08244 1.2391
1.98649 1.28333
1.89422 1.32861
1.80548 1.37487
1.72016 1.42206
1.63816 1.47011
1.55938 1.51897
1.48375 1.56854
1.41118 1.61875
1.34162 1.6695
1.27502 1.7207
1.21133 1.77224
1.15052 1.82402
1.09255 1.87591
1.03741 1.92782
0.985056 1.97962
0.935466 2.03121
0.888609 2.08248
0.844448 2.13333
0.80294 2.18366
0.764037 2.2334
0.72768 2.28247
0.693803 2.33082
0.66233 2.3784
0.633178 2.42518
0.606256 2.47112
0.581467 2.51623
0.558709 2.56049
0.537875 2.60392
0.518856 2.64652
0.501543 2.68833
0.485826 2.72937
0.471597 2.76967
0.458751 2.80926
0.447185 2.84819
0.436802 2.88648
0.427507 2.92417
0.419213 2.9613
0.411837 2.9979
0.405301 3.03401
0.399533 3.06966
0.394466 3.10488
0.39004 3.1397
0.386197 3.17414
0.382886 3.20822
0.380061 3.24198
0.377677 3.27542
0.375698 3.30856
0.374087 3.34143
0.372814 3.37403
0.371849 3.40638
0.371167 3.43849
0.370745 3.47037
0.370563 3.50202
0.370603 3.53345
0.370847 3.56467
0.371283 3.59568
0.371897 3.62649
0.372678 3.65709
0.373616 3.6875
0.374702 3.71771
0.37593 3.74771
0.377292 3.77752
0.378784 3.80713
0.380401 3.83653
0.382139 3.86573
0.383996 3.89472
0.385969 3.9235
0.388057 3.95206
0.390259 3.9804
0.392576 4.00851
0.395007 4.03639
0.397554 4.06403
0.400218 4.09143
0.403001 4.11856
0.405908 4.14543
0.40894 4.17203
0.412103 4.19834
0.415401 4.22436
0.418839 4.25006
0.422425 4.27545
0.426164 4.30049
0.430065 4.32519
0.434138 4.34951
0.438392 4.37344
0.442837 4.39697
0.447488 4.42006
0.452357 4.4427
0.45746 4.46485
0.462815 4.48649
0.46844 4.50758
0.474359 4.52809
0.480595 4.54799
0.487176 4.56721
0.494134 4.58572
0.501504 4.60346
0.509327 4.62037
0.517649 4.63638
0.526523 4.6514
0.536011 4.66535
0.546183 4.67813
0.557123 4.68961
0.568928 4.69966
0.581712 4.70811
0.59561 4.71479
0.610784 4.71946
0.62743 4.72186
0.645784 4.72169
0.666135 4.71855
0.688841 4.71198
0.714349 4.7014
0.743223 4.6861
0.776182 4.66518
0.814161 4.63746
0.858383 4.60146
0.910479 4.55518
0.972655 4.49597
1.04794 4.42023
1.14055 4.323
1.2564 4.19733
1.40379 4.03359
1.59409 3.81855
1.84162 3.5354
2.16033 3.16696
2.55207 2.70768
2.98344 2.18795
3.37303 1.68907
3.63452 1.30174
3.74368 1.05754
3.73589 0.927951
3.6586 0.870177
3.54581 0.852756
3.41703 0.857424
3.2825 0.874457
3.14744 0.898774
3.01449 0.927693
2.88495 0.959764
2.75944 0.994175
2.63823 1.03046
2.52138 1.06834
2.40884 1.10765
2.30052 1.14825
2.19628 1.19008
2.09601 1.23306
1.99955 1.27715
1.90678 1.32228
1.81755 1.36841
1.73177 1.41547
1.64932 1.46341
1.5701 1.51216
1.49403 1.56164
1.42104 1.61176
1.35107 1.66245
1.28406 1.71359
1.21997 1.76509
1.15876 1.81684
1.10041 1.86873
1.04487 1.92064
0.992136 1.97247
0.942166 2.02409
0.894932 2.07541
0.8504 2.12632
0.808528 2.17673
0.769268 2.22655
0.732562 2.27572
0.698346 2.32418
0.666545 2.37187
0.637077 2.41875
0.609852 2.46481
0.584774 2.51003
0.561741 2.55441
0.540647 2.59795
0.521384 2.64067
0.503841 2.68259
0.48791 2.72374
0.473482 2.76414
0.460451 2.80383
0.448713 2.84284
0.438172 2.88121
0.428732 2.91898
0.420304 2.95619
0.412806 2.99287
0.406158 3.02904
0.400288 3.06475
0.395128 3.10003
0.390616 3.1349
0.386696 3.16939
0.383314 3.20353
0.380424 3.23732
0.377982 3.27081
0.375949 3.30399
0.374289 3.3369
0.372971 3.36954
0.371965 3.40192
0.371245 3.43406
0.370789 3.46597
0.370575 3.49765
0.370585 3.52911
0.370802 3.56036
0.371212 3.5914
0.371802 3.62224
0.37256 3.65287
0.373477 3.6833
0.374543 3.71354
0.375752 3.74357
0.377096 3.77341
0.37857 3.80304
0.38017 3.83247
0.381891 3.8617
0.383732 3.89072
0.385689 3.91953
0.387761 3.94812
0.389948 3.97649
0.392248 4.00464
0.394664 4.03255
0.397194 4.06022
0.399842 4.08765
0.402609 4.11482
0.405498 4.14173
0.408513 4.16837
0.411657 4.19472
0.414936 4.22077
0.418355 4.24652
0.421919 4.27195
0.425637 4.29705
0.429516 4.32179
0.433564 4.34617
0.437792 4.37016
0.44221 4.39374
0.446831 4.41689
0.451669 4.43959
0.456739 4.46181
0.462058 4.48353
0.467645 4.5047
0.473521 4.52529
0.479712 4.54527
0.486244 4.56459
0.493147 4.58321
0.500458 4.60106
0.508216 4.61808
0.516465 4.63422
0.52526 4.64938
0.534659 4.66349
0.544732 4.67644
0.55556 4.6881
0.567239 4.69836
0.579879 4.70704
0.593614 4.71398
0.608601 4.71894
0.62503 4.72168
0.643132 4.72188
0.663187 4.71917
0.685543 4.71311
0.710632 4.70313
0.739001 4.68853
0.771345 4.66845
0.808564 4.64176
0.851835 4.607
0.902725 4.56228
0.963347 4.50506
1.0366 4.43187
1.1265 4.33797
1.2387 4.21674
1.38113 4.05897
1.56469 3.85196
1.80339 3.57932
2.11166 3.22349
2.49421 2.77608
2.92399 2.26092
3.32523 1.75312
3.60769 1.34671
3.73667 1.08351
3.74209 0.940711
3.67201 0.875213
3.5627 0.853548
3.43536 0.855884
3.30124 0.871583
3.16605 0.89509
3.0327 0.923479
2.90264 0.955172
2.77656 0.989293
2.65475 1.02534
2.53729 1.06301
2.42416 1.10213
2.31526 1.14256
2.21047 1.18422
2.10966 1.22705
2.01268 1.27098
1.9194 1.31597
1.82969 1.36197
1.74344 1.40891
1.66053 1.45673
1.58087 1.50537
1.50437 1.55475
1.43096 1.60479
1.36057 1.6554
1.29316 1.70649
1.22867 1.75795
1.16706 1.80967
1.10831 1.86154
1.05239 1.91346
0.999269 1.9653
0.948918 2.01696
0.901308 2.06833
0.856404 2.1193
0.814167 2.16978
0.774548 2.21969
0.737492 2.26896
0.702936 2.31752
0.670805 2.36531
0.64102 2.41231
0.61349 2.45849
0.588121 2.50383
0.564811 2.54832
0.543455 2.59198
0.523945 2.63481
0.506171 2.67684
0.490023 2.71809
0.475393 2.75859
0.462175 2.79837
0.450264 2.83748
0.439563 2.87594
0.429976 2.91379
0.421414 2.95107
0.413791 2.98782
0.40703 3.02406
0.401056 3.05984
0.395802 3.09517
0.391204 3.1301
0.387205 3.16464
0.383752 3.19882
0.380797 3.23267
0.378295 3.26619
0.376208 3.29942
0.374498 3.33236
0.373134 3.36504
0.372086 3.39745
0.371328 3.42963
0.370837 3.46157
0.37059 3.49328
0.37057 3.52477
0.37076 3.55605
0.371144 3.58712
0.37171 3.61798
0.372446 3.64864
0.373341 3.6791
0.374387 3.70936
0.375576 3.73943
0.376902 3.76929
0.378359 3.79895
0.379941 3.82841
0.381646 3.85767
0.38347 3.88672
0.385411 3.91555
0.387468 3.94418
0.389638 3.97258
0.391923 4.00075
0.394322 4.0287
0.396837 4.05641
0.399468 4.08387
0.402219 4.11108
0.405091 4.13802
0.408088 4.1647
0.411214 4.19109
0.414474 4.21719
0.417873 4.24298
0.421417 4.26845
0.425113 4.29359
0.428969 4.31839
0.432993 4.34282
0.437195 4.36686
0.441587 4.3905
0.446179 4.41371
0.450986 4.43648
0.456023 4.45877
0.461306 4.48055
0.466855 4.5018
0.47269 4.52248
0.478836 4.54255
0.485318 4.56196
0.492169 4.58067
0.499421 4.59863
0.507114 4.61578
0.515292 4.63204
0.524008 4.64735
0.533319 4.66161
0.543295 4.67472
0.554013 4.68657
0.565568 4.69703
0.578068 4.70594
0.591642 4.71313
0.606446 4.71838
0.622663 4.72144
0.640517 4.72201
0.660283 4.71974
0.682297 4.71417
0.706978 4.70477
0.734856 4.69086
0.766601 4.6716
0.803082 4.64589
0.845432 4.61236
0.895156 4.56915
0.95428 4.51384
1.02557 4.44311
1.11288 4.35242
1.22158 4.23546
1.35924 4.08341
1.53634 3.88411
1.7665 3.62164
2.06446 3.27821
2.43734 2.84309
2.86403 2.33398
3.27506 1.81921
3.5778 1.39454
3.72727 1.11182
3.74686 0.95493
3.68469 0.881065
3.57925 0.854786
3.45357 0.854591
3.31995 0.868855
3.1847 0.891498
3.05098 0.919327
2.92042 0.950626
2.79376 0.984447
2.67135 1.02025
2.55329 1.05771
2.43956 1.09663
2.33008 1.13689
2.22473 1.17838
2.12338 1.22105
2.02588 1.26484
1.93209 1.30969
1.8419 1.35554
1.75518 1.40236
1.67181 1.45006
1.59171 1.49859
1.51477 1.54787
1.44094 1.59783
1.37014 1.64837
1.30231 1.69939
1.23742 1.75081
1.17542 1.8025
1.11628 1.85436
1.05996 1.90628
1.00646 1.95814
0.955722 2.00983
0.907734 2.06124
0.862459 2.11227
0.819855 2.16283
0.779877 2.21282
0.74247 2.26218
0.707572 2.31084
0.67511 2.35874
0.645005 2.40586
0.617169 2.45215
0.591507 2.4976
0.567918 2.54221
0.546298 2.58599
0.526539 2.62893
0.508531 2.67107
0.492165 2.71242
0.477331 2.75303
0.463924 2.79291
0.451838 2.83211
0.440975 2.87065
0.43124 2.90859
0.422541 2.94595
0.414793 2.98276
0.407917 3.01908
0.401839 3.05491
0.396489 3.09031
0.391804 3.12529
0.387725 3.15988
0.384199 3.19411
0.381178 3.228
0.378616 3.26157
0.376473 3.29484
0.374713 3.32782
0.373303 3.36053
0.372213 3.39298
0.371417 3.42519
0.37089 3.45716
0.370611 3.4889
0.37056 3.52043
0.370722 3.55173
0.37108 3.58283
0.371621 3.61372
0.372334 3.64441
0.373208 3.6749
0.374234 3.70519
0.375403 3.73528
0.376711 3.76517
0.378149 3.79486
