x y
0.3 1
0.300042 0.986098
0.300166 0.972391
0.300373 0.958877
0.30066 0.945556
0.301027 0.932426
0.301474 0.919486
0.301998 0.906734
0.3026 0.894169
0.303279 0.88179
0.304034 0.869594
0.304865 0.857581
0.30577 0.845748
0.306751 0.834095
0.307806 0.822618
0.308935 0.811318
0.310138 0.800191
0.311414 0.789236
0.312763 0.778452
0.314185 0.767836
0.315681 0.757388
0.317249 0.747104
0.31889 0.736984
0.320604 0.727025
0.32239 0.717225
0.32425 0.707584
0.326183 0.698099
0.328189 0.688768
0.330269 0.679589
0.332422 0.670562
0.33465 0.661683
0.336951 0.652951
0.339327 0.644365
0.341778 0.635922
0.344305 0.627621
0.346907 0.61946
0.349585 0.611438
0.352341 0.603552
0.355173 0.595801
0.358083 0.588184
0.361072 0.580698
0.364139 0.573342
0.367286 0.566115
0.370514 0.559014
0.373822 0.552039
0.377212 0.545187
0.380685 0.538457
0.384241 0.531847
0.387881 0.525357
0.391605 0.518984
0.395416 0.512726
0.399313 0.506584
0.403297 0.500554
0.40737 0.494636
0.411532 0.488828
0.415785 0.483129
0.420129 0.477538
0.424565 0.472052
0.429095 0.466672
0.43372 0.461395
0.43844 0.45622
0.443256 0.451147
0.448171 0.446173
0.453185 0.441298
0.4583 0.43652
0.463515 0.431839
0.468834 0.427253
0.474257 0.422761
0.479785 0.418362
0.48542 0.414055
0.491162 0.409839
0.497015 0.405713
0.502978 0.401676
0.509053 0.397727
0.515242 0.393865
0.521546 0.390089
0.527966 0.386399
0.534505 0.382793
0.541163 0.379271
0.547942 0.375832
0.554843 0.372475
0.561869 0.3692
0.569021 0.366005
0.5763 0.36289
0.583708 0.359854
0.591247 0.356897
0.598918 0.354019
0.606723 0.351218
0.614664 0.348493
0.622742 0.345846
0.630959 0.343274
0.639317 0.340778
0.647818 0.338358
0.656463 0.336012
0.665254 0.33374
0.674193 0.331543
0.683281 0.329419
0.692521 0.32737
0.701914 0.325393
0.711462 0.32349
0.721167 0.321659
0.731031 0.319902
0.741055 0.318218
0.751241 0.316606
0.761591 0.315067
0.772107 0.313602
0.782791 0.312209
0.793644 0.310889
0.804668 0.309643
0.815864 0.30847
0.827236 0.307371
0.838784 0.306346
0.85051 0.305395
0.862415 0.30452
0.874502 0.30372
0.886771 0.302995
0.899226 0.302347
0.911866 0.301777
0.924694 0.301284
0.93771 0.300869
0.950917 0.300534
0.964316 0.30028
0.977908 0.300106
0.991694 0.300015
1.00567 0.300007
1.01985 0.300083
1.03423 0.300246
1.0488 0.300495
1.06357 0.300833
1.07855 0.30126
1.09372 0.30178
1.10909 0.302392
1.12467 0.3031
1.14044 0.303904
1.15642 0.304808
1.1726 0.305812
1.18898 0.30692
1.20556 0.308133
1.22235 0.309454
1.23933 0.310886
1.25651 0.312431
1.27388 0.314093
1.29146 0.315873
1.30922 0.317776
1.32718 0.319805
1.34533 0.321963
1.36367 0.324254
1.38219 0.326681
1.40089 0.329249
1.41978 0.331962
1.43883 0.334825
1.45806 0.337841
1.47745 0.341017
1.497 0.344356
1.51671 0.347864
1.53656 0.351547
1.55656 0.355411
1.57669 0.359462
1.59695 0.363705
1.61734 0.368149
1.63783 0.372799
1.65842 0.377662
1.67911 0.382748
1.69988 0.388062
1.72071 0.393614
1.74161 0.399412
1.76255 0.405466
1.78352 0.411783
1.80451 0.418374
1.8255 0.42525
1.84647 0.43242
1.86741 0.439895
1.8883 0.447686
1.90912 0.455806
1.92985 0.464266
1.95047 0.473078
1.97095 0.482256
1.99128 0.491813
2.01142 0.501762
2.03136 0.512117
2.05106 0.522893
2.07049 0.534106
2.08963 0.545769
2.10845 0.557898
2.12691 0.57051
2.14498 0.58362
2.16262 0.597245
2.1798 0.611401
2.19649 0.626104
2.21264 0.641371
2.22822 0.657219
2.24318 0.673665
2.25749 0.690724
2.27109 0.708413
2.28396 0.726748
2.29604 0.745743
2.3073 0.765413
2.31768 0.785772
2.32714 0.806833
2.33564 0.828607
2.34314 0.851105
2.34959 0.874336
2.35494 0.898307
2.35915 0.923024
2.36219 0.948489
2.364 0.974704
2.36457 1.00167
2.36383 1.02938
2.36178 1.05782
2.35836 1.08699
2.35356 1.11688
2.34735 1.14746
2.33971 1.17871
2.33062 1.21061
2.32007 1.24313
2.30806 1.27624
2.29457 1.3099
2.27961 1.34406
2.2632 1.37868
2.24534 1.4137
2.22605 1.44908
2.20536 1.48475
2.1833 1.52064
2.15991 1.5567
2.13522 1.59284
2.10929 1.629
2.08217 1.6651
2.05392 1.70105
2.02459 1.73678
1.99427 1.7722
1.96302 1.80724
1.93091 1.84179
1.89803 1.87579
1.86445 1.90915
1.83025 1.94178
1.79553 1.97361
1.76036 2.00455
1.72482 2.03455
1.68901 2.06352
1.653 2.0914
1.61687 2.11813
1.58071 2.14364
1.54459 2.1679
1.50858 2.19085
1.47275 2.21246
1.43717 2.23268
1.40191 2.25149
1.36701 2.26887
1.33254 2.2848
1.29855 2.29926
1.26507 2.31225
1.23215 2.32378
1.19984 2.33383
1.16815 2.34244
1.13712 2.34959
1.10677 2.35533
1.07712 2.35966
1.04819 2.36262
1.02 2.36423
0.992537 2.36452
0.965824 2.36353
0.93986 2.3613
0.914646 2.35787
0.89018 2.35326
0.866459 2.34754
0.843475 2.34074
0.82122 2.3329
0.799687 2.32407
0.778863 2.31429
0.758736 2.30362
0.739294 2.29208
0.720523 2.27973
0.702406 2.26661
0.68493 2.25276
0.668079 2.23823
0.651836 2.22306
0.636184 2.20728
0.621108 2.19095
0.60659 2.17409
0.592615 2.15675
0.579164 2.13896
0.566223 2.12075
0.553775 2.10217
0.541804 2.08324
0.530294 2.064
0.519229 2.04448
0.508596 2.02469
0.498378 2.00469
0.488563 1.98448
0.479135 1.9641
0.470081 1.94357
0.461388 1.92291
0.453044 1.90214
0.445036 1.8813
0.437352 1.86039
0.42998 1.83944
0.42291 1.81845
0.416131 1.79746
0.409633 1.77648
0.403405 1.75552
0.397439 1.73459
0.391724 1.71371
0.386253 1.6929
0.381016 1.67216
0.376006 1.6515
0.371215 1.63094
0.366635 1.61048
0.362259 1.59014
0.358081 1.56992
0.354094 1.54983
0.350292 1.52988
0.346668 1.51008
0.343217 1.49042
0.339933 1.47092
0.336812 1.45159
0.333847 1.43242
0.331036 1.41342
0.328372 1.3946
0.325851 1.37596
0.32347 1.3575
0.321224 1.33922
0.31911 1.32114
0.317124 1.30324
0.315262 1.28554
0.313522 1.26803
0.3119 1.25072
0.310393 1.23361
0.308999 1.21669
0.307714 1.19998
0.306537 1.18346
0.305464 1.16715
0.304494 1.15104
0.303624 1.13513
0.302852 1.11942
0.302176 1.10391
0.301595 1.08861
0.301107 1.0735
0.300709 1.05859
0.300401 1.04389
0.300182 1.02938
0.300048 1.01507
0.3 1.00096
0.300036 0.987046
0.300155 0.973325
0.300356 0.959798
0.300638 0.946464
0.301 0.933321
0.301441 0.920368
0.30196 0.907603
0.302556 0.895026
0.30323 0.882634
0.30398 0.870426
0.304805 0.8584
0.305706 0.846555
0.306681 0.834889
0.307731 0.823401
0.308855 0.812088
0.310053 0.800949
0.311324 0.789983
0.312668 0.779187
0.314085 0.76856
0.315576 0.7581
0.317139 0.747805
0.318775 0.737673
0.320484 0.727703
0.322265 0.717893
0.32412 0.708241
0.326048 0.698745
0.328049 0.689404
0.330124 0.680215
0.332272 0.671177
0.334494 0.662288
0.336791 0.653546
0.339162 0.644949
0.341608 0.636497
0.344129 0.628186
0.346726 0.620016
0.349399 0.611984
0.352149 0.604089
0.354976 0.596329
0.357881 0.588703
0.360864 0.581208
0.363926 0.573843
0.367068 0.566607
0.37029 0.559498
0.373593 0.552514
0.376977 0.545653
0.380444 0.538915
0.383994 0.532297
0.387628 0.525799
0.391347 0.519417
0.395151 0.513152
0.399042 0.507002
0.403021 0.500964
0.407087 0.495039
0.411244 0.489223
0.41549 0.483517
0.419828 0.477918
0.424258 0.472425
0.428781 0.467038
0.433399 0.461754
0.438112 0.456572
0.442923 0.451492
0.447831 0.446511
0.452838 0.441629
0.457945 0.436845
0.463154 0.432157
0.468466 0.427565
0.473881 0.423066
0.479402 0.418661
0.485029 0.414348
0.490765 0.410125
0.496609 0.405993
0.502565 0.40195
0.508632 0.397995
0.514813 0.394127
0.521109 0.390346
0.527522 0.38665
0.534052 0.383038
0.540702 0.37951
0.547472 0.376066
0.554366 0.372703
0.561383 0.369422
0.568526 0.366221
0.575796 0.363101
0.583196 0.36006
0.590725 0.357098
0.598387 0.354214
0.606183 0.351407
0.614114 0.348678
0.622183 0.346025
0.630391 0.343449
0.638739 0.340947
0.64723 0.338522
0.655865 0.33617
0.664646 0.333894
0.673574 0.331691
0.682652 0.329563
0.691882 0.327508
0.701264 0.325526
0.710802 0.323618
0.720496 0.321783
0.730349 0.32002
0.740361 0.318331
0.750536 0.316714
0.760875 0.315171
0.77138 0.3137
0.782052 0.312302
0.792893 0.310977
0.803905 0.309726
0.81509 0.308548
0.82645 0.307444
0.837985 0.306414
0.849699 0.305458
0.861592 0.304577
0.873666 0.303772
0.885923 0.303043
0.898365 0.302389
0.910992 0.301813
0.923807 0.301315
0.936811 0.300895
0.950005 0.300555
0.96339 0.300295
0.976969 0.300115
0.990741 0.300018
1.00471 0.300005
1.01887 0.300075
1.03323 0.300232
1.04779 0.300475
1.06255 0.300807
1.07751 0.301228
1.09267 0.301741
1.10803 0.302347
1.12359 0.303048
1.13935 0.303846
1.15532 0.304743
1.17148 0.30574
1.18785 0.306841
1.20442 0.308046
1.22119 0.30936
1.23815 0.310784
1.25532 0.312322
1.27268 0.313975
1.29024 0.315747
1.308 0.317642
1.32594 0.319662
1.34408 0.321811
1.3624 0.324092
1.38091 0.32651
1.3996 0.329068
1.41847 0.331771
1.43752 0.334623
1.45673 0.337629
1.47611 0.340793
1.49565 0.344121
1.51535 0.347618
1.53519 0.351289
1.55518 0.35514
1.57531 0.359178
1.59556 0.363408
1.61593 0.367837
1.63642 0.372473
1.65701 0.377321
1.67769 0.382391
1.69845 0.38769
1.71928 0.393225
1.74017 0.399006
1.76111 0.405042
1.78208 0.411341
1.80307 0.417913
1.82406 0.424769
1.84503 0.431918
1.86598 0.439372
1.88687 0.447141
1.9077 0.455238
1.92843 0.463674
1.94906 0.472462
1.96955 0.481614
1.98989 0.491144
2.01005 0.501066
2.03 0.511393
2.04971 0.52214
2.06917 0.533322
2.08833 0.544953
2.10717 0.55705
2.12565 0.569629
2.14375 0.582704
2.16142 0.596293
2.17864 0.610411
2.19536 0.625077
2.21155 0.640305
2.22717 0.656113
2.24217 0.672517
2.25653 0.689533
2.27018 0.707179
2.2831 0.725468
2.29524 0.744418
2.30655 0.764041
2.31699 0.784352
2.32652 0.805365
2.33509 0.827089
2.34266 0.849537
2.34918 0.872718
2.3546 0.896638
2.3589 0.921303
2.36202 0.946717
2.36392 0.972881
2.36457 0.999793
2.36393 1.02745
2.36196 1.05584
2.35864 1.08497
2.35394 1.1148
2.34782 1.14534
2.34028 1.17654
2.33129 1.2084
2.32084 1.24088
2.30893 1.27395
2.29554 1.30757
2.28069 1.3417
2.26437 1.37629
2.24661 1.41128
2.22742 1.44664
2.20683 1.48229
2.18486 1.51817
2.16155 1.55422
2.13695 1.59036
2.11111 1.62652
2.08407 1.66262
2.05589 1.69859
2.02664 1.73434
1.99638 1.76978
1.96519 1.80484
1.93314 1.83944
1.90031 1.87348
1.86677 1.90688
1.83262 1.93956
1.79793 1.97145
1.76278 2.00246
1.72727 2.03252
1.69147 2.06156
1.65547 2.08952
1.61935 2.11633
1.58319 2.14193
1.54706 2.16628
1.51104 2.18932
1.4752 2.21102
1.4396 2.23134
1.40432 2.25025
1.36939 2.26772
1.33489 2.28375
1.30086 2.29831
1.26735 2.31141
1.2344 2.32303
1.20204 2.33319
1.1703 2.34189
1.13923 2.34915
1.10883 2.35498
1.07914 2.35941
1.05016 2.36246
1.02191 2.36416
0.994398 2.36454
0.967634 2.36364
0.941619 2.36149
0.916353 2.35814
0.891836 2.35362
0.868063 2.34797
0.845029 2.34124
0.822725 2.33347
0.801142 2.32471
0.78027 2.315
0.760096 2.30438
0.740607 2.2929
0.72179 2.2806
0.703629 2.26753
0.68611 2.25373
0.669216 2.23925
0.652932 2.22412
0.63724 2.20839
0.622125 2.19209
0.607569 2.17526
0.593557 2.15795
0.580071 2.14019
0.567096 2.12202
0.554614 2.10346
0.542611 2.08455
0.53107 2.06533
0.519975 2.04582
0.509312 2.02606
0.499067 2.00607
0.489224 1.98587
0.47977 1.9655
0.470691 1.94498
0.461974 1.92433
0.453606 1.90357
0.445575 1.88273
0.437869 1.86183
0.430477 1.84087
0.423386 1.8199
0.416588 1.79891
0.41007 1.77792
0.403824 1.75696
0.39784 1.73603
0.392109 1.71515
0.386621 1.69433
0.381368 1.67358
0.376343 1.65292
0.371537 1.63235
0.366943 1.61188
0.362553 1.59153
0.358362 1.57131
0.354362 1.55121
0.350547 1.53125
0.346911 1.51143
0.343448 1.49177
0.340153 1.47226
0.337021 1.45291
0.334046 1.43373
0.331224 1.41472
0.32855 1.39588
0.32602 1.37723
0.323629 1.35876
0.321374 1.34047
0.319251 1.32237
0.317256 1.30446
0.315386 1.28675
0.313638 1.26923
0.312008 1.2519
0.310493 1.23477
0.309091 1.21785
0.307799 1.20112
0.306614 1.18459
0.305534 1.16826
0.304557 1.15214
0.30368 1.13621
0.302902 1.12049
0.30222 1.10497
0.301632 1.08965
0.301137 1.07453
0.300734 1.05961
0.30042 1.04489
0.300194 1.03037
0.300055 1.01605
0.300001 1.00192
0.300031 0.987995
0.300144 0.974261
0.30034 0.960721
0.300616 0.947373
0.300972 0.934217
0.301408 0.921251
0.301921 0.908474
0.302513 0.895883
0.303181 0.883479
0.303926 0.871258
0.304746 0.85922
0.305642 0.847362
0.306612 0.835684
0.307657 0.824184
0.308776 0.812859
0.309968 0.801708
0.311234 0.79073
0.312573 0.779923
0.313986 0.769284
0.315471 0.758812
0.317029 0.748506
0.31866 0.738363
0.320364 0.728382
0.322141 0.718561
0.323991 0.708899
0.325913 0.699392
0.32791 0.69004
0.329979 0.680841
0.332122 0.671792
0.334339 0.662893
0.336631 0.654141
0.338997 0.645535
0.341437 0.637073
0.343953 0.628752
0.346545 0.620572
0.349213 0.612531
0.351958 0.604627
0.354779 0.596858
0.357679 0.589222
0.360657 0.581718
0.363713 0.574345
0.36685 0.5671
0.370066 0.559982
0.373363 0.552989
0.376742 0.54612
0.380203 0.539374
0.383748 0.532748
0.387376 0.526241
0.391089 0.519852
0.394887 0.513579
0.398772 0.50742
0.402745 0.501375
0.406805 0.495442
0.410955 0.489619
0.415196 0.483905
0.419527 0.478299
0.423951 0.472799
0.428468 0.467404
0.433079 0.462113
0.437786 0.456925
0.442589 0.451837
0.447491 0.44685
0.452491 0.441961
0.457591 0.43717
0.462793 0.432476
0.468098 0.427877
0.473506 0.423372
0.47902 0.41896
0.48464 0.414641
0.490368 0.410412
0.496205 0.406274
0.502152 0.402225
0.508212 0.398264
0.514385 0.39439
0.520673 0.390603
0.527078 0.386901
0.5336 0.383284
0.540241 0.37975
0.547004 0.3763
0.553888 0.372931
0.560897 0.369645
0.568032 0.366439
0.575293 0.363313
0.582683 0.360266
0.590204 0.357299
0.597857 0.354409
0.605644 0.351598
0.613566 0.348863
0.621625 0.346205
0.629823 0.343623
0.638161 0.341117
0.646642 0.338686
0.655267 0.336329
0.664038 0.334048
0.672957 0.33184
0.682024 0.329707
0.691243 0.327647
0.700615 0.32566
0.710142 0.323747
0.719825 0.321906
0.729667 0.320139
0.739669 0.318445
0.749833 0.316823
0.76016 0.315274
0.770653 0.313798
0.781314 0.312396
0.792143 0.311066
0.803144 0.309809
0.814317 0.308626
0.825664 0.307517
0.837188 0.306482
0.848889 0.305521
0.86077 0.304635
0.872831 0.303825
0.885076 0.30309
0.897505 0.302432
0.910119 0.301851
0.922921 0.301347
0.935912 0.300922
0.949093 0.300576
0.962465 0.30031
0.97603 0.300125
0.989789 0.300022
1.00374 0.300003
1.01789 0.300068
1.03224 0.300218
1.04679 0.300455
1.06153 0.300781
1.07648 0.301196
1.09162 0.301703
1.10697 0.302303
1.12252 0.302997
1.13827 0.303788
1.15422 0.304678
1.17037 0.305668
1.18672 0.306762
1.20327 0.30796
1.22003 0.309267
1.23698 0.310683
1.25414 0.312212
1.27149 0.313858
1.28903 0.315622
1.30677 0.317508
1.32471 0.319519
1.34283 0.321659
1.36114 0.323931
1.37964 0.32634
1.39832 0.328888
1.41717 0.331581
1.43621 0.334423
1.45541 0.337418
1.47478 0.340571
1.49431 0.343887
1.51399 0.347372
1.53383 0.351031
1.55381 0.35487
1.57392 0.358894
1.59417 0.363111
1.61453 0.367527
1.63501 0.372148
1.65559 0.376982
1.67626 0.382036
1.69702 0.387319
1.71785 0.392838
1.73874 0.398601
1.75967 0.404619
1.78064 0.4109
1.80163 0.417453
1.82262 0.424289
1.84359 0.431417
1.86454 0.43885
1.88544 0.446597
1.90627 0.454671
1.92701 0.463084
1.94765 0.471847
1.96815 0.480974
1.9885 0.490478
2.00867 0.500372
2.02863 0.510671
2.04837 0.521388
2.06784 0.53254
2.08702 0.54414
2.10589 0.556205
2.1244 0.568749
2.14252 0.58179
2.16022 0.595343
2.17747 0.609425
2.19423 0.624052
2.21046 0.639241
2.22612 0.655009
2.24116 0.671371
2.25556 0.688345
2.26927 0.705947
2.28224 0.724192
2.29443 0.743095
2.3058 0.762672
2.31631 0.782936
2.3259 0.803899
2.33454 0.825575
2.34217 0.847973
2.34876 0.871103
2.35427 0.894972
2.35864 0.919586
2.36184 0.944948
2.36383 0.971061
2.36456 0.997922
2.36401 1.02553
2.36214 1.05387
2.35891 1.08294
2.3543 1.11273
2.34829 1.14322
2.34085 1.17438
2.33196 1.2062
2.32161 1.23863
2.30979 1.27166
2.29651 1.30525
2.28175 1.33934
2.26554 1.3739
2.24788 1.40887
2.22878 1.4442
2.20828 1.47983
2.18641 1.5157
2.1632 1.55174
2.13868 1.58788
2.11292 1.62404
2.08596 1.66015
2.05786 1.69613
2.02868 1.73189
1.99849 1.76736
1.96736 1.80245
1.93537 1.83708
1.90259 1.87116
1.8691 1.90461
1.83498 1.93734
1.80033 1.96929
1.76521 2.00036
1.72972 2.03049
1.69394 2.0596
1.65795 2.08764
1.62184 2.11453
1.58567 2.14021
1.54954 2.16465
1.51351 2.18778
1.47765 2.20957
1.44204 2.22999
1.40673 2.24899
1.37178 2.26657
1.33725 2.2827
1.30318 2.29736
1.26963 2.31056
1.23664 2.32228
1.20424 2.33254
1.17246 2.34134
1.14134 2.3487
1.1109 2.35463
1.08115 2.35915
1.05212 2.36229
1.02382 2.36408
0.996263 2.36456
0.969447 2.36374
0.94338 2.36168
0.918064 2.35841
0.893495 2.35396
0.869672 2.34839
0.846587 2.34174
0.824233 2.33404
0.802601 2.32534
0.78168 2.31569
0.761459 2.30513
0.741924 2.29371
0.723061 2.28147
0.704855 2.26845
0.687293 2.2547
0.670356 2.24026
0.65403 2.22518
0.638299 2.20948
0.623144 2.19322
0.608551 2.17644
0.594502 2.15916
0.580981 2.14143
0.567971 2.12328
0.555456 2.10475
0.54342 2.08586
0.531847 2.06666
0.520723 2.04717
0.510031 2.02742
0.499757 2.00745
0.489887 1.98726
0.480407 1.96691
0.471302 1.94639
0.462561 1.92575
0.454169 1.905
0.446116 1.88417
0.438388 1.86326
0.430974 1.84231
0.423864 1.82134
0.417045 1.80035
0.410509 1.77936
0.404245 1.75839
0.398243 1.73746
0.392494 1.71658
0.38699 1.69575
0.381721 1.675
0.376681 1.65433
0.37186 1.63376
0.367252 1.61329
0.362848 1.59293
0.358644 1.57269
0.354631 1.55258
0.350803 1.53261
0.347155 1.51279
0.34368 1.49311
0.340374 1.47359
0.337231 1.45423
0.334245 1.43504
0.331413 1.41602
0.328729 1.39717
0.326189 1.3785
