ppm pH
100 5.905
120 5.86564
140 5.83233
160 5.80346
180 5.77798
200 5.75518
220 5.73455
240 5.71571
260 5.69837
280 5.68232
300 5.66737
320 5.65339
340 5.64025
360 5.62786
380 5.61614
400 5.60502
420 5.59444
440 5.58436
460 5.57472
480 5.56549
500 5.55664
520 5.54813
540 5.53994
560 5.53206
580 5.52445
600 5.51709
620 5.50998
640 5.50309
660 5.49642
680 5.48994
700 5.48365
720 5.47754
740 5.4716
760 5.46581
780 5.46017
800 5.45468
820 5.44932
840 5.44409
860 5.43899
880 5.434
900 5.42912
920 5.42435
940 5.41969
960 5.41512
980 5.41065
1000 5.40626
1020 5.40196
1040 5.39775
1060 5.39362
1080 5.38956
1100 5.38558
1120 5.38167
1140 5.37783
1160 5.37405
1180 5.37034
1200 5.36669
1220 5.36311
1240 5.35958
1260 5.3561
1280 5.35269
1300 5.34932
1320 5.34601
1340 5.34274
1360 5.33953
1380 5.33636
1400 5.33324
1420 5.33016
1440 5.32712
1460 5.32413
1480 5.32118
1500 5.31826
1520 5.31539
1540 5.31255
1560 5.30975
1580 5.30698
1600 5.30425
1620 5.30156
1640 5.29889
1660 5.29626
1680 5.29366
1700 5.29109
1720 5.28856
1740 5.28605
1760 5.28357
1780 5.28111
1800 5.27869
1820 5.27629
1840 5.27392
1860 5.27157
1880 5.26925
1900 5.26695
1920 5.26468
1940 5.26243
1960 5.2602
1980 5.258
2000 5.25582
