r V harm
0.8 71172.5 29266.7
0.81 66861 28046.3
0.82 62755.7 26851.8
0.83 58848.3 25683.3
0.84 55131.1 24540.9
0.85 51596.6 23424.4
0.86 48237.5 22333.9
0.87 45046.9 21269.4
0.88 42018 20230.9
0.89 39144.4 19218.4
0.9 36419.9 18231.8
0.91 33838.4 17271.3
0.92 31394.1 16336.8
0.93 29081.5 15428.2
0.94 26895.3 14545.7
0.95 24830.3 13689.1
0.96 22881.4 12858.5
0.97 21044 12053.9
0.98 19313.4 11275.4
0.99 17685.1 10522.8
1 16155 9796.15
1.01 14718.9 9095.54
1.02 13372.8 8420.91
1.03 12113 7772.28
1.04 10935.7 7149.65
1.05 9837.52 6553
1.06 8814.99 5982.34
1.07 7864.86 5437.68
1.08 6984 4919.01
1.09 6169.38 4426.33
1.1 5418.09 3959.64
1.11 4727.36 3518.95
1.12 4094.48 3104.24
1.13 3516.88 2715.53
1.14 2992.07 2352.81
1.15 2517.66 2016.08
1.16 2091.35 1705.34
1.17 1710.94 1420.6
1.18 1374.3 1161.84
1.19 1079.39 929.082
1.2 824.262 722.312
1.21 607.02 541.534
1.22 425.858 386.748
1.23 279.035 257.953
1.24 164.882 155.15
1.25 81.7951 78.3393
1.26 28.2324 27.5202
1.27 2.71442 2.69284
1.28 3.82066 3.85727
1.29 30.1872 31.0135
1.3 80.5051 84.1615
1.31 153.518 163.301
1.32 248.02 268.433
1.33 362.854 399.556
1.34 496.911 556.671
1.35 649.126 739.778
1.36 818.479 948.877
1.37 1003.99 1183.97
1.38 1204.72 1445.05
1.39 1419.78 1732.12
1.4 1648.29 2045.19
1.41 1889.44 2384.25
1.42 2142.42 2749.3
1.43 2406.5 3140.34
1.44 2680.93 3557.37
1.45 2965.03 4000.4
1.46 3258.13 4469.41
1.47 3559.59 4964.42
1.48 3868.81 5485.42
1.49 4185.2 6032.41
1.5 4508.21 6605.4
1.51 4837.3 7204.37
1.52 5171.98 7829.34
1.53 5511.74 8480.3
1.54 5856.13 9157.25
1.55 6204.7 9860.19
1.56 6557.04 10589.1
1.57 6912.73 11344.1
1.58 7271.4 12125
1.59 7632.67 12931.9
1.6 7996.21 13764.8
1.61 8361.67 14623.7
1.62 8728.73 15508.6
1.63 9097.1 16419.4
1.64 9466.49 17356.3
1.65 9836.62 18319.2
1.66 10207.2 19308
1.67 10578.1 20322.9
1.68 10949 21363.7
1.69 11319.6 22430.5
1.7 11689.8 23523.4
1.71 12059.4 24642.2
1.72 12428.2 25787
1.73 12796 26957.8
1.74 13162.6 28154.5
1.75 13527.9 29377.3
1.76 13891.8 30626.1
1.77 14254 31900.9
1.78 14614.4 33201.6
1.79 14973 34528.4
1.8 15329.6 35881.1
1.81 15684.1 37259.8
1.82 16036.4 38664.5
1.83 16386.3 40095.3
1.84 16733.9 41552
1.85 17079 43034.7
1.86 17421.5 44543.3
1.87 17761.4 46078
1.88 18098.6 47638.7
1.89 18433 49225.4
1.9 18764.6 50838
1.91 19093.3 52476.7
1.92 19419.1 54141.3
1.93 19741.9 55831.9
1.94 20061.7 57548.6
1.95 20378.5 59291.2
1.96 20692.1 61059.8
1.97 21002.7 62854.4
1.98 21310.1 64675
1.99 21614.3 66521.6
2 21915.4 68394.1
2.01 22213.3 70292.7
2.02 22507.9 72217.2
2.03 22799.3 74167.8
2.04 23087.5 76144.3
2.05 23372.5 78146.9
2.06 23654.2 80175.4
2.07 23932.6 82229.9
2.08 24207.8 84310.4
2.09 24479.8 86416.9
2.1 24748.5 88549.4
2.11 25014 90707.9
2.12 25276.2 92892.4
2.13 25535.2 95102.8
2.14 25791 97339.3
2.15 26043.6 99601.7
2.16 26293.1 101890
2.17 26539.3 104205
2.18 26782.4 106545
2.19 27022.3 108911
2.2 27259.2 111304
2.21 27492.9 113722
2.22 27723.5 116167
2.23 27951.1 118637
2.24 28175.6 121133
2.25 28397.1 123656
2.26 28615.6 126204
2.27 28831.1 128779
2.28 29043.6 131379
2.29 29253.2 134005
2.3 29460 136658
2.31 29663.8 139336
2.32 29864.8 142040
2.33 30062.9 144770
2.34 30258.3 147527
2.35 30450.8 150309
2.36 30640.7 153117
2.37 30827.8 155952
2.38 31012.2 158812
2.39 31193.9 161698
2.4 31373 164610
2.41 31549.5 167549
2.42 31723.4 170513
2.43 31894.8 173503
2.44 32063.6 176519
2.45 32229.9 179561
2.46 32393.8 182630
2.47 32555.2 185724
2.48 32714.2 188844
2.49 32870.8 191990
2.5 33025.1 195162
2.51 33177 198360
2.52 33326.7 201585
2.53 33474 204835
2.54 33619.2 208111
2.55 33762.1 211413
2.56 33902.8 214741
2.57 34041.4 218095
2.58 34177.8 221475
2.59 34312.1 224881
2.6 34444.4 228314
2.61 34574.6 231772
2.62 34702.8 235256
2.63 34829 238766
2.64 34953.2 242302
2.65 35075.5 245864
2.66 35195.8 249452
2.67 35314.3 253066
2.68 35430.9 256706
2.69 35545.7 260372
2.7 35658.6 264064
2.71 35769.8 267782
2.72 35879.2 271526
2.73 35986.9 275296
2.74 36092.8 279092
2.75 36197.1 282914
2.76 36299.7 286762
2.77 36400.7 290636
2.78 36500 294536
2.79 36597.8 298461
2.8 36694 302413
2.81 36788.6 306391
2.82 36881.7 310395
2.83 36973.3 314425
2.84 37063.5 318481
2.85 37152.1 322563
2.86 37239.4 326671
2.87 37325.2 330805
2.88 37409.6 334964
2.89 37492.7 339150
2.9 37574.4 343362
2.91 37654.7 347600
2.92 37733.8 351864
2.93 37811.6 356154
2.94 37888.1 360469
2.95 37963.3 364811
2.96 38037.3 369179
2.97 38110.1 373573
2.98 38181.7 377992
2.99 38252.1 382438
3 38321.3 386910
3.01 38389.5 391408
3.02 38456.4 395931
3.03 38522.3 400481
3.04 38587.1 405057
3.05 38650.8 409659
3.06 38713.5 414286
3.07 38775.1 418940
3.08 38835.7 423620
3.09 38895.3 428325
3.1 38953.9 433057
3.11 39011.6 437815
3.12 39068.3 442598
3.13 39124 447408
3.14 39178.8 452244
3.15 39232.7 457105
3.16 39285.7 461993
3.17 39337.8 466907
3.18 39389 471846
3.19 39439.4 476812
3.2 39488.9 481803
3.21 39537.6 486821
3.22 39585.5 491864
3.23 39632.5 496934
3.24 39678.8 502030
3.25 39724.3 507151
3.26 39769.1 512299
3.27 39813.1 517472
3.28 39856.3 522672
3.29 39898.9 527897
3.3 39940.7 533149
3.31 39981.8 538426
3.32 40022.2 543730
3.33 40061.9 549059
3.34 40101 554415
3.35 40139.4 559796
3.36 40177.1 565204
3.37 40214.2 570637
3.38 40250.7 576097
3.39 40286.6 581582
3.4 40321.8 587093
3.41 40356.5 592631
3.42 40390.6 598194
3.43 40424.1 603784
3.44 40457 609399
3.45 40489.4 615040
3.46 40521.2 620708
3.47 40552.5 626401
3.48 40583.2 632120
3.49 40613.4 637866
3.5 40643.1 643637
3.51 40672.3 649435
3.52 40701.1 655258
3.53 40729.3 661107
3.54 40757 666982
3.55 40784.3 672884
3.56 40811.1 678811
3.57 40837.4 684764
3.58 40863.3 690744
3.59 40888.8 696749
3.6 40913.8 702780
3.61 40938.4 708837
3.62 40962.6 714921
3.63 40986.3 721030
3.64 41009.7 727165
3.65 41032.6 733326
3.66 41055.2 739514
3.67 41077.4 745727
3.68 41099.2 751966
3.69 41120.6 758231
3.7 41141.6 764522
3.71 41162.3 770839
3.72 41182.7 777183
3.73 41202.7 783552
3.74 41222.3 789947
3.75 41241.6 796368
3.76 41260.6 802815
3.77 41279.3 809288
3.78 41297.6 815787
3.79 41315.7 822313
3.8 41333.4 828864
3.81 41350.8 835441
3.82 41367.9 842044
3.83 41384.7 848673
3.84 41401.2 855328
3.85 41417.5 862009
3.86 41433.5 868716
3.87 41449.1 875449
3.88 41464.6 882208
3.89 41479.7 888993
3.9 41494.6 895804
3.91 41509.3 902641
3.92 41523.7 909504
3.93 41537.8 916393
3.94 41551.7 923308
3.95 41565.4 930249
3.96 41578.8 937216
3.97 41592 944209
3.98 41604.9 951228
3.99 41617.7 958273
4 41630.2 965344
