r s1 s2 p2 s3 p3 d3
0 0 0 0 0 0 0
0.04 0.00590794 0.000738194 1.02484e-07 0.000218708 3.59874e-08 3.24196e-13
0.08 0.0218149 0.00272238 1.57545e-06 0.000806386 5.53146e-07 2.02026e-11
0.12 0.0453098 0.00564252 7.66299e-06 0.0016707 2.68989e-06 2.24064e-10
0.16 0.0743577 0.00923206 2.32692e-05 0.002732 8.16544e-06 1.22581e-09
0.2 0.107251 0.0132634 5.45821e-05 0.0039221 1.91456e-05 4.55305e-09
0.24 0.142568 0.0175439 0.000108743 0.00518312 3.81243e-05 1.32376e-08
0.28 0.179131 0.0219119 0.000193561 0.00646638 6.78195e-05 3.25019e-08
0.32 0.215979 0.0262334 0.000317259 0.00773149 0.000111083 7.05146e-08
0.36 0.252332 0.0303988 0.000488262 0.00894542 0.000170819 1.39192e-07
0.4 0.287571 0.0343204 0.000715008 0.0100817 0.000249921 2.55021e-07
0.44 0.321208 0.0379293 0.0010058 0.0111196 0.000351209 4.39898e-07
0.48 0.352874 0.0411735 0.00136865 0.0120435 0.000477384 7.21941e-07
0.52 0.382297 0.0440156 0.00181121 0.0128424 0.000630983 1.1363e-06
0.56 0.409285 0.0464308 0.00234065 0.013509 0.000814352 1.72592e-06
0.6 0.43372 0.0484052 0.00296358 0.0140396 0.00102961 2.54225e-06
0.64 0.455536 0.0499343 0.00368604 0.0144332 0.00127864 3.64594e-06
0.68 0.47472 0.0510218 0.0045134 0.0146914 0.00156307 5.10743e-06
0.72 0.491293 0.0516777 0.00545038 0.014818 0.00188424 7.00749e-06
0.76 0.505312 0.0519179 0.00650099 0.0148184 0.00224323 9.43773e-06
0.8 0.516855 0.0517627 0.00766855 0.0146995 0.00264084 1.2501e-05
0.84 0.526022 0.0512362 0.00895568 0.0144694 0.00307759 1.63117e-05
0.88 0.532926 0.0503654 0.0103643 0.014137 0.00355372 2.09961e-05
0.92 0.537692 0.0491793 0.0118957 0.0137119 0.00406921 2.66924e-05
0.96 0.540452 0.0477086 0.0135504 0.0132044 0.00462377 3.35512e-05
1 0.541341 0.0459849 0.0153283 0.0126248 0.00521686 4.17349e-05
1.04 0.540498 0.0440406 0.0172288 0.0119837 0.00584769 5.14183e-05
1.08 0.538061 0.0419078 0.0192507 0.0112918 0.00651526 6.27884e-05
1.12 0.534166 0.0396188 0.021392 0.0105595 0.00721834 7.60438e-05
1.16 0.528948 0.0372051 0.0236504 0.00979716 0.00795549 9.1395e-05
1.2 0.522535 0.0346976 0.0260232 0.0090148 0.0087251 0.000109064
1.24 0.515054 0.0321259 0.0285069 0.00822207 0.00952539 0.000129283
1.28 0.506624 0.0295188 0.0310979 0.0074282 0.0103544 0.000152297
1.32 0.49736 0.0269034 0.0337921 0.00664196 0.01121 0.000178358
1.36 0.487368 0.0243057 0.0365851 0.00587158 0.0120901 0.000207731
1.4 0.476751 0.0217499 0.039472 0.00512478 0.0129923 0.000240689
1.44 0.465604 0.0192587 0.0424477 0.00440869 0.0139141 0.000277511
1.48 0.454017 0.0168533 0.0455072 0.00372985 0.0148531 0.000318489
1.52 0.442071 0.014553 0.0486447 0.00309423 0.0158068 0.000363919
1.56 0.429844 0.0123756 0.0518547 0.0025072 0.0167725 0.000414105
1.6 0.417405 0.0103371 0.0551312 0.0019735 0.0177475 0.000469355
1.64 0.40482 0.00845201 0.0584684 0.00149733 0.0187292 0.000529984
1.68 0.392147 0.00673308 0.0618602 0.00108227 0.0197149 0.000596313
1.72 0.379441 0.00519154 0.0653004 0.000731354 0.0207018 0.000668665
1.76 0.366749 0.00383707 0.068783 0.000447056 0.0216875 0.000747365
1.8 0.354115 0.00267784 0.0723017 0.000231317 0.0226691 0.000832742
1.84 0.34158 0.00172062 0.0758505 8.55655e-05 0.0236441 0.000925126
1.88 0.329176 0.000970766 0.079423 1.07369e-05 0.0246098 0.00102485
1.92 0.316936 0.000432362 0.0830134 7.29938e-06 0.0255639 0.00113224
1.96 0.304886 0.000108224 0.0866155 7.52767e-05 0.0265038 0.00124763
2 0.29305 0 0.0902235 0.000214274 0.0274271 0.00137135
2.04 0.281448 0.000108225 0.0938315 0.000423503 0.0283315 0.00150373
2.08 0.270098 0.000432398 0.0974338 0.000701811 0.0292148 0.00164508
2.12 0.259014 0.000971046 0.101025 0.0010477 0.0300748 0.00179573
2.16 0.248208 0.00172179 0.104599 0.00145936 0.0309095 0.00195599
2.2 0.237689 0.00268144 0.108151 0.0019347 0.0317169 0.00212618
2.24 0.227466 0.003846 0.111676 0.00247136 0.0324953 0.00230659
2.28 0.217544 0.0052108 0.115169 0.00306674 0.0332427 0.00249753
2.32 0.207926 0.00677053 0.118625 0.00371803 0.0339576 0.00269928
2.36 0.198616 0.0085193 0.12204 0.00442224 0.0346385 0.00291213
2.4 0.189613 0.0104507 0.125408 0.00517621 0.035284 0.00313635
2.44 0.180918 0.0125579 0.128727 0.00597664 0.0358927 0.00337222
2.48 0.172529 0.0148336 0.131991 0.0068201 0.0364634 0.00361997
2.52 0.164444 0.0172701 0.135198 0.00770309 0.0369951 0.00387987
2.56 0.156658 0.0198597 0.138342 0.00862201 0.0374869 0.00415215
2.6 0.149168 0.022594 0.141422 0.00957321 0.0379379 0.00443702
2.64 0.141969 0.0254648 0.144433 0.010553 0.0383473 0.00473472
2.68 0.135055 0.0284635 0.147373 0.0115576 0.0387146 0.00504543
2.72 0.128421 0.0315814 0.150239 0.0125835 0.0390392 0.00536935
2.76 0.12206 0.0348099 0.153028 0.0136267 0.0393209 0.00570665
2.8 0.115965 0.0381401 0.155739 0.0146837 0.0395592 0.00605751
2.84 0.11013 0.0415632 0.158367 0.0157509 0.0397541 0.00642206
2.88 0.104546 0.0450705 0.160913 0.0168245 0.0399055 0.00680046
2.92 0.0992078 0.0486532 0.163373 0.0179012 0.0400134 0.00719282
2.96 0.0941066 0.0523027 0.165746 0.0189773 0.0400779 0.00759926
3 0.0892351 0.0560105 0.168031 0.0200497 0.0400993 0.00801987
3.04 0.0845857 0.059768 0.170227 0.0211149 0.040078 0.00845474
3.08 0.0801507 0.063567 0.172331 0.0221698 0.0400144 0.00890393
3.12 0.0759227 0.0673995 0.174345 0.0232114 0.0399089 0.0093675
3.16 0.0718941 0.0712573 0.176265 0.0242366 0.0397622 0.00984549
3.2 0.0680574 0.0751329 0.178093 0.0252426 0.0395749 0.0103379
3.24 0.0644053 0.0790186 0.179827 0.0262268 0.0393478 0.0108448
3.28 0.0609307 0.0829071 0.181467 0.0271866 0.0390818 0.0113662
3.32 0.0576263 0.0867913 0.183014 0.0281195 0.0387777 0.011902
3.36 0.0544853 0.0906644 0.184466 0.0290231 0.0384365 0.0124522
3.4 0.051501 0.0945198 0.185825 0.0298955 0.0380593 0.0130167
3.44 0.0486666 0.098351 0.18709 0.0307344 0.037647 0.0135956
3.48 0.0459758 0.102152 0.188261 0.0315381 0.0372009 0.0141886
3.52 0.0434222 0.105917 0.18934 0.0323048 0.0367222 0.0147959
3.56 0.0409999 0.10964 0.190327 0.0330329 0.036212 0.0154171
3.6 0.038703 0.113317 0.191222 0.033721 0.0356718 0.0160523
3.64 0.0365257 0.116941 0.192027 0.0343677 0.0351027 0.0167013
3.68 0.0344626 0.120509 0.192742 0.0349719 0.0345062 0.0173639
3.72 0.0325083 0.124016 0.193368 0.0355326 0.0338836 0.01804
3.76 0.0306578 0.127457 0.193907 0.0360489 0.0332364 0.0187294
3.8 0.0289061 0.130829 0.194359 0.0365201 0.0325661 0.019432
3.84 0.0272484 0.134127 0.194726 0.0369455 0.031874 0.0201475
3.88 0.0256802 0.137349 0.195008 0.0373247 0.0311618 0.0208758
3.92 0.0241971 0.140492 0.195208 0.0376572 0.0304308 0.0216167
3.96 0.0227949 0.143551 0.195327 0.037943 0.0296826 0.0223698
4 0.0214696 0.146525 0.195367 0.0381818 0.0289188 0.023135
4.04 0.0202173 0.149411 0.195328 0.0383738 0.0281408 0.0239121
4.08 0.0190343 0.152207 0.195213 0.038519 0.0273502 0.0247007
4.12 0.0179171 0.154911 0.195022 0.0386176 0.0265486 0.0255006
4.16 0.0168623 0.157521 0.194759 0.0386701 0.0257374 0.0263115
4.2 0.0158666 0.160036 0.194424 0.0386769 0.0249182 0.0271331
4.24 0.0149271 0.162454 0.194019 0.0386384 0.0240925 0.0279652
4.28 0.0140406 0.164773 0.193546 0.0385555 0.0232618 0.0288074
4.32 0.0132045 0.166994 0.193006 0.0384288 0.0224277 0.0296594
4.36 0.0124161 0.169115 0.192403 0.038259 0.0215915 0.030521
4.4 0.0116728 0.171136 0.191736 0.0380473 0.0207548 0.0313917
4.44 0.0109721 0.173057 0.191009 0.0377944 0.019919 0.0322712
4.48 0.0103119 0.174876 0.190222 0.0375014 0.0190856 0.0331592
4.52 0.0096898 0.176594 0.189379 0.0371696 0.0182558 0.0340553
4.56 0.00910383 0.178212 0.18848 0.0368 0.0174312 0.0349593
4.6 0.00855197 0.179729 0.187528 0.0363938 0.0166131 0.0358707
4.64 0.00803236 0.181145 0.186524 0.0359525 0.0158027 0.0367891
4.68 0.0075432 0.182462 0.18547 0.0354772 0.0150014 0.0377142
4.72 0.00708279 0.18368 0.184369 0.0349695 0.0142104 0.0386457
4.76 0.00664952 0.184799 0.183221 0.0344307 0.013431 0.039583
4.8 0.00624188 0.185821 0.182029 0.0338624 0.0126644 0.040526
4.84 0.00585841 0.186746 0.180794 0.0332659 0.0119117 0.0414741
4.88 0.00549776 0.187576 0.179519 0.0326429 0.011174 0.0424271
4.92 0.00515861 0.188312 0.178205 0.0319948 0.0104525 0.0433844
4.96 0.00483974 0.188954 0.176854 0.0313233 0.00974821 0.0443457
5 0.00453999 0.189505 0.175467 0.03063 0.00906213 0.0453107
5.04 0.00425827 0.189965 0.174047 0.0299165 0.00839525 0.0462788
5.08 0.00399352 0.190337 0.172595 0.0291843 0.00774852 0.0472498
5.12 0.00374476 0.190621 0.171112 0.0284351 0.00712282 0.0482233
5.16 0.00351108 0.19082 0.169601 0.0276706 0.00651903 0.0491987
5.2 0.00329158 0.190935 0.168063 0.0268924 0.00593797 0.0501758
5.24 0.00308543 0.190968 0.166499 0.0261021 0.00538041 0.0511542
5.28 0.00289187 0.19092 0.164911 0.0253013 0.00484711 0.0521334
5.32 0.00271013 0.190793 0.163301 0.0244917 0.00433876 0.053113
5.36 0.00253953 0.19059 0.16167 0.0236748 0.00385602 0.0540927
5.4 0.0023794 0.190312 0.16002 0.0228522 0.00339951 0.055072
5.44 0.00222912 0.18996 0.158352 0.0220256 0.00296981 0.0560507
5.48 0.00208811 0.189538 0.156667 0.0211965 0.00256747 0.0570282
5.52 0.00195581 0.189046 0.154967 0.0203664 0.00219298 0.0580042
5.56 0.0018317 0.188487 0.153254 0.0195369 0.00184679 0.0589783
5.6 0.00171529 0.187863 0.151528 0.0187093 0.00152934 0.0599502
5.64 0.00160611 0.187176 0.149791 0.0178853 0.001241 0.0609195
5.68 0.00150374 0.186427 0.148044 0.0170662 0.000982118 0.0618857
5.72 0.00140774 0.185619 0.146288 0.0162535 0.00075299 0.0628485
5.76 0.00131775 0.184754 0.144525 0.0154485 0.000553886 0.0638077
5.8 0.00123339 0.183834 0.142755 0.0146526 0.000385034 0.0647627
5.84 0.00115432 0.18286 0.140981 0.013867 0.000246625 0.0657132
5.88 0.00108022 0.181835 0.139202 0.0130931 0.000138815 0.0666589
5.92 0.00101078 0.18076 0.137421 0.0123322 6.17234e-05 0.0675995
5.96 0.000945719 0.179638 0.135637 0.0115853 1.5435e-05 0.0685345
6 0.000884767 0.17847 0.133853 0.0108537 0 0.0694638
6.04 0.000827669 0.177259 0.132068 0.0101385 1.5435e-05 0.0703868
6.08 0.000774188 0.176006 0.130284 0.0094408 6.17238e-05 0.0713033
6.12 0.0007241 0.174713 0.128503 0.00876162 0.000138818 0.0722131
6.16 0.000677194 0.173382 0.126724 0.00810197 0.000246637 0.0731156
6.2 0.000633274 0.172015 0.124948 0.00746282 0.000385072 0.0740108
6.24 0.000592153 0.170613 0.123177 0.00684509 0.000553981 0.0748982
6.28 0.000553657 0.169179 0.121411 0.00624965 0.000753194 0.0757775
6.32 0.000517621 0.167714 0.119651 0.00567736 0.000982516 0.0766485
6.36 0.000483892 0.16622 0.117897 0.00512899 0.00124172 0.0775109
6.4 0.000452325 0.164699 0.116151 0.0046053 0.00153055 0.0783644
6.44 0.000422784 0.163152 0.114413 0.00410701 0.00184874 0.0792087
6.48 0.000395142 0.16158 0.112684 0.00363477 0.00219598 0.0800436
6.52 0.000369279 0.159986 0.110963 0.00318921 0.00257195 0.0808688
6.56 0.000345083 0.158371 0.109253 0.00277091 0.00297629 0.081684
6.6 0.000322449 0.156736 0.107553 0.00238041 0.00340864 0.0824891
6.64 0.000301277 0.155084 0.105863 0.00201822 0.0038686 0.0832837
6.68 0.000281474 0.153415 0.104186 0.00168477 0.00435576 0.0840677
6.72 0.000262955 0.151731 0.10252 0.00138049 0.00486969 0.0848409
6.76 0.000245636 0.150033 0.100866 0.00110576 0.00540994 0.0856029
6.8 0.000229442 0.148323 0.0992252 0.000860896 0.00597603 0.0863536
6.84 0.000214301 0.146602 0.0975975 0.000646204 0.00656748 0.0870928
6.88 0.000200145 0.144871 0.0959835 0.000461935 0.00718379 0.0878204
6.92 0.000186912 0.143131 0.0943833 0.000308306 0.00782444 0.088536
6.96 0.000174542 0.141385 0.0927975 0.000185494 0.00848891 0.0892396
7 0.00016298 0.139632 0.0912262 9.36391e-05 0.00917663 0.089931
7.04 0.000152173 0.137874 0.0896698 3.2846e-05 0.00988706 0.0906099
7.08 0.000142075 0.136113 0.0881286 3.18256e-06 0.0106196 0.0912764
7.12 0.000132638 0.134349 0.0866028 4.68155e-06 0.0113737 0.0919301
7.16 0.00012382 0.132583 0.0850927 3.73415e-05 0.0121488 0.0925709
7.2 0.00011558 0.130816 0.0835985 0.000101127 0.0129443 0.0931988
7.24 0.000107883 0.12905 0.0821204 0.000195971 0.0137595 0.0938135
7.28 0.000100692 0.127285 0.0806586 0.000321772 0.0145938 0.094415
7.32 9.39747e-05 0.125522 0.0792132 0.000478401 0.0154466 0.0950032
7.36 8.77003e-05 0.123762 0.0777844 0.000665695 0.0163173 0.0955779
7.4 8.18399e-05 0.122006 0.0763724 0.000883464 0.0172053 0.096139
7.44 7.63667e-05 0.120255 0.0749773 0.00113149 0.0181098 0.0966865
7.48 7.12554e-05 0.118509 0.0735991 0.00140952 0.0190303 0.0972202
7.52 6.64824e-05 0.116769 0.072238 0.00171729 0.0199661 0.0977401
7.56 6.20256e-05 0.115037 0.070894 0.0020545 0.0209166 0.0982461
7.6 5.78643e-05 0.113312 0.0695673 0.00242082 0.021881 0.0987381
7.64 5.39793e-05 0.111595 0.0682578 0.0028159 0.0228588 0.0992161
7.68 5.03523e-05 0.109887 0.0669656 0.00323938 0.0238492 0.0996801
7.72 4.69665e-05 0.108189 0.0656908 0.00369086 0.0248517 0.10013
7.76 4.38059e-05 0.106501 0.0644333 0.00416992 0.0258655 0.100565
7.8 4.08559e-05 0.104823 0.0631932 0.00467614 0.02689 0.100987
7.84 3.81026e-05 0.103157 0.0619704 0.00520905 0.0279245 0.101394
7.88 3.5533e-05 0.101502 0.0607649 0.00576819 0.0289685 0.101787
7.92 3.31349e-05 0.09986 0.0595768 0.00635306 0.0300211 0.102166
7.96 3.08971e-05 0.0982301 0.0584059 0.00696315 0.0310819 0.10253
8 2.8809e-05 0.0966132 0.0572523 0.00759796 0.03215 0.10288
8.04 2.68607e-05 0.0950098 0.0561158 0.00825693 0.033225 0.103216
8.08 2.50429e-05 0.0934201 0.0549965 0.00893951 0.0343061 0.103537
8.12 2.33469e-05 0.0918446 0.0538942 0.00964515 0.0353927 0.103845
8.16 2.17648e-05 0.0902836 0.0528088 0.0103733 0.0364842 0.104138
8.2 2.02889e-05 0.0887373 0.0517404 0.0111233 0.03758 0.104416
8.24 1.89122e-05 0.0872061 0.0506887 0.0118945 0.0386794 0.104681
8.28 1.7628e-05 0.0856903 0.0496537 0.0126865 0.0397818 0.104931
8.32 1.64303e-05 0.08419 0.0486353 0.0134985 0.0408866 0.105168
8.36 1.53133e-05 0.0827056 0.0476334 0.01433 0.0419933 0.10539
8.4 1.42716e-05 0.0812372 0.0466479 0.0151802 0.0431012 0.105598
8.44 1.33001e-05 0.079785 0.0456786 0.0160487 0.0442097 0.105792
8.48 1.23942e-05 0.0783492 0.0447255 0.0169346 0.0453183 0.105972
8.52 1.15494e-05 0.0769299 0.0437883 0.0178374 0.0464265 0.106139
8.56 1.07618e-05 0.0755274 0.042867 0.0187564 0.0475335 0.106291
8.6 1.00275e-05 0.0741416 0.0419614 0.0196909 0.0486389 0.10643
8.64 9.34284e-06 0.0727728 0.0410714 0.0206404 0.0497422 0.106555
8.68 8.70457e-06 0.0714211 0.0401968 0.021604 0.0508428 0.106667
8.72 8.10956e-06 0.0700864 0.0393375 0.0225812 0.0519402 0.106765
8.76 7.5549e-06 0.0687689 0.0384933 0.0235713 0.0530339 0.10685
8.8 7.03789e-06 0.0674686 0.0376641 0.0245736 0.0541233 0.106921
8.84 6.55599e-06 0.0661856 0.0368498 0.0255875 0.055208 0.106979
8.88 6.10683e-06 0.0649199 0.03605 0.0266122 0.0562875 0.107024
8.92 5.68822e-06 0.0636715 0.0352648 0.0276472 0.0573613 0.107057
8.96 5.29808e-06 0.0624404 0.0344939 0.0286916 0.058429 0.107076
9 4.93451e-06 0.0612267 0.0337372 0.029745 0.0594901 0.107082
9.04 4.59571e-06 0.0600302 0.0329944 0.0308066 0.0605441 0.107076
9.08 4.28e-06 0.0588511 0.0322655 0.0318758 0.0615906 0.107057
9.12 3.98583e-06 0.0576891 0.0315502 0.0329519 0.0626292 0.107026
9.16 3.71173e-06 0.0565444 0.0308484 0.0340343 0.0636595 0.106982
9.2 3.45635e-06 0.0554168 0.03016 0.0351222 0.0646811 0.106926
9.24 3.21841e-06 0.0543063 0.0294846 0.0362152 0.0656935 0.106858
9.28 2.99675e-06 0.0532128 0.0288222 0.0373125 0.0666965 0.106778
9.32 2.79025e-06 0.0521362 0.0281727 0.0384136 0.0676896 0.106686
9.36 2.59788e-06 0.0510765 0.0275357 0.0395178 0.0686725 0.106583
9.4 2.41869e-06 0.0500335 0.0269111 0.0406244 0.0696449 0.106468
9.44 2.25177e-06 0.0490072 0.0262989 0.041733 0.0706063 0.106341
9.48 2.0963e-06 0.0479975 0.0256987 0.0428428 0.0715566 0.106203
9.52 1.95149e-06 0.0470041 0.0251104 0.0439533 0.0724952 0.106054
9.56 1.81662e-06 0.0460272 0.0245338 0.045064 0.0734221 0.105894
9.6 1.69102e-06 0.0450664 0.0239688 0.0461742 0.0743368 0.105723
9.64 1.57404e-06 0.0441217 0.0234152 0.0472833 0.0752391 0.105542
9.68 1.46511e-06 0.0431929 0.0228728 0.0483909 0.0761288 0.10535
9.72 1.36367e-06 0.04228 0.0223415 0.0494963 0.0770054 0.105147
9.76 1.2692e-06 0.0413827 0.021821 0.0505991 0.0778689 0.104934
9.8 1.18125e-06 0.040501 0.0213112 0.0516986 0.078719 0.104712
9.84 1.09935e-06 0.0396346 0.0208119 0.0527945 0.0795554 0.104479
9.88 1.02309e-06 0.0387835 0.020323 0.0538861 0.080378 0.104236
9.92 9.52096e-07 0.0379474 0.0198442 0.0549729 0.0811864 0.103984
9.96 8.85998e-07 0.0371263 0.0193755 0.0560546 0.0819806 0.103722
10 8.24461e-07 0.0363199 0.0189166 0.0571305 0.0827603 0.10345
10.04 7.67175e-07 0.0355282 0.0184675 0.0582002 0.0835254 0.10317
10.08 7.13846e-07 0.0347508 0.0180278 0.0592634 0.0842757 0.10288
10.12 6.64203e-07 0.0339878 0.0175975 0.0603194 0.085011 0.102582
10.16 6.17993e-07 0.0332388 0.0171764 0.0613679 0.0857312 0.102275
10.2 5.7498e-07 0.0325038 0.0167643 0.0624085 0.0864362 0.101959
10.24 5.34945e-07 0.0317826 0.0163611 0.0634407 0.0871258 0.101635
10.28 4.97682e-07 0.0310749 0.0159667 0.0644641 0.0877999 0.101303
10.32 4.63e-07 0.0303806 0.0155808 0.0654784 0.0884584 0.100963
10.36 4.30723e-07 0.0296996 0.0152033 0.0664832 0.0891012 0.100614
10.4 4.00683e-07 0.0290317 0.014834 0.067478 0.0897282 0.100258
10.44 3.72728e-07 0.0283767 0.0144729 0.0684626 0.0903394 0.0998946
10.48 3.46713e-07 0.0277344 0.0141198 0.0694365 0.0909346 0.0995235
10.52 3.22504e-07 0.0271046 0.0137744 0.0703995 0.0915138 0.0991451
10.56 2.99977e-07 0.0264872 0.0134368 0.0713512 0.0920769 0.0987595
10.6 2.79016e-07 0.025882 0.0131066 0.0722913 0.092624 0.098367
10.64 2.59512e-07 0.0252888 0.0127839 0.0732195 0.0931549 0.0979677
10.68 2.41364e-07 0.0247074 0.0124683 0.0741354 0.0936696 0.0975617
10.72 2.24479e-07 0.0241377 0.0121599 0.0750389 0.0941681 0.0971493
10.76 2.0877e-07 0.0235795 0.0118585 0.0759297 0.0946504 0.0967305
10.8 1.94154e-07 0.0230326 0.0115639 0.0768074 0.0951165 0.0963055
10.84 1.80557e-07 0.0224968 0.011276 0.0776719 0.0955664 0.0958745
10.88 1.67907e-07 0.021972 0.0109946 0.0785228 0.096 0.0954376
10.92 1.5614e-07 0.021458 0.0107197 0.0793601 0.0964174 0.094995
10.96 1.45193e-07 0.0209546 0.0104511 0.0801833 0.0968187 0.0945468
11 1.3501e-07 0.0204617 0.0101887 0.0809925 0.0972038 0.0940933
11.04 1.25538e-07 0.019979 0.00993239 0.0817872 0.0975728 0.0936345
11.08 1.16728e-07 0.0195065 0.009682 0.0825674 0.0979257 0.0931706
11.12 1.08533e-07 0.0190438 0.00943742 0.083333 0.0982625 0.0927017
11.16 1.0091e-07 0.018591 0.00919854 0.0840836 0.0985834 0.092228
11.2 9.38209e-08 0.0181478 0.00896526 0.0848192 0.0988884 0.0917497
11.24 8.72273e-08 0.017714 0.00873744 0.0855396 0.0991775 0.0912669
11.28 8.10951e-08 0.0172895 0.00851498 0.0862446 0.0994508 0.0907797
11.32 7.53921e-08 0.0168741 0.00829776 0.0869343 0.0997085 0.0902883
11.36 7.00884e-08 0.0164677 0.00808568 0.0876083 0.0999504 0.0897929
11.4 6.51562e-08 0.0160701 0.00787864 0.0882667 0.100177 0.0892935
11.44 6.05695e-08 0.0156811 0.00767651 0.0889094 0.100388 0.0887903
11.48 5.63044e-08 0.0153006 0.00747921 0.0895361 0.100584 0.0882835
11.52 5.23384e-08 0.0149285 0.00728662 0.0901469 0.100764 0.0877732
11.56 4.86505e-08 0.0145646 0.00709865 0.0907417 0.100929 0.0872595
11.6 4.52214e-08 0.0142086 0.0069152 0.0913205 0.101079 0.0867426
11.64 4.2033e-08 0.0138606 0.00673617 0.0918831 0.101215 0.0862227
11.68 3.90685e-08 0.0135203 0.00656146 0.0924295 0.101335 0.0856997
11.72 3.63122e-08 0.0131876 0.00639099 0.0929597 0.101441 0.085174
11.76 3.37496e-08 0.0128624 0.00622465 0.0934737 0.101532 0.0846455
11.8 3.13671e-08 0.0125444 0.00606236 0.0939714 0.101609 0.0841145
11.84 2.91521e-08 0.0122337 0.00590403 0.0944528 0.101672 0.083581
11.88 2.70929e-08 0.0119299 0.00574958 0.0949179 0.10172 0.0830453
11.92 2.51786e-08 0.0116331 0.00559891 0.0953668 0.101755 0.0825074
11.96 2.33991e-08 0.011343 0.00545195 0.0957993 0.101775 0.0819674
12 2.17448e-08 0.0110596 0.0053086 0.0962157 0.101782 0.0814255
12.04 2.0207e-08 0.0107826 0.00516879 0.0966157 0.101775 0.0808818
12.08 1.87776e-08 0.0105121 0.00503245 0.0969996 0.101755 0.0803363
12.12 1.74489e-08 0.0102477 0.00489948 0.0973673 0.101721 0.0797894
12.16 1.62138e-08 0.0099895 0.00476982 0.0977188 0.101675 0.0792409
12.2 1.50659e-08 0.00973727 0.00464339 0.0980543 0.101615 0.0786911
12.24 1.39989e-08 0.00949092 0.00452012 0.0983738 0.101543 0.0781401
12.28 1.30072e-08 0.00925032 0.00439993 0.0986772 0.101458 0.077588
12.32 1.20855e-08 0.00901535 0.00428276 0.0989648 0.101361 0.0770349
12.36 1.12289e-08 0.00878591 0.00416853 0.0992366 0.101251 0.0764809
12.4 1.04328e-08 0.00856187 0.00405718 0.0994926 0.101129 0.0759261
12.44 9.69291e-09 0.00834312 0.00394863 0.0997329 0.100996 0.0753706
12.48 9.00531e-09 0.00812955 0.00384284 0.0999577 0.10085 0.0748146
12.52 8.36633e-09 0.00792106 0.00373972 0.100167 0.100693 0.074258
12.56 7.77252e-09 0.00771753 0.00363922 0.100361 0.100525 0.0737011
12.6 7.22071e-09 0.00751887 0.00354128 0.100539 0.100345 0.0731439
12.64 6.70795e-09 0.00732496 0.00344584 0.100703 0.100154 0.0725866
12.68 6.23147e-09 0.00713571 0.00335283 0.100851 0.0999523 0.0720291
12.72 5.78872e-09 0.00695101 0.00326221 0.100985 0.0997398 0.0714717
12.76 5.37732e-09 0.00677077 0.0031739 0.101103 0.0995168 0.0709144
12.8 4.99507e-09 0.0065949 0.00308787 0.101207 0.0992834 0.0703573
12.84 4.63989e-09 0.00642329 0.00300405 0.101297 0.0990399 0.0698004
12.88 4.30989e-09 0.00625585 0.0029224 0.101371 0.0987864 0.069244
12.92 4.00328e-09 0.0060925 0.00284285 0.101432 0.098523 0.068688
12.96 3.71841e-09 0.00593314 0.00276536 0.101478 0.0982501 0.0681325
13 3.45374e-09 0.00577768 0.00268989 0.101511 0.0979676 0.0675777
13.04 3.20786e-09 0.00562605 0.00261637 0.101529 0.097676 0.0670236
13.08 2.97942e-09 0.00547814 0.00254477 0.101534 0.0973752 0.0664702
13.12 2.7672e-09 0.00533389 0.00247503 0.101525 0.0970655 0.0659178
13.16 2.57005e-09 0.0051932 0.00240712 0.101503 0.0967471 0.0653663
13.2 2.3869e-09 0.005056 0.00234098 0.101468 0.0964202 0.0648158
13.24 2.21676e-09 0.0049222 0.00227657 0.101419 0.0960849 0.0642664
13.28 2.05871e-09 0.00479174 0.00221386 0.101358 0.0957414 0.0637182
13.32 1.91189e-09 0.00466454 0.0021528 0.101283 0.09539 0.0631712
13.36 1.77552e-09 0.00454052 0.00209334 0.101196 0.0950307 0.0626255
13.4 1.64884e-09 0.0044196 0.00203546 0.101097 0.0946638 0.0620812
13.44 1.53117e-09 0.00430173 0.0019791 0.100985 0.0942894 0.0615383
13.48 1.42187e-09 0.00418682 0.00192424 0.100861 0.0939078 0.060997
13.52 1.32035e-09 0.00407481 0.00187083 0.100726 0.0935191 0.0604572
13.56 1.22606e-09 0.00396563 0.00181884 0.100578 0.0931234 0.059919
13.6 1.13849e-09 0.00385921 0.00176823 0.100419 0.092721 0.0593825
13.64 1.05715e-09 0.0037555 0.00171897 0.100248 0.0923121 0.0588478
13.68 9.81601e-10 0.00365443 0.00167103 0.100067 0.0918967 0.0583149
13.72 9.11439e-10 0.00355593 0.00162437 0.0998739 0.0914751 0.0577839
13.76 8.46277e-10 0.00345995 0.00157896 0.0996702 0.0910475 0.0572547
13.8 7.85761e-10 0.00336642 0.00153476 0.0994558 0.0906139 0.0567275
13.84 7.2956e-10 0.00327529 0.00149175 0.0992309 0.0901747 0.0562024
13.88 6.77367e-10 0.0031865 0.0014499 0.0989956 0.0897299 0.0556793
13.92 6.28898e-10 0.0031 0.00140918 0.0987502 0.0892798 0.0551584
13.96 5.83887e-10 0.00301573 0.00136955 0.0984948 0.0888244 0.0546396
14 5.42089e-10 0.00293363 0.001331 0.0982296 0.0883641 0.054123
14.04 5.03275e-10 0.00285366 0.00129349 0.0979549 0.0878988 0.0536087
14.08 4.67232e-10 0.00277577 0.00125699 0.0976706 0.0874288 0.0530966
14.12 4.33764e-10 0.00269989 0.00122149 0.0973772 0.0869543 0.052587
14.16 4.02686e-10 0.00262599 0.00118695 0.0970747 0.0864753 0.0520797
14.2 3.73829e-10 0.00255402 0.00115335 0.0967633 0.0859921 0.0515748
14.24 3.47035e-10 0.00248393 0.00112066 0.0964432 0.0855049 0.0510724
14.28 3.22156e-10 0.00241567 0.00108887 0.0961146 0.0850137 0.0505725
14.32 2.99056e-10 0.0023492 0.00105795 0.0957777 0.0845187 0.0500751
14.36 2.77608e-10 0.00228448 0.00102787 0.0954327 0.0840201 0.0495803
14.4 2.57694e-10 0.00222146 0.000998615 0.0950797 0.083518 0.0490881
14.44 2.39205e-10 0.00216009 0.000970164 0.0947189 0.0830126 0.0485986
14.48 2.22039e-10 0.00210035 0.000942495 0.0943504 0.082504 0.0481117
14.52 2.06102e-10 0.00204219 0.000915586 0.0939746 0.0819924 0.0476275
14.56 1.91305e-10 0.00198557 0.000889419 0.0935916 0.0814779 0.047146
14.6 1.77569e-10 0.00193044 0.000863974 0.0932014 0.0809607 0.0466673
14.64 1.64816e-10 0.00187679 0.000839232 0.0928044 0.0804408 0.0461914
14.68 1.52977e-10 0.00182456 0.000815173 0.0924007 0.0799184 0.0457183
14.72 1.41986e-10 0.00177372 0.000791781 0.0919904 0.0793938 0.045248
14.76 1.31783e-10 0.00172424 0.000769038 0.0915738 0.0788669 0.0447805
14.8 1.22311e-10 0.00167608 0.000746926 0.091151 0.0783379 0.044316
14.84 1.13519e-10 0.00162921 0.000725428 0.0907222 0.077807 0.0438543
14.88 1.05357e-10 0.0015836 0.000704529 0.0902876 0.0772743 0.0433955
14.92 9.77801e-11 0.00153921 0.000684212 0.0898472 0.0767399 0.0429397
14.96 9.0747e-11 0.00149602 0.000664461 0.0894014 0.0762039 0.0424869
15 8.42186e-11 0.00145399 0.000645263 0.0889502 0.0756665 0.042037
15.04 7.81588e-11 0.0014131 0.000626601 0.0884939 0.0751278 0.0415901
15.08 7.25339e-11 0.00137331 0.000608462 0.0880326 0.0745879 0.0411462
15.12 6.73129e-11 0.00133459 0.000590831 0.0875664 0.0740469 0.0407053
15.16 6.24669e-11 0.00129693 0.000573695 0.0870955 0.073505 0.0402675
15.2 5.79689e-11 0.00126029 0.000557041 0.0866202 0.0729622 0.0398327
15.24 5.3794e-11 0.00122464 0.000540855 0.0861405 0.0724187 0.0394009
15.28 4.99192e-11 0.00118996 0.000525125 0.0856565 0.0718745 0.0389723
15.32 4.63228e-11 0.00115623 0.000509838 0.0851686 0.0713298 0.0385467
15.36 4.29849e-11 0.00112342 0.000494983 0.0846767 0.0707848 0.0381242
15.4 3.9887e-11 0.00109151 0.000480548 0.0841811 0.0702394 0.0377048
15.44 3.70119e-11 0.00106047 0.000466521 0.0836819 0.0696938 0.0372885
15.48 3.43435e-11 0.00103027 0.000452891 0.0831793 0.0691481 0.0368753
15.52 3.18671e-11 0.00100091 0.000439648 0.0826734 0.0686024 0.0364652
15.56 2.95689e-11 0.000972359 0.000426781 0.0821644 0.0680568 0.0360583
15.6 2.7436e-11 0.000944589 0.000414279 0.0816524 0.0675114 0.0356544
15.64 2.54567e-11 0.000917586 0.000402133 0.0811375 0.0669662 0.0352538
15.68 2.36199e-11 0.000891327 0.000390333 0.0806199 0.0664215 0.0348562
15.72 2.19153e-11 0.000865793 0.00037887 0.0800997 0.0658772 0.0344618
15.76 2.03334e-11 0.000840966 0.000367733 0.0795771 0.0653335 0.0340705
15.8 1.88655e-11 0.000816826 0.000356915 0.0790523 0.0647904 0.0336824
15.84 1.75033e-11 0.000793356 0.000346406 0.0785252 0.064248 0.0332974
15.88 1.62393e-11 0.000770537 0.000336197 0.0779961 0.0637065 0.0329155
15.92 1.50664e-11 0.000748353 0.000326282 0.0774651 0.0631658 0.0325368
15.96 1.3978e-11 0.000726786 0.000316651 0.0769323 0.0626261 0.0321612
16 1.29681e-11 0.000705821 0.000307296 0.0763979 0.0620875 0.0317888
16.04 1.2031e-11 0.00068544 0.00029821 0.075862 0.06155 0.0314195
16.08 1.11615e-11 0.000665629 0.000289386 0.0753247 0.0610137 0.0310533
16.12 1.03547e-11 0.000646372 0.000280816 0.0747861 0.0604786 0.0306903
16.16 9.60605e-12 0.000627654 0.000272493 0.0742463 0.0599449 0.0303304
16.2 8.91146e-12 0.000609461 0.00026441 0.0737055 0.0594126 0.0299736
16.24 8.26699e-12 0.000591779 0.000256561 0.0731638 0.0588818 0.0296199
16.28 7.66903e-12 0.000574594 0.000248939 0.0726212 0.0583525 0.0292693
16.32 7.11424e-12 0.000557892 0.000241537 0.072078 0.0578249 0.0289218
16.36 6.5995e-12 0.000541661 0.00023435 0.0715342 0.0572989 0.0285774
16.4 6.12193e-12 0.000525888 0.000227371 0.0709899 0.0567746 0.0282361
16.44 5.67886e-12 0.00051056 0.000220595 0.0704452 0.0562522 0.0278979
16.48 5.26779e-12 0.000495665 0.000214015 0.0699002 0.0557316 0.0275628
16.52 4.88642e-12 0.000481192 0.000207627 0.0693551 0.0552129 0.0272307
16.56 4.5326e-12 0.000467129 0.000201425 0.0688099 0.0546962 0.0269017
16.6 4.20435e-12 0.000453465 0.000195404 0.0682648 0.0541814 0.0265757
16.64 3.89984e-12 0.000440188 0.000189558 0.0677198 0.0536688 0.0262528
16.68 3.61733e-12 0.00042729 0.000183883 0.067175 0.0531583 0.0259329
16.72 3.35525e-12 0.000414758 0.000178373 0.0666305 0.0526499 0.025616
16.76 3.11212e-12 0.000402583 0.000173025 0.0660864 0.0521438 0.0253021
16.8 2.88658e-12 0.000390755 0.000167833 0.0655428 0.0516399 0.0249911
16.84 2.67736e-12 0.000379265 0.000162794 0.0649998 0.0511383 0.0246832
16.88 2.48327e-12 0.000368103 0.000157902 0.0644575 0.0506391 0.0243783
16.92 2.30322e-12 0.000357261 0.000153154 0.063916 0.0501422 0.0240763
16.96 2.1362e-12 0.000346729 0.000148545 0.0633753 0.0496478 0.0237772
17 1.98128e-12 0.000336499 0.000144072 0.0628355 0.0491559 0.0234811
17.04 1.83757e-12 0.000326563 0.00013973 0.0622967 0.0486665 0.0231879
17.08 1.70426e-12 0.000316912 0.000135516 0.0617589 0.0481796 0.0228976
17.12 1.58061e-12 0.000307539 0.000131426 0.0612224 0.0476953 0.0226102
17.16 1.46591e-12 0.000298435 0.000127457 0.060687 0.0472136 0.0223256
17.2 1.35952e-12 0.000289594 0.000123605 0.060153 0.0467346 0.0220439
17.24 1.26084e-12 0.000281007 0.000119867 0.0596203 0.0462582 0.0217651
17.28 1.16931e-12 0.000272669 0.00011624 0.0590891 0.0457846 0.0214891
17.32 1.08441e-12 0.000264571 0.00011272 0.0585594 0.0453137 0.0212159
17.36 1.00567e-12 0.000256708 0.000109304 0.0580312 0.0448456 0.0209456
17.4 9.32632e-13 0.000249073 0.000105989 0.0575047 0.0443802 0.020678
17.44 8.64891e-13 0.000241658 0.000102773 0.0569799 0.0439177 0.0204132
17.48 8.02062e-13 0.000234459 9.96522e-05 0.0564568 0.043458 0.0201511
17.52 7.43789e-13 0.000227469 9.66242e-05 0.0559356 0.0430012 0.0198918
17.56 6.89742e-13 0.000220682 9.36862e-05 0.0554162 0.0425473 0.0196352
17.6 6.39616e-13 0.000214093 9.08357e-05 0.0548988 0.0420963 0.0193813
17.64 5.93127e-13 0.000207695 8.80701e-05 0.0543833 0.0416482 0.0191301
17.68 5.50011e-13 0.000201484 8.53869e-05 0.0538699 0.041203 0.0188816
17.72 5.10024e-13 0.000195454 8.27838e-05 0.0533586 0.0407609 0.0186357
17.76 4.7294e-13 0.0001896 8.02584e-05 0.0528494 0.0403217 0.0183925
17.8 4.38547e-13 0.000183917 7.78085e-05 0.0523424 0.0398855 0.0181518
17.84 4.06652e-13 0.000178401 7.54318e-05 0.0518376 0.0394523 0.0179138
17.88 3.77072e-13 0.000173046 7.31263e-05 0.0513352 0.0390222 0.0176784
17.92 3.49641e-13 0.000167848 7.08898e-05 0.050835 0.0385951 0.0174456
17.96 3.24201e-13 0.000162802 6.87203e-05 0.0503372 0.038171 0.0172153
18 3.0061e-13 0.000157904 6.66159e-05 0.0498419 0.03775 0.0169875
18.04 2.78733e-13 0.000153151 6.45747e-05 0.0493489 0.0373321 0.0167623
18.08 2.58445e-13 0.000148537 6.25948e-05 0.0488585 0.0369173 0.0165395
18.12 2.39632e-13 0.000144059 6.06744e-05 0.0483706 0.0365056 0.0163193
18.16 2.22186e-13 0.000139713 5.88118e-05 0.0478852 0.036097 0.0161015
18.2 2.06008e-13 0.000135495 5.70052e-05 0.0474025 0.0356915 0.0158861
18.24 1.91006e-13 0.000131402 5.52531e-05 0.0469223 0.035289 0.0156732
18.28 1.77095e-13 0.000127429 5.35538e-05 0.0464449 0.0348898 0.0154626
18.32 1.64195e-13 0.000123574 5.19058e-05 0.0459701 0.0344936 0.0152545
18.36 1.52234e-13 0.000119833 5.03075e-05 0.0454981 0.0341006 0.0150487
18.4 1.41143e-13 0.000116202 4.87575e-05 0.0450288 0.0337107 0.0148453
18.44 1.30858e-13 0.00011268 4.72544e-05 0.0445623 0.0333239 0.0146443
18.48 1.21322e-13 0.000109261 4.57967e-05 0.0440985 0.0329403 0.0144455
18.52 1.1248e-13 0.000105944 4.43832e-05 0.0436377 0.0325598 0.014249
18.56 1.04281e-13 0.000102726 4.30125e-05 0.0431796 0.0321825 0.0140548
18.6 9.66788e-14 9.96035e-05 4.16834e-05 0.0427245 0.0318083 0.0138629
18.64 8.963e-14 9.65738e-05 4.03946e-05 0.0422722 0.0314372 0.0136732
18.68 8.30944e-14 9.36343e-05 3.91449e-05 0.0418229 0.0310692 0.0134858
18.72 7.70347e-14 9.07824e-05 3.79332e-05 0.0413765 0.0307044 0.0133005
18.76 7.14162e-14 8.80155e-05 3.67583e-05 0.0409331 0.0303428 0.0131174
18.8 6.62069e-14 8.53312e-05 3.56192e-05 0.0404926 0.0299842 0.0129365
18.84 6.1377e-14 8.27271e-05 3.45147e-05 0.0400552 0.0296288 0.0127578
18.88 5.6899e-14 8.02009e-05 3.34439e-05 0.0396207 0.0292765 0.0125812
18.92 5.27472e-14 7.77502e-05 3.24057e-05 0.0391893 0.0289273 0.0124066
18.96 4.88979e-14 7.53729e-05 3.13992e-05 0.0387609 0.0285812 0.0122342
19 4.53291e-14 7.30668e-05 3.04234e-05 0.0383355 0.0282382 0.0120639
19.04 4.20204e-14 7.08298e-05 2.94774e-05 0.0379132 0.0278983 0.0118956
19.08 3.89529e-14 6.866e-05 2.85603e-05 0.037494 0.0275614 0.0117293
19.12 3.61089e-14 6.65553e-05 2.76713e-05 0.0370779 0.0272277 0.0115651
19.16 3.34724e-14 6.45139e-05 2.68095e-05 0.0366648 0.026897 0.0114029
19.2 3.1028e-14 6.25339e-05 2.5974e-05 0.0362549 0.0265694 0.0112426
19.24 2.8762e-14 6.06134e-05 2.51642e-05 0.035848 0.0262449 0.0110843
19.28 2.66611e-14 5.87508e-05 2.43792e-05 0.0354443 0.0259234 0.010928
19.32 2.47136e-14 5.69444e-05 2.36183e-05 0.0350437 0.0256049 0.0107735
19.36 2.29081e-14 5.51924e-05 2.28807e-05 0.0346462 0.0252894 0.010621
19.4 2.12343e-14 5.34933e-05 2.21658e-05 0.0342518 0.024977 0.0104704
19.44 1.96826e-14 5.18455e-05 2.14728e-05 0.0338606 0.0246675 0.0103217
19.48 1.82442e-14 5.02475e-05 2.08012e-05 0.0334725 0.0243611 0.0101748
19.52 1.69108e-14 4.86978e-05 2.01502e-05 0.0330875 0.0240576 0.0100297
19.56 1.56746e-14 4.71951e-05 1.95193e-05 0.0327057 0.0237571 0.00988648
19.6 1.45288e-14 4.57378e-05 1.89078e-05 0.032327 0.0234595 0.00974505
19.64 1.34665e-14 4.43248e-05 1.83152e-05 0.0319515 0.0231649 0.00960539
19.68 1.24819e-14 4.29546e-05 1.77408e-05 0.031579 0.0228732 0.00946751
19.72 1.15691e-14 4.16259e-05 1.71842e-05 0.0312098 0.0225845 0.00933137
19.76 1.0723e-14 4.03377e-05 1.66448e-05 0.0308436 0.0222986 0.00919696
19.8 9.93868e-15 3.90886e-05 1.6122e-05 0.0304806 0.0220156 0.00906427
19.84 9.21167e-15 3.78774e-05 1.56154e-05 0.0301207 0.0217355 0.00893327
19.88 8.53776e-15 3.67032e-05 1.51245e-05 0.029764 0.0214582 0.00880395
19.92 7.9131e-15 3.55647e-05 1.46487e-05 0.0294103 0.0211838 0.00867629
19.96 7.33408e-15 3.44608e-05 1.41877e-05 0.0290598 0.0209122 0.00855027
20 6.79737e-15 3.33907e-05 1.3741e-05 0.0287124 0.0206434 0.00842589
20.04 6.29988e-15 3.23532e-05 1.33082e-05 0.0283681 0.0203774 0.00830311
20.08 5.83877e-15 3.13474e-05 1.28887e-05 0.0280269 0.0201142 0.00818192
20.12 5.41135e-15 3.03723e-05 1.24823e-05 0.0276887 0.0198538 0.00806232
20.16 5.01519e-15 2.9427e-05 1.20885e-05 0.0273537 0.0195961 0.00794427
20.2 4.648e-15 2.85106e-05 1.1707e-05 0.0270217 0.0193411 0.00782777
20.24 4.30765e-15 2.76223e-05 1.13373e-05 0.0266928 0.0190889 0.00771279
20.28 3.99219e-15 2.67612e-05 1.09791e-05 0.026367 0.0188393 0.00759932
20.32 3.69981e-15 2.59265e-05 1.06321e-05 0.0260442 0.0185925 0.00748735
20.36 3.42882e-15 2.51174e-05 1.02959e-05 0.0257245 0.0183483 0.00737686
20.4 3.17765e-15 2.43332e-05 9.97016e-06 0.0254077 0.0181067 0.00726783
20.44 2.94485e-15 2.3573e-05 9.65457e-06 0.025094 0.0178678 0.00716025
20.48 2.72909e-15 2.28361e-05 9.34884e-06 0.0247833 0.0176315 0.00705409
20.52 2.52912e-15 2.2122e-05 9.05264e-06 0.0244756 0.0173977 0.00694935
20.56 2.34378e-15 2.14298e-05 8.7657e-06 0.0241709 0.0171666 0.00684601
20.6 2.17201e-15 2.07589e-05 8.48773e-06 0.0238692 0.016938 0.00674406
20.64 2.01281e-15 2.01087e-05 8.21844e-06 0.0235704 0.016712 0.00664347
20.68 1.86527e-15 1.94785e-05 7.95758e-06 0.0232745 0.0164884 0.00654423
20.72 1.72853e-15 1.88677e-05 7.70488e-06 0.0229816 0.0162674 0.00644633
20.76 1.6018e-15 1.82758e-05 7.4601e-06 0.0226917 0.0160489 0.00634976
20.8 1.48435e-15 1.77022e-05 7.22299e-06 0.0224046 0.0158328 0.00625449
20.84 1.3755e-15 1.71463e-05 6.99331e-06 0.0221204 0.0156192 0.00616051
20.88 1.27463e-15 1.66076e-05 6.77083e-06 0.0218391 0.015408 0.00606782
20.92 1.18114e-15 1.60855e-05 6.55534e-06 0.0215606 0.0151993 0.00597638
20.96 1.09451e-15 1.55796e-05 6.34661e-06 0.0212851 0.0149929 0.0058862
21 1.01422e-15 1.50894e-05 6.14443e-06 0.0210123 0.0147889 0.00579725
21.04 9.39809e-16 1.46143e-05 5.94861e-06 0.0207424 0.0145872 0.00570951
21.08 8.70855e-16 1.4154e-05 5.75895e-06 0.0204752 0.0143879 0.00562299
21.12 8.06954e-16 1.3708e-05 5.57526e-06 0.0202109 0.014191 0.00553765
21.16 7.47737e-16 1.32758e-05 5.39734e-06 0.0199493 0.0139963 0.0054535
21.2 6.9286e-16 1.2857e-05 5.22503e-06 0.0196905 0.0138039 0.00537051
21.24 6.42006e-16 1.24513e-05 5.05815e-06 0.0194344 0.0136137 0.00528866
21.28 5.94881e-16 1.20582e-05 4.89653e-06 0.0191811 0.0134258 0.00520796
21.32 5.51211e-16 1.16772e-05 4.74001e-06 0.0189304 0.0132401 0.00512837
21.36 5.10743e-16 1.13082e-05 4.58842e-06 0.0186824 0.0130567 0.0050499
21.4 4.73242e-16 1.09506e-05 4.44163e-06 0.0184372 0.0128754 0.00497252
21.44 4.38492e-16 1.06042e-05 4.29946e-06 0.0181945 0.0126963 0.00489623
21.48 4.06291e-16 1.02686e-05 4.16179e-06 0.0179545 0.0125193 0.004821
21.52 3.76452e-16 9.94345e-06 4.02847e-06 0.0177172 0.0123445 0.00474683
21.56 3.48802e-16 9.62845e-06 3.89937e-06 0.0174824 0.0121718 0.00467371
21.6 3.23181e-16 9.32328e-06 3.77436e-06 0.0172502 0.0120011 0.00460162
21.64 2.9944e-16 9.02765e-06 3.6533e-06 0.0170206 0.0118326 0.00453055
21.68 2.7744e-16 8.74127e-06 3.53608e-06 0.0167935 0.0116661 0.00446048
21.72 2.57056e-16 8.46384e-06 3.42257e-06 0.016569 0.0115016 0.00439141
21.76 2.38167e-16 8.19509e-06 3.31266e-06 0.016347 0.0113392 0.00432331
21.8 2.20665e-16 7.93476e-06 3.20623e-06 0.0161275 0.0111787 0.00425619
21.84 2.04448e-16 7.68258e-06 3.10319e-06 0.0159104 0.0110203 0.00419003
21.88 1.89421e-16 7.43831e-06 3.00341e-06 0.0156958 0.0108638 0.00412481
21.92 1.75498e-16 7.2017e-06 2.90681e-06 0.0154837 0.0107092 0.00406052
21.96 1.62596e-16 6.97251e-06 2.81327e-06 0.0152739 0.0105566 0.00399716
22 1.50643e-16 6.75051e-06 2.72271e-06 0.0150666 0.0104058 0.00393471
22.04 1.39567e-16 6.53549e-06 2.63502e-06 0.0148617 0.010257 0.00387315
22.08 1.29305e-16 6.32723e-06 2.55013e-06 0.0146591 0.01011 0.00381249
22.12 1.19796e-16 6.12551e-06 2.46794e-06 0.0144588 0.00996491 0.0037527
22.16 1.10986e-16 5.93014e-06 2.38837e-06 0.0142609 0.00982162 0.00369377
22.2 1.02823e-16 5.74092e-06 2.31134e-06 0.0140654 0.00968015 0.0036357
22.24 9.52601e-17 5.55765e-06 2.23676e-06 0.013872 0.00954048 0.00357847
22.28 8.82528e-17 5.38016e-06 2.16455e-06 0.013681 0.00940259 0.00352208
22.32 8.17603e-17 5.20826e-06 2.09466e-06 0.0134922 0.00926646 0.00346651
22.36 7.57451e-17 5.04179e-06 2.02699e-06 0.0133057 0.00913207 0.00341174
22.4 7.01719e-17 4.88056e-06 1.96148e-06 0.0131214 0.00899941 0.00335778
22.44 6.50084e-17 4.72443e-06 1.89807e-06 0.0129392 0.00886846 0.00330461
22.48 6.02244e-17 4.57323e-06 1.83668e-06 0.0127593 0.0087392 0.00325222
22.52 5.57922e-17 4.4268e-06 1.77726e-06 0.0125815 0.00861161 0.0032006
22.56 5.16858e-17 4.285e-06 1.71974e-06 0.0124058 0.00848568 0.00314974
22.6 4.78813e-17 4.14769e-06 1.66405e-06 0.0122323 0.00836139 0.00309962
22.64 4.43566e-17 4.01472e-06 1.61015e-06 0.0120608 0.00823872 0.00305025
22.68 4.10912e-17 3.88596e-06 1.55798e-06 0.0118915 0.00811765 0.00300161
22.72 3.80658e-17 3.76128e-06 1.50748e-06 0.0117242 0.00799817 0.00295369
22.76 3.5263e-17 3.64055e-06 1.4586e-06 0.0115589 0.00788026 0.00290648
22.8 3.26664e-17 3.52365e-06 1.41128e-06 0.0113957 0.00776391 0.00285997
22.84 3.02608e-17 3.41045e-06 1.36549e-06 0.0112345 0.00764909 0.00281415
22.88 2.80322e-17 3.30085e-06 1.32116e-06 0.0110752 0.0075358 0.00276902
22.92 2.59675e-17 3.19472e-06 1.27826e-06 0.010918 0.007424 0.00272456
22.96 2.40548e-17 3.09197e-06 1.23673e-06 0.0107627 0.0073137 0.00268077
23 2.22828e-17 2.99248e-06 1.19654e-06 0.0106093 0.00720486 0.00263763
23.04 2.06412e-17 2.89615e-06 1.15764e-06 0.0104579 0.00709749 0.00259514
23.08 1.91205e-17 2.80289e-06 1.11999e-06 0.0103083 0.00699155 0.00255328
23.12 1.77116e-17 2.7126e-06 1.08356e-06 0.0101606 0.00688703 0.00251206
23.16 1.64065e-17 2.62517e-06 1.04829e-06 0.0100148 0.00678392 0.00247146
23.2 1.51975e-17 2.54054e-06 1.01417e-06 0.00987081 0.0066822 0.00243147
23.24 1.40775e-17 2.4586e-06 9.81137e-07 0.00972866 0.00658186 0.00239208
23.28 1.30399e-17 2.37927e-06 9.49172e-07 0.0095883 0.00648288 0.00235329
23.32 1.20788e-17 2.30247e-06 9.18239e-07 0.00944974 0.00638524 0.00231509
23.36 1.11884e-17 2.22812e-06 8.88303e-07 0.00931295 0.00628893 0.00227747
23.4 1.03636e-17 2.15615e-06 8.59333e-07 0.0091779 0.00619394 0.00224042
23.44 9.59953e-18 2.08647e-06 8.31298e-07 0.00904459 0.00610024 0.00220394
23.48 8.89175e-18 2.01902e-06 8.04168e-07 0.008913 0.00600783 0.00216801
23.52 8.23611e-18 1.95372e-06 7.77914e-07 0.0087831 0.00591669 0.00213263
23.56 7.62877e-18 1.89051e-06 7.52509e-07 0.00865489 0.0058268 0.00209779
23.6 7.06618e-18 1.82933e-06 7.27926e-07 0.00852834 0.00573815 0.00206348
23.64 6.54503e-18 1.7701e-06 7.04137e-07 0.00840343 0.00565073 0.0020297
23.68 6.06229e-18 1.71277e-06 6.81118e-07 0.00828016 0.00556452 0.00199644
23.72 5.61512e-18 1.65727e-06 6.58844e-07 0.0081585 0.00547951 0.00196369
23.76 5.20091e-18 1.60355e-06 6.37291e-07 0.00803843 0.00539567 0.00193145
23.8 4.81722e-18 1.55156e-06 6.16436e-07 0.00791994 0.00531301 0.0018997
23.84 4.46182e-18 1.50123e-06 5.96257e-07 0.00780301 0.0052315 0.00186844
23.88 4.13261e-18 1.45252e-06 5.76732e-07 0.00768762 0.00515113 0.00183767
23.92 3.82767e-18 1.40537e-06 5.5784e-07 0.00757376 0.00507189 0.00180737
23.96 3.54521e-18 1.35973e-06 5.39561e-07 0.00746142 0.00499376 0.00177754
24 3.28358e-18 1.31556e-06 5.21875e-07 0.00735056 0.00491674 0.00174817
