x y
0 0
0.02 0.04583
0.04 0.0895355
0.06 0.131241
0.08 0.171062
0.1 0.209108
0.12 0.245478
0.14 0.280266
0.16 0.313561
0.18 0.345444
0.2 0.375992
0.22 0.405277
0.24 0.433365
0.26 0.46032
0.28 0.4862
0.3 0.51106
0.32 0.534953
0.34 0.557927
0.36 0.580027
0.38 0.601297
0.4 0.621776
0.42 0.641504
0.44 0.660515
0.46 0.678844
0.48 0.696523
0.5 0.71358
0.52 0.730045
0.54 0.745945
0.56 0.761304
0.58 0.776147
0.6 0.790497
0.62 0.804374
0.64 0.817798
0.66 0.83079
0.68 0.843368
0.7 0.855547
0.72 0.867346
0.74 0.87878
0.76 0.889863
0.78 0.900609
0.8 0.911032
0.82 0.921144
0.84 0.930958
0.86 0.940485
0.88 0.949736
0.9 0.958722
0.92 0.967452
0.94 0.975936
0.96 0.984183
0.98 0.992201
1 1
