w T
0 231.93
1.62987 229.119
3.23978 226.309
4.83003 223.498
6.4009 220.687
7.95267 217.877
9.48561 215.066
11 212.255
12.4961 209.444
13.9741 206.634
15.4343 203.823
16.877 201.012
18.3024 198.202
19.7107 195.391
21.1021 192.58
22.4768 189.77
23.8352 186.959
25.1773 184.148
26.5034 181.338
27.8137 178.527
29.1084 175.716
30.3876 172.906
31.6516 170.095
32.9006 167.284
34.1346 164.473
35.354 161.663
36.5588 158.852
37.7492 156.041
38.9254 153.231
40.0875 150.42
41.2358 147.609
42.3702 144.799
43.4911 141.988
44.5984 139.177
45.6924 136.367
46.7732 133.556
47.8409 130.745
48.8957 127.935
49.9377 125.124
50.9669 122.313
51.9835 119.502
