ppm y
9 7.93838e-05
8.998 7.95649e-05
8.996 7.97467e-05
8.994 7.99292e-05
8.992 8.01123e-05
8.99 8.0296e-05
8.988 8.04804e-05
8.986 8.06655e-05
8.984 8.08512e-05
8.982 8.10376e-05
8.98 8.12247e-05
8.978 8.14124e-05
8.976 8.16008e-05
8.974 8.179e-05
8.972 8.19797e-05
8.97 8.21702e-05
8.968 8.23614e-05
8.966 8.25532e-05
8.964 8.27458e-05
8.962 8.2939e-05
8.96 8.3133e-05
8.958 8.33277e-05
8.956 8.35231e-05
8.954 8.37192e-05
8.952 8.3916e-05
8.95 8.41135e-05
8.948 8.43118e-05
8.946 8.45108e-05
8.944 8.47105e-05
8.942 8.4911e-05
8.94 8.51122e-05
8.938 8.53141e-05
8.936 8.55169e-05
8.934 8.57203e-05
8.932 8.59245e-05
8.93 8.61295e-05
8.928 8.63352e-05
8.926 8.65417e-05
8.924 8.6749e-05
8.922 8.69571e-05
8.92 8.71659e-05
8.918 8.73755e-05
8.916 8.75859e-05
8.914 8.77971e-05
8.912 8.80091e-05
8.91 8.82219e-05
8.908 8.84355e-05
8.906 8.86499e-05
8.904 8.88651e-05
8.902 8.90812e-05
8.9 8.9298e-05
8.898 8.95157e-05
8.896 8.97342e-05
8.894 8.99536e-05
8.892 9.01737e-05
8.89 9.03948e-05
8.888 9.06167e-05
8.886 9.08394e-05
8.884 9.1063e-05
8.882 9.12874e-05
8.88 9.15127e-05
8.878 9.17389e-05
8.876 9.1966e-05
8.874 9.21939e-05
8.872 9.24227e-05
8.87 9.26524e-05
8.868 9.2883e-05
8.866 9.31145e-05
8.864 9.33469e-05
8.862 9.35802e-05
8.86 9.38144e-05
8.858 9.40496e-05
8.856 9.42856e-05
8.854 9.45226e-05
8.852 9.47606e-05
8.85 9.49994e-05
8.848 9.52392e-05
8.846 9.548e-05
8.844 9.57217e-05
8.842 9.59643e-05
8.84 9.62079e-05
8.838 9.64525e-05
8.836 9.66981e-05
8.834 9.69446e-05
8.832 9.71922e-05
8.83 9.74407e-05
8.828 9.76902e-05
8.826 9.79407e-05
8.824 9.81922e-05
8.822 9.84448e-05
8.82 9.86983e-05
8.818 9.89529e-05
8.816 9.92085e-05
8.814 9.94651e-05
8.812 9.97228e-05
8.81 9.99815e-05
8.808 0.000100241
8.806 0.000100502
8.804 0.000100764
8.802 0.000101027
8.8 0.000101291
8.798 0.000101556
8.796 0.000101822
8.794 0.00010209
8.792 0.000102358
8.79 0.000102628
8.788 0.000102898
8.786 0.00010317
8.784 0.000103443
8.782 0.000103717
8.78 0.000103992
8.778 0.000104268
8.776 0.000104546
8.774 0.000104824
8.772 0.000105104
8.77 0.000105385
8.768 0.000105667
8.766 0.00010595
8.764 0.000106235
8.762 0.00010652
8.76 0.000106807
8.758 0.000107095
8.756 0.000107385
8.754 0.000107675
8.752 0.000107967
8.75 0.00010826
8.748 0.000108554
8.746 0.00010885
8.744 0.000109146
8.742 0.000109444
8.74 0.000109744
8.738 0.000110044
8.736 0.000110346
8.734 0.000110649
8.732 0.000110954
8.73 0.00011126
8.728 0.000111567
8.726 0.000111875
8.724 0.000112185
8.722 0.000112496
8.72 0.000112809
8.718 0.000113123
8.716 0.000113438
8.714 0.000113755
8.712 0.000114073
8.71 0.000114392
8.708 0.000114713
8.706 0.000115035
8.704 0.000115359
8.702 0.000115684
8.7 0.00011601
8.698 0.000116338
8.696 0.000116668
8.694 0.000116998
8.692 0.000117331
8.69 0.000117665
8.688 0.000118
8.686 0.000118337
8.684 0.000118675
8.682 0.000119015
8.68 0.000119356
8.678 0.000119699
8.676 0.000120044
8.674 0.00012039
8.672 0.000120737
8.67 0.000121087
8.668 0.000121437
8.666 0.00012179
8.664 0.000122144
8.662 0.000122499
8.66 0.000122856
8.658 0.000123215
8.656 0.000123576
8.654 0.000123938
8.652 0.000124302
8.65 0.000124667
8.648 0.000125034
8.646 0.000125403
8.644 0.000125774
8.642 0.000126146
8.64 0.00012652
8.638 0.000126896
8.636 0.000127274
8.634 0.000127653
8.632 0.000128034
8.63 0.000128417
8.628 0.000128802
8.626 0.000129188
8.624 0.000129576
8.622 0.000129967
8.62 0.000130359
8.618 0.000130752
8.616 0.000131148
8.614 0.000131546
8.612 0.000131945
8.61 0.000132347
8.608 0.00013275
8.606 0.000133155
8.604 0.000133563
8.602 0.000133972
8.6 0.000134383
8.598 0.000134796
8.596 0.000135211
8.594 0.000135628
8.592 0.000136048
8.59 0.000136469
8.588 0.000136892
8.586 0.000137317
8.584 0.000137745
8.582 0.000138174
8.58 0.000138606
8.578 0.00013904
8.576 0.000139476
8.574 0.000139914
8.572 0.000140354
8.57 0.000140796
8.568 0.000141241
8.566 0.000141688
8.564 0.000142137
8.562 0.000142588
8.56 0.000143041
8.558 0.000143497
8.556 0.000143955
8.554 0.000144416
8.552 0.000144878
8.55 0.000145343
8.548 0.000145811
8.546 0.00014628
8.544 0.000146752
8.542 0.000147227
8.54 0.000147704
8.538 0.000148183
8.536 0.000148665
8.534 0.000149149
8.532 0.000149636
8.53 0.000150126
8.528 0.000150617
8.526 0.000151112
8.524 0.000151609
8.522 0.000152108
8.52 0.00015261
8.518 0.000153115
8.516 0.000153622
8.514 0.000154132
8.512 0.000154645
8.51 0.00015516
8.508 0.000155678
8.506 0.000156199
8.504 0.000156722
8.502 0.000157249
8.5 0.000157778
8.498 0.000158309
8.496 0.000158844
8.494 0.000159382
8.492 0.000159922
8.49 0.000160465
8.488 0.000161012
8.486 0.000161561
8.484 0.000162113
8.482 0.000162668
8.48 0.000163226
8.478 0.000163787
8.476 0.000164351
8.474 0.000164918
8.472 0.000165488
8.47 0.000166062
8.468 0.000166638
8.466 0.000167218
8.464 0.000167801
8.462 0.000168387
8.46 0.000168976
8.458 0.000169569
8.456 0.000170165
8.454 0.000170764
8.452 0.000171366
8.45 0.000171972
8.448 0.000172581
8.446 0.000173194
8.444 0.00017381
8.442 0.000174429
8.44 0.000175052
8.438 0.000175679
8.436 0.000176309
8.434 0.000176942
8.432 0.000177579
8.43 0.00017822
8.428 0.000178865
8.426 0.000179513
8.424 0.000180165
8.422 0.00018082
8.42 0.000181479
8.418 0.000182142
8.416 0.000182809
8.414 0.00018348
8.412 0.000184155
8.41 0.000184834
8.408 0.000185516
8.406 0.000186203
8.404 0.000186893
8.402 0.000187588
8.4 0.000188286
8.398 0.000188989
8.396 0.000189696
8.394 0.000190407
8.392 0.000191122
8.39 0.000191842
8.388 0.000192566
8.386 0.000193294
8.384 0.000194026
8.382 0.000194763
8.38 0.000195505
8.378 0.00019625
8.376 0.000197
8.374 0.000197755
8.372 0.000198515
8.37 0.000199278
8.368 0.000200047
8.366 0.00020082
8.364 0.000201598
8.362 0.000202381
8.36 0.000203169
8.358 0.000203961
8.356 0.000204758
8.354 0.00020556
8.352 0.000206368
8.35 0.00020718
8.348 0.000207997
8.346 0.000208819
8.344 0.000209647
8.342 0.000210479
8.34 0.000211317
8.338 0.00021216
8.336 0.000213009
8.334 0.000213863
8.332 0.000214722
8.33 0.000215586
8.328 0.000216457
8.326 0.000217332
8.324 0.000218214
8.322 0.000219101
8.32 0.000219993
8.318 0.000220892
8.316 0.000221796
8.314 0.000222706
8.312 0.000223622
8.31 0.000224544
8.308 0.000225472
8.306 0.000226406
8.304 0.000227346
8.302 0.000228292
8.3 0.000229245
8.298 0.000230203
8.296 0.000231168
8.294 0.00023214
8.292 0.000233118
8.29 0.000234102
8.288 0.000235093
8.286 0.000236091
8.284 0.000237096
8.282 0.000238107
8.28 0.000239125
8.278 0.000240149
8.276 0.000241181
8.274 0.00024222
8.272 0.000243266
8.27 0.000244319
8.268 0.000245379
8.266 0.000246447
8.264 0.000247521
8.262 0.000248604
8.26 0.000249693
8.258 0.000250791
8.256 0.000251896
8.254 0.000253008
8.252 0.000254128
8.25 0.000255257
8.248 0.000256393
8.246 0.000257537
8.244 0.000258689
8.242 0.000259849
8.24 0.000261018
8.238 0.000262195
8.236 0.00026338
8.234 0.000264574
8.232 0.000265776
8.23 0.000266987
8.228 0.000268207
8.226 0.000269435
8.224 0.000270673
8.222 0.000271919
8.22 0.000273175
8.218 0.000274439
8.216 0.000275713
8.214 0.000276996
8.212 0.000278289
8.21 0.000279591
8.208 0.000280903
8.206 0.000282225
8.204 0.000283556
8.202 0.000284897
8.2 0.000286249
8.198 0.00028761
8.196 0.000288982
8.194 0.000290364
8.192 0.000291757
8.19 0.00029316
8.188 0.000294574
8.186 0.000295998
8.184 0.000297434
8.182 0.00029888
8.18 0.000300338
8.178 0.000301807
8.176 0.000303287
8.174 0.000304778
8.172 0.000306282
8.17 0.000307797
8.168 0.000309324
8.166 0.000310862
8.164 0.000312413
8.162 0.000313977
8.16 0.000315552
8.158 0.00031714
8.156 0.000318741
8.154 0.000320354
8.152 0.000321981
8.15 0.00032362
8.148 0.000325273
8.146 0.000326939
8.144 0.000328618
8.142 0.000330311
8.14 0.000332018
8.138 0.000333739
8.136 0.000335474
8.134 0.000337223
8.132 0.000338987
8.13 0.000340765
8.128 0.000342558
8.126 0.000344366
8.124 0.000346189
8.122 0.000348027
8.12 0.00034988
8.118 0.00035175
8.116 0.000353635
8.114 0.000355536
8.112 0.000357453
8.11 0.000359386
8.108 0.000361336
8.106 0.000363303
8.104 0.000365287
8.102 0.000367288
8.1 0.000369306
8.098 0.000371341
8.096 0.000373395
8.094 0.000375466
8.092 0.000377555
8.09 0.000379663
8.088 0.00038179
8.086 0.000383935
8.084 0.000386099
8.082 0.000388283
8.08 0.000390486
8.078 0.000392709
8.076 0.000394951
8.074 0.000397215
8.072 0.000399498
8.07 0.000401802
8.068 0.000404128
8.066 0.000406474
8.064 0.000408842
8.062 0.000411232
8.06 0.000413644
8.058 0.000416078
8.056 0.000418535
8.054 0.000421015
8.052 0.000423518
8.05 0.000426044
8.048 0.000428595
8.046 0.000431169
8.044 0.000433768
8.042 0.000436392
8.04 0.00043904
8.038 0.000441714
8.036 0.000444414
8.034 0.00044714
8.032 0.000449892
8.03 0.000452671
8.028 0.000455477
8.026 0.00045831
8.024 0.000461171
8.022 0.000464061
8.02 0.000466979
8.018 0.000469926
8.016 0.000472902
8.014 0.000475908
8.012 0.000478944
8.01 0.000482011
8.008 0.000485109
8.006 0.000488238
8.004 0.000491399
8.002 0.000494593
8 0.000497819
7.998 0.000501078
7.996 0.000504371
7.994 0.000507698
7.992 0.000511059
7.99 0.000514456
7.988 0.000517888
7.986 0.000521357
7.984 0.000524862
7.982 0.000528404
7.98 0.000531984
7.978 0.000535602
7.976 0.000539259
7.974 0.000542955
7.972 0.000546691
7.97 0.000550468
7.968 0.000554286
7.966 0.000558145
7.964 0.000562047
7.962 0.000565992
7.96 0.000569981
7.958 0.000574013
7.956 0.000578091
7.954 0.000582214
7.952 0.000586384
7.95 0.000590601
7.948 0.000594865
7.946 0.000599178
7.944 0.00060354
7.942 0.000607952
7.94 0.000612415
7.938 0.000616929
7.936 0.000621496
7.934 0.000626116
7.932 0.00063079
7.93 0.000635519
7.928 0.000640304
7.926 0.000645146
7.924 0.000650045
7.922 0.000655002
7.92 0.000660019
7.918 0.000665097
7.916 0.000670236
7.914 0.000675437
7.912 0.000680702
7.91 0.000686031
7.908 0.000691426
7.906 0.000696888
7.904 0.000702417
7.902 0.000708015
7.9 0.000713684
7.898 0.000719424
7.896 0.000725236
7.894 0.000731122
7.892 0.000737083
7.89 0.000743121
7.888 0.000749236
7.886 0.00075543
7.884 0.000761704
7.882 0.000768061
7.88 0.000774501
7.878 0.000781025
7.876 0.000787636
7.874 0.000794334
7.872 0.000801122
7.87 0.000808001
7.868 0.000814973
7.866 0.000822039
7.864 0.000829201
7.862 0.000836461
7.86 0.00084382
7.858 0.000851281
7.856 0.000858846
7.854 0.000866516
7.852 0.000874293
7.85 0.00088218
7.848 0.000890178
7.846 0.00089829
7.844 0.000906518
7.842 0.000914863
7.84 0.00092333
7.838 0.000931918
7.836 0.000940632
7.834 0.000949474
7.832 0.000958445
7.83 0.00096755
7.828 0.000976789
7.826 0.000986167
7.824 0.000995686
7.822 0.00100535
7.82 0.00101516
7.818 0.00102512
7.816 0.00103523
7.814 0.0010455
7.812 0.00105592
7.81 0.00106651
7.808 0.00107727
7.806 0.00108819
7.804 0.00109929
7.802 0.00111056
7.8 0.00112202
7.798 0.00113366
7.796 0.00114549
7.794 0.00115751
7.792 0.00116973
7.79 0.00118215
7.788 0.00119478
7.786 0.00120761
7.784 0.00122066
7.782 0.00123393
7.78 0.00124743
7.778 0.00126116
7.776 0.00127512
7.774 0.00128932
7.772 0.00130377
7.77 0.00131848
7.768 0.00133344
7.766 0.00134866
7.764 0.00136416
7.762 0.00137994
7.76 0.00139599
7.758 0.00141234
7.756 0.00142899
7.754 0.00144594
7.752 0.00146321
7.75 0.0014808
7.748 0.00149871
7.746 0.00151697
7.744 0.00153557
7.742 0.00155452
7.74 0.00157384
7.738 0.00159353
7.736 0.00161361
7.734 0.00163407
7.732 0.00165495
7.73 0.00167623
7.728 0.00169794
7.726 0.00172009
7.724 0.00174269
7.722 0.00176574
7.72 0.00178928
7.718 0.00181329
7.716 0.00183781
7.714 0.00186285
7.712 0.00188841
7.71 0.00191452
7.708 0.00194118
7.706 0.00196843
7.704 0.00199626
7.702 0.00202471
7.7 0.00205378
7.698 0.00208351
7.696 0.00211389
7.694 0.00214497
7.692 0.00217675
7.69 0.00220927
7.688 0.00224253
7.686 0.00227657
7.684 0.00231141
7.682 0.00234708
7.68 0.00238359
7.678 0.00242099
7.676 0.00245929
7.674 0.00249853
7.672 0.00253874
7.67 0.00257995
7.668 0.0026222
7.666 0.00266551
7.664 0.00270993
7.662 0.0027555
7.66 0.00280224
7.658 0.00285022
7.656 0.00289946
7.654 0.00295001
7.652 0.00300193
7.65 0.00305525
7.648 0.00311004
7.646 0.00316635
7.644 0.00322422
7.642 0.00328373
7.64 0.00334494
7.638 0.0034079
7.636 0.00347269
7.634 0.00353938
7.632 0.00360804
7.63 0.00367876
7.628 0.00375161
7.626 0.00382668
7.624 0.00390407
7.622 0.00398387
7.62 0.00406618
7.618 0.00415111
7.616 0.00423877
7.614 0.00432929
7.612 0.00442277
7.61 0.00451936
7.608 0.0046192
7.606 0.00472243
7.604 0.0048292
7.602 0.0049397
7.6 0.00505407
7.598 0.00517252
7.596 0.00529524
7.594 0.00542243
7.592 0.00555432
7.59 0.00569114
7.588 0.00583313
7.586 0.00598057
7.584 0.00613373
7.582 0.00629292
7.58 0.00645845
7.578 0.00663066
7.576 0.00680993
7.574 0.00699664
7.572 0.0071912
7.57 0.00739407
7.568 0.00760572
7.566 0.00782666
7.564 0.00805746
7.562 0.0082987
7.56 0.00855101
7.558 0.0088151
7.556 0.00909169
7.554 0.00938159
7.552 0.00968567
7.55 0.0100049
7.548 0.0103402
7.546 0.0106927
7.544 0.0110637
7.542 0.0114544
7.54 0.0118663
7.538 0.0123009
7.536 0.0127599
7.534 0.0132451
7.532 0.0137586
7.53 0.0143026
7.528 0.0148796
7.526 0.0154922
7.524 0.0161435
7.522 0.0168368
7.52 0.0175757
7.518 0.0183644
7.516 0.0192072
7.514 0.0201093
7.512 0.0210764
7.51 0.0221148
7.508 0.0232315
7.506 0.0244347
7.504 0.0257334
7.502 0.0271379
7.5 0.0286598
7.498 0.0303126
7.496 0.0321114
7.494 0.0340738
7.492 0.03622
7.49 0.0385734
7.488 0.0411609
7.486 0.0440144
7.484 0.0471708
7.482 0.0506737
7.48 0.0545748
7.478 0.0589353
7.476 0.0638283
7.474 0.069342
7.472 0.0755826
7.47 0.0826792
7.468 0.0907899
7.466 0.100109
7.464 0.110877
7.462 0.123395
7.46 0.138036
7.458 0.155276
7.456 0.175711
7.454 0.200099
7.452 0.229395
7.45 0.264797
7.448 0.307778
7.446 0.36008
7.444 0.423601
7.442 0.500062
7.44 0.590215
7.438 0.692346
7.436 0.800025
7.434 0.900012
7.432 0.972976
7.43 1
7.428 0.972977
7.426 0.900014
7.424 0.800028
7.422 0.69235
7.42 0.59022
7.418 0.500068
7.416 0.423608
7.414 0.360088
7.412 0.307787
7.41 0.264807
7.408 0.229406
7.406 0.200111
7.404 0.175724
7.402 0.15529
7.4 0.138051
7.398 0.12341
7.396 0.110894
7.394 0.100127
7.392 0.0908088
7.39 0.0826991
7.388 0.0756035
7.386 0.069364
7.384 0.0638513
7.382 0.0589592
7.38 0.0545998
7.378 0.0506997
7.376 0.0471978
7.374 0.0440424
7.372 0.04119
7.37 0.0386034
7.368 0.0362511
7.366 0.0341059
7.364 0.0321445
7.362 0.0303467
7.36 0.0286949
7.358 0.027174
7.356 0.0257706
7.354 0.0244729
7.352 0.0232707
7.35 0.022155
7.348 0.0211177
7.346 0.0201517
7.344 0.0192506
7.342 0.0184088
7.34 0.0176212
7.338 0.0168833
7.336 0.0161911
7.334 0.0155408
7.332 0.0149292
7.33 0.0143532
7.328 0.0138103
7.326 0.0132978
7.324 0.0128137
7.322 0.0123558
7.32 0.0119222
7.318 0.0115114
7.316 0.0111218
7.314 0.0107519
7.312 0.0104004
7.31 0.0100661
7.308 0.00974802
7.306 0.00944502
7.304 0.0091562
7.302 0.00888069
7.3 0.0086177
7.298 0.00836647
7.296 0.00812633
7.294 0.00789663
7.292 0.00767679
7.29 0.00746624
7.288 0.00726448
7.286 0.00707103
7.284 0.00688544
7.282 0.00670729
7.28 0.00653619
7.278 0.00637179
7.276 0.00621373
7.274 0.0060617
7.272 0.0059154
7.27 0.00577454
7.268 0.00563887
7.266 0.00550813
7.264 0.00538209
7.262 0.00526053
7.26 0.00514324
7.258 0.00503002
7.256 0.0049207
7.254 0.0048151
7.252 0.00471304
7.25 0.00461439
7.248 0.00451898
7.246 0.00442669
7.244 0.00433738
7.242 0.00425091
7.24 0.00416719
7.238 0.00408609
7.236 0.0040075
7.234 0.00393133
7.232 0.00385748
7.23 0.00378586
7.228 0.00371638
7.226 0.00364896
7.224 0.00358351
7.222 0.00351997
7.22 0.00345827
7.218 0.00339833
7.216 0.00334008
7.214 0.00328348
7.212 0.00322845
7.21 0.00317495
7.208 0.00312292
7.206 0.0030723
7.204 0.00302305
7.202 0.00297511
7.2 0.00292846
7.198 0.00288303
7.196 0.0028388
7.194 0.00279571
7.192 0.00275374
7.19 0.00271284
7.188 0.00267299
7.186 0.00263414
7.184 0.00259627
7.182 0.00255934
7.18 0.00252332
7.178 0.0024882
7.176 0.00245393
7.174 0.00242049
7.172 0.00238787
7.17 0.00235602
7.168 0.00232494
7.166 0.00229459
7.164 0.00226496
7.162 0.00223602
7.16 0.00220776
7.158 0.00218015
7.156 0.00215318
7.154 0.00212683
7.152 0.00210108
7.15 0.00207591
7.148 0.00205131
7.146 0.00202727
7.144 0.00200376
7.142 0.00198078
7.14 0.00195831
7.138 0.00193633
7.136 0.00191484
7.134 0.00189382
7.132 0.00187325
7.13 0.00185314
7.128 0.00183345
7.126 0.0018142
7.124 0.00179535
7.122 0.00177691
7.12 0.00175886
7.118 0.0017412
7.116 0.00172391
7.114 0.00170699
7.112 0.00169042
7.11 0.0016742
7.108 0.00165833
7.106 0.00164278
7.104 0.00162756
7.102 0.00161265
7.1 0.00159806
7.098 0.00158377
7.096 0.00156977
7.094 0.00155607
7.092 0.00154265
7.09 0.0015295
7.088 0.00151663
7.086 0.00150402
7.084 0.00149167
7.082 0.00147958
7.08 0.00146773
7.078 0.00145613
7.076 0.00144476
7.074 0.00143364
7.072 0.00142273
7.07 0.00141206
7.068 0.0014016
7.066 0.00139136
7.064 0.00138134
7.062 0.00137152
7.06 0.0013619
7.058 0.00135248
7.056 0.00134326
7.054 0.00133424
7.052 0.0013254
7.05 0.00131675
7.048 0.00130828
7.046 0.00129998
7.044 0.00129187
7.042 0.00128393
7.04 0.00127615
7.038 0.00126855
7.036 0.00126111
7.034 0.00125383
7.032 0.00124671
7.03 0.00123974
7.028 0.00123293
7.026 0.00122627
7.024 0.00121976
7.022 0.0012134
7.02 0.00120718
7.018 0.00120111
7.016 0.00119517
7.014 0.00118937
7.012 0.00118371
7.01 0.00117819
7.008 0.00117279
7.006 0.00116753
7.004 0.0011624
7.002 0.00115739
7 0.00115251
6.998 0.00114776
6.996 0.00114312
6.994 0.00113861
6.992 0.00113422
6.99 0.00112994
6.988 0.00112579
6.986 0.00112175
6.984 0.00111782
6.982 0.001114
6.98 0.0011103
6.978 0.00110671
6.976 0.00110323
6.974 0.00109985
6.972 0.00109659
6.97 0.00109343
6.968 0.00109037
6.966 0.00108742
6.964 0.00108458
6.962 0.00108183
6.96 0.00107919
6.958 0.00107665
6.956 0.00107421
6.954 0.00107187
6.952 0.00106963
6.95 0.00106749
6.948 0.00106544
6.946 0.00106349
6.944 0.00106164
6.942 0.00105989
6.94 0.00105823
6.938 0.00105666
6.936 0.00105519
6.934 0.00105381
6.932 0.00105253
6.93 0.00105134
6.928 0.00105024
6.926 0.00104924
6.924 0.00104832
6.922 0.0010475
6.92 0.00104677
6.918 0.00104614
6.916 0.00104559
6.914 0.00104514
6.912 0.00104477
6.91 0.0010445
6.908 0.00104432
6.906 0.00104423
6.904 0.00104423
6.902 0.00104432
6.9 0.0010445
6.898 0.00104477
6.896 0.00104514
6.894 0.00104559
6.892 0.00104614
6.89 0.00104677
6.888 0.0010475
6.886 0.00104832
6.884 0.00104924
6.882 0.00105024
6.88 0.00105134
6.878 0.00105253
6.876 0.00105381
6.874 0.00105519
6.872 0.00105666
6.87 0.00105823
6.868 0.00105989
6.866 0.00106164
6.864 0.00106349
6.862 0.00106544
6.86 0.00106749
6.858 0.00106963
6.856 0.00107187
6.854 0.00107421
6.852 0.00107665
6.85 0.00107919
6.848 0.00108183
6.846 0.00108458
6.844 0.00108742
6.842 0.00109037
6.84 0.00109343
6.838 0.00109659
6.836 0.00109985
6.834 0.00110323
6.832 0.00110671
6.83 0.0011103
6.828 0.001114
6.826 0.00111782
6.824 0.00112175
6.822 0.00112579
6.82 0.00112994
6.818 0.00113422
6.816 0.00113861
6.814 0.00114312
6.812 0.00114776
6.81 0.00115251
6.808 0.00115739
6.806 0.0011624
6.804 0.00116753
6.802 0.00117279
6.8 0.00117819
6.798 0.00118371
6.796 0.00118937
6.794 0.00119517
6.792 0.00120111
6.79 0.00120718
6.788 0.0012134
6.786 0.00121976
6.784 0.00122627
6.782 0.00123293
6.78 0.00123974
6.778 0.00124671
6.776 0.00125383
6.774 0.00126111
6.772 0.00126855
6.77 0.00127615
6.768 0.00128393
6.766 0.00129187
6.764 0.00129998
6.762 0.00130828
6.76 0.00131675
6.758 0.0013254
6.756 0.00133424
6.754 0.00134326
6.752 0.00135248
6.75 0.0013619
6.748 0.00137152
6.746 0.00138134
6.744 0.00139136
6.742 0.0014016
6.74 0.00141206
6.738 0.00142273
6.736 0.00143364
6.734 0.00144476
6.732 0.00145613
6.73 0.00146773
6.728 0.00147958
6.726 0.00149167
6.724 0.00150402
6.722 0.00151663
6.72 0.0015295
6.718 0.00154265
6.716 0.00155607
6.714 0.00156977
6.712 0.00158377
6.71 0.00159806
6.708 0.00161265
6.706 0.00162756
6.704 0.00164278
6.702 0.00165833
6.7 0.0016742
6.698 0.00169042
6.696 0.00170699
6.694 0.00172391
6.692 0.0017412
6.69 0.00175886
6.688 0.00177691
6.686 0.00179535
6.684 0.0018142
6.682 0.00183345
6.68 0.00185314
6.678 0.00187325
6.676 0.00189382
6.674 0.00191484
6.672 0.00193633
6.67 0.00195831
6.668 0.00198078
6.666 0.00200376
6.664 0.00202727
6.662 0.00205131
6.66 0.00207591
6.658 0.00210108
6.656 0.00212683
6.654 0.00215318
6.652 0.00218015
6.65 0.00220776
6.648 0.00223602
6.646 0.00226496
6.644 0.00229459
6.642 0.00232494
6.64 0.00235602
6.638 0.00238787
6.636 0.00242049
6.634 0.00245393
6.632 0.0024882
6.63 0.00252332
6.628 0.00255934
6.626 0.00259627
6.624 0.00263414
6.622 0.00267299
6.62 0.00271284
6.618 0.00275374
6.616 0.00279571
6.614 0.0028388
6.612 0.00288303
6.61 0.00292846
6.608 0.00297511
6.606 0.00302305
6.604 0.0030723
6.602 0.00312292
6.6 0.00317495
6.598 0.00322845
6.596 0.00328348
6.594 0.00334008
6.592 0.00339833
6.59 0.00345827
6.588 0.00351997
6.586 0.00358351
6.584 0.00364896
6.582 0.00371638
6.58 0.00378586
6.578 0.00385748
6.576 0.00393133
6.574 0.0040075
6.572 0.00408609
6.57 0.00416719
6.568 0.00425091
6.566 0.00433738
6.564 0.00442669
6.562 0.00451898
6.56 0.00461439
6.558 0.00471304
6.556 0.0048151
6.554 0.0049207
6.552 0.00503002
6.55 0.00514324
6.548 0.00526053
6.546 0.00538209
6.544 0.00550813
6.542 0.00563887
6.54 0.00577454
6.538 0.0059154
6.536 0.0060617
6.534 0.00621373
6.532 0.00637179
6.53 0.00653619
6.528 0.00670729
6.526 0.00688544
6.524 0.00707103
6.522 0.00726448
6.52 0.00746624
6.518 0.00767679
6.516 0.00789663
6.514 0.00812633
6.512 0.00836647
6.51 0.0086177
6.508 0.00888069
6.506 0.0091562
6.504 0.00944502
6.502 0.00974802
6.5 0.0100661
6.498 0.0104004
6.496 0.0107519
6.494 0.0111218
6.492 0.0115114
6.49 0.0119222
6.488 0.0123558
6.486 0.0128137
6.484 0.0132978
6.482 0.0138103
6.48 0.0143532
6.478 0.0149292
6.476 0.0155408
6.474 0.0161911
6.472 0.0168833
6.47 0.0176212
6.468 0.0184088
6.466 0.0192506
6.464 0.0201517
6.462 0.0211177
6.46 0.022155
6.458 0.0232707
6.456 0.0244729
6.454 0.0257706
6.452 0.027174
6.45 0.0286949
6.448 0.0303467
6.446 0.0321445
6.444 0.0341059
6.442 0.0362511
6.44 0.0386034
6.438 0.04119
6.436 0.0440424
6.434 0.0471978
6.432 0.0506997
6.43 0.0545998
6.428 0.0589592
6.426 0.0638513
6.424 0.069364
6.422 0.0756035
6.42 0.0826991
6.418 0.0908088
6.416 0.100127
6.414 0.110894
6.412 0.12341
6.41 0.138051
6.408 0.15529
6.406 0.175724
6.404 0.200111
6.402 0.229406
6.4 0.264807
6.398 0.307787
6.396 0.360088
6.394 0.423608
6.392 0.500068
6.39 0.59022
6.388 0.69235
6.386 0.800028
6.384 0.900014
6.382 0.972977
6.38 1
6.378 0.972976
6.376 0.900012
6.374 0.800025
6.372 0.692346
6.37 0.590215
6.368 0.500062
6.366 0.423601
6.364 0.36008
6.362 0.307778
6.36 0.264797
6.358 0.229395
6.356 0.200099
6.354 0.175711
6.352 0.155276
6.35 0.138036
6.348 0.123395
6.346 0.110877
6.344 0.100109
6.342 0.0907899
6.34 0.0826792
6.338 0.0755826
6.336 0.069342
6.334 0.0638283
6.332 0.0589353
6.33 0.0545748
6.328 0.0506737
6.326 0.0471708
6.324 0.0440144
6.322 0.0411609
6.32 0.0385734
6.318 0.03622
6.316 0.0340738
6.314 0.0321114
6.312 0.0303126
6.31 0.0286598
6.308 0.0271379
6.306 0.0257334
6.304 0.0244347
6.302 0.0232315
6.3 0.0221148
6.298 0.0210764
6.296 0.0201093
6.294 0.0192072
6.292 0.0183644
6.29 0.0175757
6.288 0.0168368
6.286 0.0161435
6.284 0.0154922
6.282 0.0148796
6.28 0.0143026
6.278 0.0137586
6.276 0.0132451
6.274 0.0127599
6.272 0.0123009
6.27 0.0118663
6.268 0.0114544
6.266 0.0110637
6.264 0.0106927
6.262 0.0103402
6.26 0.0100049
6.258 0.00968567
6.256 0.00938159
6.254 0.00909169
6.252 0.0088151
6.25 0.00855101
6.248 0.0082987
6.246 0.00805746
6.244 0.00782666
6.242 0.00760572
6.24 0.00739407
6.238 0.0071912
6.236 0.00699664
6.234 0.00680993
6.232 0.00663066
6.23 0.00645845
6.228 0.00629292
6.226 0.00613373
6.224 0.00598057
6.222 0.00583313
6.22 0.00569114
6.218 0.00555432
6.216 0.00542243
6.214 0.00529524
6.212 0.00517252
6.21 0.00505407
6.208 0.0049397
6.206 0.0048292
6.204 0.00472243
6.202 0.0046192
6.2 0.00451936
6.198 0.00442277
6.196 0.00432929
6.194 0.00423877
6.192 0.00415111
6.19 0.00406618
6.188 0.00398387
6.186 0.00390407
6.184 0.00382668
6.182 0.00375161
6.18 0.00367876
6.178 0.00360804
6.176 0.00353938
6.174 0.00347269
6.172 0.0034079
6.17 0.00334494
6.168 0.00328373
6.166 0.00322422
6.164 0.00316635
6.162 0.00311004
6.16 0.00305525
6.158 0.00300193
6.156 0.00295001
6.154 0.00289946
6.152 0.00285022
6.15 0.00280224
6.148 0.0027555
6.146 0.00270993
6.144 0.00266551
6.142 0.0026222
6.14 0.00257995
6.138 0.00253874
6.136 0.00249853
6.134 0.00245929
6.132 0.00242099
6.13 0.00238359
6.128 0.00234708
6.126 0.00231141
6.124 0.00227657
6.122 0.00224253
6.12 0.00220927
6.118 0.00217675
6.116 0.00214497
6.114 0.00211389
6.112 0.00208351
6.11 0.00205378
6.108 0.00202471
6.106 0.00199626
6.104 0.00196843
6.102 0.00194118
6.1 0.00191452
6.098 0.00188841
6.096 0.00186285
6.094 0.00183781
6.092 0.00181329
6.09 0.00178928
6.088 0.00176574
6.086 0.00174269
6.084 0.00172009
6.082 0.00169794
6.08 0.00167623
6.078 0.00165495
6.076 0.00163407
6.074 0.00161361
6.072 0.00159353
6.07 0.00157384
6.068 0.00155452
6.066 0.00153557
6.064 0.00151697
6.062 0.00149871
6.06 0.0014808
6.058 0.00146321
6.056 0.00144594
6.054 0.00142899
6.052 0.00141234
6.05 0.00139599
6.048 0.00137994
6.046 0.00136416
6.044 0.00134866
6.042 0.00133344
6.04 0.00131848
6.038 0.00130377
6.036 0.00128932
6.034 0.00127512
6.032 0.00126116
6.03 0.00124743
6.028 0.00123393
6.026 0.00122066
6.024 0.00120761
6.022 0.00119478
6.02 0.00118215
6.018 0.00116973
6.016 0.00115751
6.014 0.00114549
6.012 0.00113366
6.01 0.00112202
6.008 0.00111056
6.006 0.00109929
6.004 0.00108819
6.002 0.00107727
6 0.00106651
5.998 0.00105592
5.996 0.0010455
5.994 0.00103523
5.992 0.00102512
5.99 0.00101516
5.988 0.00100535
5.986 0.000995686
5.984 0.000986167
5.982 0.000976789
5.98 0.00096755
5.978 0.000958445
5.976 0.000949474
5.974 0.000940632
5.972 0.000931918
5.97 0.00092333
5.968 0.000914863
5.966 0.000906518
5.964 0.00089829
5.962 0.000890178
5.96 0.00088218
5.958 0.000874293
5.956 0.000866516
5.954 0.000858846
5.952 0.000851281
5.95 0.00084382
5.948 0.000836461
5.946 0.000829201
5.944 0.000822039
5.942 0.000814973
5.94 0.000808001
5.938 0.000801122
5.936 0.000794334
5.934 0.000787636
5.932 0.000781025
5.93 0.000774501
5.928 0.000768061
5.926 0.000761704
5.924 0.00075543
5.922 0.000749236
5.92 0.000743121
5.918 0.000737083
5.916 0.000731122
5.914 0.000725236
5.912 0.000719424
5.91 0.000713684
5.908 0.000708015
5.906 0.000702417
5.904 0.000696888
5.902 0.000691426
5.9 0.000686031
5.898 0.000680702
5.896 0.000675437
5.894 0.000670236
5.892 0.000665097
5.89 0.000660019
5.888 0.000655002
5.886 0.000650045
5.884 0.000645146
5.882 0.000640304
5.88 0.000635519
5.878 0.00063079
5.876 0.000626116
5.874 0.000621496
5.872 0.000616929
5.87 0.000612415
5.868 0.000607952
5.866 0.00060354
5.864 0.000599178
5.862 0.000594865
5.86 0.000590601
5.858 0.000586384
5.856 0.000582214
5.854 0.000578091
5.852 0.000574013
5.85 0.000569981
5.848 0.000565992
5.846 0.000562047
5.844 0.000558145
5.842 0.000554286
5.84 0.000550468
5.838 0.000546691
5.836 0.000542955
5.834 0.000539259
5.832 0.000535602
5.83 0.000531984
5.828 0.000528404
5.826 0.000524862
5.824 0.000521357
5.822 0.000517888
5.82 0.000514456
5.818 0.000511059
5.816 0.000507698
5.814 0.000504371
5.812 0.000501078
5.81 0.000497819
5.808 0.000494593
5.806 0.000491399
5.804 0.000488238
5.802 0.000485109
5.8 0.000482011
5.798 0.000478944
5.796 0.000475908
5.794 0.000472902
5.792 0.000469926
5.79 0.000466979
5.788 0.000464061
5.786 0.000461171
5.784 0.00045831
5.782 0.000455477
5.78 0.000452671
5.778 0.000449892
5.776 0.00044714
5.774 0.000444414
5.772 0.000441714
5.77 0.00043904
5.768 0.000436392
5.766 0.000433768
5.764 0.000431169
5.762 0.000428595
5.76 0.000426044
5.758 0.000423518
5.756 0.000421015
5.754 0.000418535
5.752 0.000416078
5.75 0.000413644
5.748 0.000411232
5.746 0.000408842
5.744 0.000406474
5.742 0.000404128
5.74 0.000401802
5.738 0.000399498
5.736 0.000397215
5.734 0.000394951
5.732 0.000392709
5.73 0.000390486
5.728 0.000388283
5.726 0.000386099
5.724 0.000383935
5.722 0.00038179
5.72 0.000379663
5.718 0.000377555
5.716 0.000375466
5.714 0.000373395
5.712 0.000371341
5.71 0.000369306
5.708 0.000367288
5.706 0.000365287
5.704 0.000363303
5.702 0.000361336
5.7 0.000359386
5.698 0.000357453
5.696 0.000355536
5.694 0.000353635
5.692 0.00035175
5.69 0.00034988
5.688 0.000348027
5.686 0.000346189
5.684 0.000344366
5.682 0.000342558
5.68 0.000340765
5.678 0.000338987
5.676 0.000337223
5.674 0.000335474
5.672 0.000333739
5.67 0.000332018
5.668 0.000330311
5.666 0.000328618
5.664 0.000326939
5.662 0.000325273
5.66 0.00032362
5.658 0.000321981
5.656 0.000320354
5.654 0.000318741
5.652 0.00031714
5.65 0.000315552
5.648 0.000313977
5.646 0.000312413
5.644 0.000310862
5.642 0.000309324
5.64 0.000307797
5.638 0.000306282
5.636 0.000304778
5.634 0.000303287
5.632 0.000301807
5.63 0.000300338
5.628 0.00029888
5.626 0.000297434
5.624 0.000295998
5.622 0.000294574
5.62 0.00029316
5.618 0.000291757
5.616 0.000290364
5.614 0.000288982
5.612 0.00028761
5.61 0.000286249
5.608 0.000284897
5.606 0.000283556
5.604 0.000282225
5.602 0.000280903
5.6 0.000279591
5.598 0.000278289
5.596 0.000276996
5.594 0.000275713
5.592 0.000274439
5.59 0.000273175
5.588 0.000271919
5.586 0.000270673
5.584 0.000269435
5.582 0.000268207
5.58 0.000266987
5.578 0.000265776
5.576 0.000264574
5.574 0.00026338
5.572 0.000262195
5.57 0.000261018
5.568 0.000259849
5.566 0.000258689
5.564 0.000257537
5.562 0.000256393
5.56 0.000255257
5.558 0.000254128
5.556 0.000253008
5.554 0.000251896
5.552 0.000250791
5.55 0.000249693
5.548 0.000248604
5.546 0.000247521
5.544 0.000246447
5.542 0.000245379
5.54 0.000244319
5.538 0.000243266
5.536 0.00024222
5.534 0.000241181
5.532 0.000240149
5.53 0.000239125
5.528 0.000238107
5.526 0.000237096
5.524 0.000236091
5.522 0.000235093
5.52 0.000234102
5.518 0.000233118
5.516 0.00023214
5.514 0.000231168
5.512 0.000230203
5.51 0.000229245
5.508 0.000228292
5.506 0.000227346
5.504 0.000226406
5.502 0.000225472
5.5 0.000224544
