x E
0 0
0.05 0.0478293
0.1 0.191221
0.15 0.429886
0.2 0.763345
0.25 1.19092
0.3 1.71176
0.35 2.32482
0.4 3.02884
0.45 3.82243
0.5 4.70398
0.55 5.67171
0.6 6.72368
0.65 7.85777
0.7 9.07169
0.75 10.363
0.8 11.7291
0.85 13.1672
0.9 14.6745
0.95 16.2479
1 17.8842
1.05 19.5802
1.1 21.3324
1.15 23.1373
1.2 24.9912
1.25 26.8905
1.3 28.8313
1.35 30.8097
1.4 32.8217
1.45 34.8632
1.5 36.9303
1.55 39.0185
1.6 41.1239
1.65 43.2421
1.7 45.3689
1.75 47.5
1.8 49.6311
1.85 51.7579
1.9 53.8761
1.95 55.9815
2 58.0697
2.05 60.1368
2.1 62.1783
2.15 64.1903
2.2 66.1687
2.25 68.1095
2.3 70.0088
2.35 71.8627
2.4 73.6676
2.45 75.4198
2.5 77.1158
2.55 78.7521
2.6 80.3255
2.65 81.8328
2.7 83.2709
2.75 84.637
2.8 85.9283
2.85 87.1422
2.9 88.2763
2.95 89.3283
3 90.296
3.05 91.1776
3.1 91.9712
3.15 92.6752
3.2 93.2882
3.25 93.8091
3.3 94.2367
3.35 94.5701
3.4 94.8088
3.45 94.9522
3.5 95
3.55 94.9315
3.6 94.7268
3.65 94.3882
3.7 93.9193
3.75 93.3253
3.8 92.6127
3.85 91.7893
3.9 90.8641
3.95 89.8473
4 88.75
4.05 87.5842
4.1 86.3627
4.15 85.0989
4.2 83.8066
4.25 82.5
4.3 81.1934
4.35 79.9011
4.4 78.6373
4.45 77.4158
4.5 76.25
4.55 75.1527
4.6 74.1359
4.65 73.2107
4.7 72.3873
4.75 71.6747
4.8 71.0807
4.85 70.6118
4.9 70.2732
4.95 70.0685
5 70
5.05 70.0274
5.1 70.1093
5.15 70.2447
5.2 70.4323
5.25 70.6699
5.3 70.9549
5.35 71.2843
5.4 71.6543
5.45 72.0611
5.5 72.5
5.55 72.9663
5.6 73.4549
5.65 73.9604
5.7 74.4774
5.75 75
5.8 75.5226
5.85 76.0396
5.9 76.5451
5.95 77.0337
6 77.5
6.05 77.9389
6.1 78.3457
6.15 78.7157
6.2 79.0451
6.25 79.3301
6.3 79.5677
6.35 79.7553
6.4 79.8907
6.45 79.9726
6.5 80
6.55 79.9497
6.6 79.7987
6.65 79.5475
6.7 79.1965
6.75 78.7464
6.8 78.1981
6.85 77.5528
6.9 76.8117
6.95 75.9764
7 75.0484
7.05 74.0298
7.1 72.9224
7.15 71.7287
7.2 70.4508
7.25 69.0916
7.3 67.6536
7.35 66.1397
7.4 64.5531
7.45 62.8969
7.5 61.1745
7.55 59.3893
7.6 57.5448
7.65 55.645
7.7 53.6934
7.75 51.6942
7.8 49.6513
7.85 47.5687
7.9 45.4508
7.95 43.3018
8 41.126
8.05 38.9278
8.1 36.7117
8.15 34.482
8.2 32.2432
8.25 30
8.3 27.7568
8.35 25.518
8.4 23.2883
8.45 21.0722
8.5 18.874
8.55 16.6982
8.6 14.5492
8.65 12.4313
8.7 10.3487
8.75 8.30581
8.8 6.30657
8.85 4.35504
8.9 2.45515
8.95 0.610737
9 -1.17449
9.05 -2.89694
9.1 -4.55313
9.15 -6.13974
9.2 -7.65357
9.25 -9.09157
9.3 -10.4508
9.35 -11.7287
9.4 -12.9224
9.45 -14.0298
9.5 -15.0484
9.55 -15.9764
9.6 -16.8117
9.65 -17.5528
9.7 -18.1981
9.75 -18.7464
9.8 -19.1965
9.85 -19.5475
9.9 -19.7987
9.95 -19.9497
10 -20
