x T y
0 110.623 0
0.02 109.686 0.04583
0.04 108.769 0.0895355
0.06 107.873 0.131241
0.08 106.996 0.171062
0.1 106.137 0.209108
0.12 105.297 0.245478
0.14 104.474 0.280266
0.16 103.668 0.313561
0.18 102.879 0.345444
0.2 102.106 0.375992
0.22 101.348 0.405277
0.24 100.605 0.433365
0.26 99.876 0.46032
0.28 99.1615 0.4862
0.3 98.4605 0.51106
0.32 97.7728 0.534953
0.34 97.0978 0.557927
0.36 96.4353 0.580027
0.38 95.7848 0.601297
0.4 95.146 0.621776
0.42 94.5186 0.641504
0.44 93.9022 0.660515
0.46 93.2965 0.678844
0.48 92.7012 0.696523
0.5 92.116 0.71358
0.52 91.5407 0.730045
0.54 90.9749 0.745945
0.56 90.4185 0.761304
0.58 89.8711 0.776147
0.6 89.3325 0.790497
0.62 88.8025 0.804374
0.64 88.2809 0.817798
0.66 87.7674 0.83079
0.68 87.2618 0.843368
0.7 86.7639 0.855547
0.72 86.2735 0.867346
0.74 85.7905 0.87878
0.76 85.3147 0.889863
0.78 84.8458 0.900609
0.8 84.3837 0.911032
0.82 83.9282 0.921144
0.84 83.4792 0.930958
0.86 83.0366 0.940485
0.88 82.6001 0.949736
0.9 82.1696 0.958722
0.92 81.745 0.967452
0.94 81.3262 0.975936
0.96 80.913 0.984183
0.98 80.5053 0.992201
1 80.1029 1
