invT fit lo hi
3.125 -6.74041 -6.76831 -6.71251
3.13745 -6.83314 -6.86004 -6.80624
3.14991 -6.92588 -6.9518 -6.89996
3.16236 -7.01861 -7.04357 -6.99365
3.17482 -7.11135 -7.13537 -7.08733
3.18727 -7.20408 -7.22719 -7.18097
3.19973 -7.29682 -7.31905 -7.27459
3.21218 -7.38955 -7.41093 -7.36817
3.22464 -7.48229 -7.50285 -7.46172
3.23709 -7.57502 -7.59482 -7.55523
3.24955 -7.66776 -7.68683 -7.64868
3.262 -7.76049 -7.77889 -7.74209
3.27446 -7.85323 -7.87102 -7.83544
3.28691 -7.94596 -7.9632 -7.92872
3.29937 -8.0387 -8.05546 -8.02194
3.31182 -8.13143 -8.14779 -8.11507
3.32428 -8.22417 -8.24021 -8.20813
3.33673 -8.3169 -8.33271 -8.3011
3.34918 -8.40964 -8.4253 -8.39397
3.36164 -8.50237 -8.51799 -8.48675
3.37409 -8.59511 -8.61077 -8.57944
3.38655 -8.68784 -8.70365 -8.67204
3.399 -8.78058 -8.79662 -8.76454
3.41146 -8.87331 -8.88967 -8.85695
3.42391 -8.96605 -8.98281 -8.94928
3.43637 -9.05878 -9.07603 -9.04154
3.44882 -9.15152 -9.16931 -9.13372
3.46128 -9.24425 -9.26266 -9.22585
3.47373 -9.33699 -9.35607 -9.31791
3.48619 -9.42972 -9.44953 -9.40992
3.49864 -9.52246 -9.54303 -9.50188
3.5111 -9.61519 -9.63658 -9.59381
3.52355 -9.70793 -9.73016 -9.68569
3.53601 -9.80066 -9.82378 -9.77755
3.54846 -9.8934 -9.91743 -9.86937
3.56091 -9.98613 -10.0111 -9.96117
3.57337 -10.0789 -10.1048 -10.0529
3.58582 -10.1716 -10.1985 -10.1447
3.59828 -10.2643 -10.2922 -10.2364
3.61073 -10.3571 -10.386 -10.3281
3.62319 -10.4498 -10.4798 -10.4199
