t O2
0 8.1
0.1 7.92701
0.2 7.76749
0.3 7.62069
0.4 7.48586
0.5 7.36231
0.6 7.24939
0.7 7.14646
0.8 7.05295
0.9 6.9683
1 6.89196
1.1 6.82345
1.2 6.76229
1.3 6.70802
1.4 6.66023
1.5 6.61851
1.6 6.58248
1.7 6.55177
1.8 6.52605
1.9 6.505
2 6.48831
2.1 6.47569
2.2 6.46686
2.3 6.46158
2.4 6.4596
2.5 6.46068
2.6 6.46461
2.7 6.47119
2.8 6.48022
2.9 6.49153
3 6.50492
3.1 6.52026
3.2 6.53737
3.3 6.55612
3.4 6.57637
3.5 6.598
3.6 6.62087
3.7 6.64489
3.8 6.66993
3.9 6.69591
4 6.72273
4.1 6.75029
4.2 6.77852
4.3 6.80734
4.4 6.83667
4.5 6.86644
4.6 6.8966
4.7 6.92708
4.8 6.95782
4.9 6.98877
5 7.01988
5.1 7.05111
5.2 7.08242
5.3 7.11375
5.4 7.14509
5.5 7.17638
5.6 7.20761
5.7 7.23873
5.8 7.26973
5.9 7.30058
6 7.33125
6.1 7.36172
6.2 7.39198
6.3 7.42199
6.4 7.45176
6.5 7.48126
6.6 7.51048
6.7 7.5394
6.8 7.56802
6.9 7.59632
7 7.62429
7.1 7.65194
7.2 7.67924
7.3 7.7062
7.4 7.7328
7.5 7.75905
7.6 7.78493
7.7 7.81046
7.8 7.83561
7.9 7.8604
8 7.88482
8.1 7.90886
8.2 7.93254
8.3 7.95584
8.4 7.97877
8.5 8.00133
8.6 8.02352
8.7 8.04534
8.8 8.06679
8.9 8.08788
9 8.10861
9.1 8.12897
9.2 8.14899
9.3 8.16864
9.4 8.18795
9.5 8.2069
9.6 8.22552
9.7 8.24379
9.8 8.26173
9.9 8.27933
10 8.2966
10.1 8.31355
10.2 8.33018
10.3 8.34649
10.4 8.36249
10.5 8.37818
10.6 8.39356
10.7 8.40865
10.8 8.42344
10.9 8.43794
11 8.45215
11.1 8.46608
11.2 8.47973
11.3 8.49311
11.4 8.50622
11.5 8.51907
11.6 8.53166
11.7 8.54399
11.8 8.55606
11.9 8.5679
12 8.57948
12.1 8.59083
12.2 8.60195
12.3 8.61284
12.4 8.62349
12.5 8.63393
12.6 8.64415
12.7 8.65416
12.8 8.66395
12.9 8.67354
13 8.68293
13.1 8.69212
13.2 8.70111
13.3 8.70992
13.4 8.71853
13.5 8.72696
13.6 8.73522
13.7 8.74329
13.8 8.7512
13.9 8.75893
14 8.7665
14.1 8.7739
14.2 8.78115
14.3 8.78824
14.4 8.79517
14.5 8.80196
14.6 8.80859
14.7 8.81509
14.8 8.82144
14.9 8.82765
15 8.83373
