E_mV s0 s1 s2 s3
-600 0.05 0.05 0.05 0.05
-598 0.05 0.05 0.05 0.05
-596 0.05 0.05 0.05 0.05
-594 0.05 0.05 0.05 0.05
-592 0.05 0.05 0.05 0.05
-590 0.05 0.05 0.05 0.05
-588 0.05 0.05 0.05 0.05
-586 0.05 0.05 0.05 0.05
-584 0.05 0.05 0.05 0.05
-582 0.05 0.05 0.05 0.05
-580 0.05 0.05 0.05 0.05
-578 0.05 0.05 0.05 0.05
-576 0.05 0.05 0.05 0.05
-574 0.05 0.05 0.05 0.05
-572 0.05 0.05 0.05 0.05
-570 0.05 0.05 0.05 0.05
-568 0.05 0.05 0.05 0.05
-566 0.05 0.05 0.05 0.05
-564 0.05 0.05 0.05 0.05
-562 0.05 0.05 0.05 0.05
-560 0.05 0.05 0.05 0.05
-558 0.05 0.05 0.05 0.05
-556 0.05 0.05 0.05 0.05
-554 0.05 0.05 0.05 0.05
-552 0.05 0.05 0.05 0.05
-550 0.05 0.05 0.05 0.05
-548 0.05 0.05 0.05 0.05
-546 0.05 0.05 0.05 0.05
-544 0.05 0.05 0.05 0.05
-542 0.05 0.05 0.05 0.05
-540 0.05 0.05 0.05 0.05
-538 0.05 0.05 0.05 0.05
-536 0.05 0.05 0.05 0.05
-534 0.05 0.05 0.05 0.05
-532 0.05 0.05 0.05 0.05
-530 0.05 0.05 0.05 0.05
-528 0.05 0.05 0.05 0.05
-526 0.05 0.05 0.05 0.05
-524 0.05 0.05 0.05 0.0500001
-522 0.05 0.0500001 0.0500001 0.0500001
-520 0.0500001 0.0500001 0.0500002 0.0500002
-518 0.0500001 0.0500002 0.0500003 0.0500004
-516 0.0500002 0.0500004 0.0500006 0.0500008
-514 0.0500003 0.0500007 0.0500011 0.0500015
-512 0.0500006 0.0500013 0.0500021 0.0500028
-510 0.0500011 0.0500024 0.0500037 0.0500049
-508 0.0500019 0.0500042 0.0500065 0.0500087
-506 0.0500034 0.0500073 0.0500114 0.0500152
-504 0.0500059 0.0500125 0.0500196 0.0500263
-502 0.05001 0.0500213 0.0500334 0.0500447
-500 0.0500167 0.0500358 0.0500561 0.050075
-498 0.0500277 0.0500594 0.050093 0.0501244
-496 0.0500454 0.0500972 0.0501523 0.0502036
-494 0.0500733 0.0501571 0.0502461 0.0503291
-492 0.050117 0.0502507 0.0503926 0.0505251
-490 0.0501842 0.0503949 0.0506185 0.0508271
-488 0.0502865 0.0506141 0.0509618 0.0512863
-486 0.0504399 0.0509428 0.0514768 0.051975
-484 0.0506669 0.0514293 0.0522386 0.0529939
-482 0.0509981 0.052139 0.0533504 0.0544807
-480 0.0514747 0.0531606 0.0549504 0.0566205
-478 0.0521513 0.0546106 0.0572215 0.0596578
-476 0.0530983 0.0566403 0.0604006 0.0639095
-474 0.0544056 0.0594418 0.0647888 0.069778
-472 0.0561846 0.0632547 0.0707608 0.0777648
-470 0.0585717 0.0683706 0.0787739 0.0884812
-468 0.061729 0.0751372 0.0893725 0.102655
-466 0.0658452 0.0839589 0.10319 0.121134
-464 0.0711337 0.0952929 0.120942 0.144876
-462 0.0778287 0.109641 0.143416 0.174932
-460 0.0861786 0.127537 0.171446 0.212417
-458 0.0964357 0.149519 0.205877 0.258464
-456 0.108843 0.17611 0.247525 0.314164
-454 0.123616 0.207772 0.297118 0.380487
-452 0.140928 0.244874 0.355231 0.458205
-450 0.160882 0.287639 0.422214 0.547785
-448 0.183496 0.336103 0.498123 0.649304
-446 0.208677 0.39007 0.582652 0.76235
-444 0.236209 0.449076 0.675072 0.88595
-442 0.265739 0.512363 0.7742 1.01852
-440 0.296773 0.578874 0.878376 1.15784
-438 0.328681 0.647259 0.985487 1.30109
-436 0.360713 0.715908 1.09301 1.44489
-434 0.39202 0.783004 1.1981 1.58543
-432 0.421693 0.846599 1.29771 1.71865
-430 0.448803 0.9047 1.38872 1.84035
-428 0.472449 0.955376 1.46809 1.94651
-426 0.491805 0.99686 1.53307 2.0334
-424 0.506171 1.02765 1.58129 2.0979
-422 0.515014 1.0466 1.61098 2.1376
-420 0.518 1.053 1.621 2.151
-418 0.515014 1.0466 1.61098 2.1376
-416 0.506171 1.02765 1.58129 2.0979
-414 0.491805 0.99686 1.53307 2.0334
-412 0.472449 0.955376 1.46809 1.94651
-410 0.448803 0.9047 1.38872 1.84035
-408 0.421693 0.846599 1.29771 1.71865
-406 0.39202 0.783004 1.1981 1.58543
-404 0.360713 0.715908 1.09301 1.44489
-402 0.328681 0.647259 0.985487 1.30109
-400 0.296773 0.578874 0.878376 1.15784
-398 0.265739 0.512363 0.7742 1.01852
-396 0.236209 0.449076 0.675072 0.88595
-394 0.208677 0.39007 0.582652 0.76235
-392 0.183496 0.336103 0.498123 0.649304
-390 0.160882 0.287639 0.422214 0.547785
-388 0.140928 0.244874 0.355231 0.458205
-386 0.123616 0.207772 0.297118 0.380487
-384 0.108843 0.17611 0.247525 0.314164
-382 0.0964357 0.149519 0.205877 0.258464
-380 0.0861786 0.127537 0.171446 0.212417
-378 0.0778287 0.109641 0.143416 0.174932
-376 0.0711337 0.0952929 0.120942 0.144876
-374 0.0658452 0.0839589 0.10319 0.121134
-372 0.061729 0.0751372 0.0893725 0.102655
-370 0.0585717 0.0683706 0.0787739 0.0884812
-368 0.0561846 0.0632547 0.0707608 0.0777648
-366 0.0544056 0.0594418 0.0647888 0.069778
-364 0.0530983 0.0566403 0.0604006 0.0639095
-362 0.0521513 0.0546106 0.0572215 0.0596578
-360 0.0514747 0.0531606 0.0549504 0.0566205
-358 0.0509981 0.052139 0.0533504 0.0544807
-356 0.0506669 0.0514293 0.0522386 0.0529939
-354 0.0504399 0.0509428 0.0514768 0.051975
-352 0.0502865 0.0506141 0.0509618 0.0512863
-350 0.0501842 0.0503949 0.0506185 0.0508271
-348 0.050117 0.0502507 0.0503926 0.0505251
-346 0.0500733 0.0501571 0.0502461 0.0503291
-344 0.0500454 0.0500972 0.0501523 0.0502036
-342 0.0500277 0.0500594 0.050093 0.0501244
-340 0.0500167 0.0500358 0.0500561 0.050075
-338 0.05001 0.0500213 0.0500334 0.0500447
-336 0.0500059 0.0500125 0.0500196 0.0500263
-334 0.0500034 0.0500073 0.0500114 0.0500152
-332 0.0500019 0.0500042 0.0500065 0.0500087
-330 0.0500011 0.0500024 0.0500037 0.0500049
-328 0.0500006 0.0500013 0.0500021 0.0500028
-326 0.0500003 0.0500007 0.0500011 0.0500015
-324 0.0500002 0.0500004 0.0500006 0.0500008
-322 0.0500001 0.0500002 0.0500003 0.0500004
-320 0.0500001 0.0500001 0.0500002 0.0500002
-318 0.05 0.0500001 0.0500001 0.0500001
-316 0.05 0.05 0.05 0.0500001
-314 0.05 0.05 0.05 0.05
-312 0.05 0.05 0.05 0.05
-310 0.05 0.05 0.05 0.05
-308 0.05 0.05 0.05 0.05
-306 0.05 0.05 0.05 0.05
-304 0.05 0.05 0.05 0.05
-302 0.05 0.05 0.05 0.05
-300 0.05 0.05 0.05 0.05
