f I
0 0.000311697
0.244141 0.000313014
0.488281 0.00031434
0.732422 0.000315675
0.976562 0.00031702
1.2207 0.000318375
1.46484 0.000319739
1.70898 0.000321113
1.95312 0.000322497
2.19727 0.000323892
2.44141 0.000325296
2.68555 0.00032671
2.92969 0.000328135
3.17383 0.000329571
3.41797 0.000331017
3.66211 0.000332473
3.90625 0.00033394
4.15039 0.000335419
4.39453 0.000336908
4.63867 0.000338408
4.88281 0.000339919
5.12695 0.000341442
5.37109 0.000342976
5.61523 0.000344522
5.85938 0.000346079
6.10352 0.000347648
6.34766 0.000349229
6.5918 0.000350822
6.83594 0.000352428
7.08008 0.000354045
7.32422 0.000355675
7.56836 0.000357317
7.8125 0.000358973
8.05664 0.00036064
8.30078 0.000362321
8.54492 0.000364015
8.78906 0.000365722
9.0332 0.000367443
9.27734 0.000369177
9.52148 0.000370924
9.76562 0.000372686
10.0098 0.000374461
10.2539 0.00037625
10.498 0.000378054
10.7422 0.000379872
10.9863 0.000381704
11.2305 0.000383551
11.4746 0.000385413
11.7188 0.000387291
11.9629 0.000389183
12.207 0.00039109
12.4512 0.000393013
12.6953 0.000394952
12.9395 0.000396907
13.1836 0.000398878
13.4277 0.000400865
13.6719 0.000402868
13.916 0.000404888
14.1602 0.000406924
14.4043 0.000408978
14.6484 0.000411049
14.8926 0.000413137
15.1367 0.000415243
15.3809 0.000417366
15.625 0.000419508
15.8691 0.000421667
16.1133 0.000423845
16.3574 0.000426042
16.6016 0.000428257
16.8457 0.000430491
17.0898 0.000432745
17.334 0.000435018
17.5781 0.00043731
17.8223 0.000439623
18.0664 0.000441956
18.3105 0.000444309
18.5547 0.000446683
18.7988 0.000449077
19.043 0.000451493
19.2871 0.00045393
19.5312 0.000456389
19.7754 0.00045887
20.0195 0.000461373
20.2637 0.000463898
20.5078 0.000466446
20.752 0.000469017
20.9961 0.000471611
21.2402 0.000474229
21.4844 0.000476871
21.7285 0.000479536
21.9727 0.000482227
22.2168 0.000484942
22.4609 0.000487682
22.7051 0.000490447
22.9492 0.000493238
23.1934 0.000496055
23.4375 0.000498899
23.6816 0.000501769
23.9258 0.000504666
24.1699 0.00050759
24.4141 0.000510543
24.6582 0.000513523
24.9023 0.000516531
25.1465 0.000519569
25.3906 0.000522636
25.6348 0.000525732
25.8789 0.000528858
26.123 0.000532014
26.3672 0.000535201
26.6113 0.00053842
26.8555 0.00054167
27.0996 0.000544951
27.3438 0.000548266
27.5879 0.000551613
27.832 0.000554993
28.0762 0.000558407
28.3203 0.000561855
28.5645 0.000565338
28.8086 0.000568856
29.0527 0.000572409
29.2969 0.000575999
29.541 0.000579625
29.7852 0.000583288
30.0293 0.000586989
30.2734 0.000590728
30.5176 0.000594506
30.7617 0.000598322
31.0059 0.000602179
31.25 0.000606076
31.4941 0.000610013
31.7383 0.000613993
31.9824 0.000618014
32.2266 0.000622078
32.4707 0.000626185
32.7148 0.000630336
32.959 0.000634531
33.2031 0.000638772
33.4473 0.000643058
33.6914 0.000647391
33.9355 0.000651772
34.1797 0.0006562
34.4238 0.000660676
34.668 0.000665202
34.9121 0.000669778
35.1562 0.000674405
35.4004 0.000679083
35.6445 0.000683814
35.8887 0.000688598
36.1328 0.000693436
36.377 0.000698328
36.6211 0.000703276
36.8652 0.000708281
37.1094 0.000713343
37.3535 0.000718463
37.5977 0.000723642
37.8418 0.000728882
38.0859 0.000734182
38.3301 0.000739544
38.5742 0.00074497
38.8184 0.000750459
39.0625 0.000756013
39.3066 0.000761633
39.5508 0.00076732
39.7949 0.000773076
40.0391 0.0007789
40.2832 0.000784795
40.5273 0.000790762
40.7715 0.000796801
41.0156 0.000802914
41.2598 0.000809103
41.5039 0.000815367
41.748 0.000821709
41.9922 0.000828131
42.2363 0.000834632
42.4805 0.000841215
42.7246 0.000847882
42.9688 0.000854632
43.2129 0.000861469
43.457 0.000868393
43.7012 0.000875406
43.9453 0.000882509
44.1895 0.000889704
44.4336 0.000896993
44.6777 0.000904377
44.9219 0.000911858
45.166 0.000919438
45.4102 0.000927118
45.6543 0.000934901
45.8984 0.000942787
46.1426 0.00095078
46.3867 0.00095888
46.6309 0.00096709
46.875 0.000975412
47.1191 0.000983848
47.3633 0.0009924
47.6074 0.00100107
47.8516 0.00100986
48.0957 0.00101877
48.3398 0.00102781
48.584 0.00103698
48.8281 0.00104627
49.0723 0.0010557
49.3164 0.00106526
49.5605 0.00107496
49.8047 0.0010848
50.0488 0.00109478
50.293 0.00110491
50.5371 0.00111519
50.7812 0.00112562
51.0254 0.0011362
51.2695 0.00114694
51.5137 0.00115784
51.7578 0.0011689
52.002 0.00118013
52.2461 0.00119154
52.4902 0.00120311
52.7344 0.00121487
52.9785 0.0012268
53.2227 0.00123892
53.4668 0.00125123
53.7109 0.00126373
53.9551 0.00127643
54.1992 0.00128934
54.4434 0.00130244
54.6875 0.00131576
54.9316 0.00132929
55.1758 0.00134304
55.4199 0.00135702
55.6641 0.00137122
55.9082 0.00138566
56.1523 0.00140033
56.3965 0.00141526
56.6406 0.00143043
56.8848 0.00144586
57.1289 0.00146155
57.373 0.0014775
57.6172 0.00149373
57.8613 0.00151024
58.1055 0.00152704
58.3496 0.00154413
58.5938 0.00156152
58.8379 0.00157922
59.082 0.00159723
59.3262 0.00161557
59.5703 0.00163423
59.8145 0.00165324
60.0586 0.00167259
60.3027 0.00169229
60.5469 0.00171236
60.791 0.0017328
61.0352 0.00175362
61.2793 0.00177483
61.5234 0.00179645
61.7676 0.00181847
62.0117 0.00184092
62.2559 0.0018638
62.5 0.00188713
62.7441 0.00191091
62.9883 0.00193516
63.2324 0.00195989
63.4766 0.00198512
63.7207 0.00201085
63.9648 0.0020371
64.209 0.00206388
64.4531 0.00209122
64.6973 0.00211912
64.9414 0.0021476
65.1855 0.00217667
65.4297 0.00220636
65.6738 0.00223668
65.918 0.00226765
66.1621 0.00229928
66.4062 0.0023316
66.6504 0.00236463
66.8945 0.00239839
67.1387 0.00243289
67.3828 0.00246817
67.627 0.00250424
67.8711 0.00254113
68.1152 0.00257887
68.3594 0.00261747
68.6035 0.00265697
68.8477 0.0026974
69.0918 0.00273878
69.3359 0.00278115
69.5801 0.00282453
69.8242 0.00286896
70.0684 0.00291447
70.3125 0.00296111
70.5566 0.0030089
70.8008 0.00305788
71.0449 0.0031081
71.2891 0.00315959
71.5332 0.00321241
71.7773 0.00326659
72.0215 0.00332219
72.2656 0.00337925
72.5098 0.00343782
72.7539 0.00349797
72.998 0.00355974
73.2422 0.00362319
73.4863 0.00368839
73.7305 0.00375541
73.9746 0.0038243
74.2188 0.00389515
74.4629 0.00396802
74.707 0.004043
74.9512 0.00412016
75.1953 0.00419959
75.4395 0.00428139
75.6836 0.00436564
75.9277 0.00445244
76.1719 0.00454191
76.416 0.00463414
76.6602 0.00472926
76.9043 0.00482739
77.1484 0.00492865
77.3926 0.00503319
77.6367 0.00514113
77.8809 0.00525264
78.125 0.00536787
78.3691 0.00548699
78.6133 0.00561017
78.8574 0.0057376
79.1016 0.00586949
79.3457 0.00600603
79.5898 0.00614746
79.834 0.00629401
80.0781 0.00644592
80.3223 0.00660346
80.5664 0.00676692
80.8105 0.00693659
81.0547 0.00711279
81.2988 0.00729587
81.543 0.00748617
81.7871 0.0076841
82.0312 0.00789005
82.2754 0.00810447
82.5195 0.00832783
82.7637 0.00856063
83.0078 0.00880341
83.252 0.00905675
83.4961 0.00932127
83.7402 0.00959762
83.9844 0.00988654
84.2285 0.0101888
84.4727 0.0105052
84.7168 0.0108367
84.9609 0.0111841
85.2051 0.0115487
85.4492 0.0119314
85.6934 0.0123336
85.9375 0.0127566
86.1816 0.0132017
86.4258 0.0136707
86.6699 0.0141651
86.9141 0.014687
87.1582 0.0152382
87.4023 0.0158211
87.6465 0.0164382
87.8906 0.0170921
88.1348 0.0177858
88.3789 0.0185226
88.623 0.0193061
88.8672 0.0201404
89.1113 0.0210297
89.3555 0.0219792
89.5996 0.0229943
89.8438 0.024081
90.0879 0.0252464
90.332 0.026498
90.5762 0.0278445
90.8203 0.0292957
91.0645 0.0308626
91.3086 0.0325576
91.5527 0.0343949
91.7969 0.0363908
92.041 0.0385636
92.2852 0.0409348
92.5293 0.0435287
92.7734 0.0463736
93.0176 0.0495025
93.2617 0.0529536
93.5059 0.0567717
93.75 0.0610096
93.9941 0.0657294
94.2383 0.071005
94.4824 0.0769245
94.7266 0.0835934
94.9707 0.0911389
95.2148 0.0997149
95.459 0.109509
95.7031 0.12075
95.9473 0.133721
96.1914 0.148771
96.4355 0.16633
96.6797 0.186937
96.9238 0.211256
97.168 0.240114
97.4121 0.274519
97.6562 0.315681
97.9004 0.364996
98.1445 0.423954
98.3887 0.493888
98.6328 0.57545
98.877 0.667636
99.1211 0.766335
99.3652 0.862778
99.6094 0.94319
99.8535 0.991601
100.098 0.99625
100.342 0.955919
100.586 0.880656
100.83 0.786181
101.074 0.687063
101.318 0.593117
101.562 0.509275
101.807 0.437032
102.051 0.375975
102.295 0.324851
102.539 0.282176
102.783 0.246524
103.027 0.216644
103.271 0.191489
103.516 0.170199
103.76 0.152077
104.004 0.136564
104.248 0.123209
104.492 0.111647
104.736 0.101584
104.98 0.0927811
105.225 0.0850436
105.469 0.078211
105.713 0.0721515
105.957 0.0667554
106.201 0.0619314
106.445 0.0576032
106.689 0.0537064
106.934 0.0501865
107.178 0.0469971
107.422 0.0440989
107.666 0.041458
107.91 0.0390451
108.154 0.0368351
108.398 0.0348061
108.643 0.0329392
108.887 0.0312177
109.131 0.029627
109.375 0.0281543
109.619 0.0267884
109.863 0.0255193
110.107 0.0243381
110.352 0.0232369
110.596 0.0222088
110.84 0.0212474
111.084 0.0203472
111.328 0.019503
111.572 0.0187105
111.816 0.0179654
112.061 0.0172641
112.305 0.0166032
112.549 0.0159798
112.793 0.015391
113.037 0.0148344
113.281 0.0143076
113.525 0.0138086
113.77 0.0133355
114.014 0.0128864
114.258 0.0124599
114.502 0.0120545
114.746 0.0116687
114.99 0.0113014
115.234 0.0109514
115.479 0.0106175
115.723 0.010299
115.967 0.00999475
116.211 0.00970401
116.455 0.00942599
116.699 0.00915994
116.943 0.00890521
117.188 0.00866115
117.432 0.00842719
117.676 0.00820277
117.92 0.0079874
118.164 0.00778058
118.408 0.00758189
118.652 0.00739089
118.896 0.0072072
119.141 0.00703045
119.385 0.00686031
119.629 0.00669644
119.873 0.00653855
120.117 0.00638634
120.361 0.00623956
120.605 0.00609794
120.85 0.00596126
121.094 0.00582928
121.338 0.00570179
121.582 0.0055786
121.826 0.00545951
122.07 0.00534434
122.314 0.00523294
122.559 0.00512513
122.803 0.00502076
123.047 0.00491969
123.291 0.00482179
123.535 0.00472692
123.779 0.00463497
124.023 0.0045458
124.268 0.00445933
124.512 0.00437543
124.756 0.00429401
125 0.00421497
125.244 0.00413822
125.488 0.00406368
125.732 0.00399126
125.977 0.00392089
126.221 0.00385248
126.465 0.00378597
126.709 0.00372129
126.953 0.00365838
127.197 0.00359716
127.441 0.00353758
127.686 0.00347959
127.93 0.00342313
128.174 0.00336814
128.418 0.00331458
128.662 0.0032624
128.906 0.00321155
129.15 0.003162
129.395 0.00311368
129.639 0.00306658
129.883 0.00302064
130.127 0.00297582
130.371 0.00293211
130.615 0.00288945
130.859 0.00284782
131.104 0.00280718
131.348 0.00276751
131.592 0.00272877
131.836 0.00269094
132.08 0.00265399
132.324 0.00261789
132.568 0.00258262
132.812 0.00254815
133.057 0.00251446
133.301 0.00248153
133.545 0.00244934
133.789 0.00241786
134.033 0.00238708
134.277 0.00235697
134.521 0.00232751
134.766 0.0022987
135.01 0.00227051
135.254 0.00224292
135.498 0.00221592
135.742 0.00218949
135.986 0.00216361
136.23 0.00213828
136.475 0.00211348
136.719 0.00208919
136.963 0.0020654
137.207 0.0020421
137.451 0.00201928
137.695 0.00199692
137.939 0.00197501
138.184 0.00195354
138.428 0.0019325
138.672 0.00191187
138.916 0.00189166
139.16 0.00187185
139.404 0.00185242
139.648 0.00183338
139.893 0.0018147
140.137 0.00179639
140.381 0.00177843
140.625 0.00176082
140.869 0.00174354
141.113 0.00172659
141.357 0.00170997
141.602 0.00169366
141.846 0.00167765
142.09 0.00166195
142.334 0.00164654
142.578 0.00163142
142.822 0.00161658
143.066 0.00160201
143.311 0.00158772
143.555 0.00157368
143.799 0.00155991
144.043 0.00154639
144.287 0.00153311
144.531 0.00152007
144.775 0.00150728
145.02 0.00149471
145.264 0.00148237
145.508 0.00147025
145.752 0.00145836
145.996 0.00144667
146.24 0.0014352
146.484 0.00142392
146.729 0.00141285
146.973 0.00140198
147.217 0.0013913
147.461 0.00138081
147.705 0.00137051
147.949 0.00136039
148.193 0.00135045
148.438 0.00134068
148.682 0.00133109
148.926 0.00132167
149.17 0.00131241
149.414 0.00130331
149.658 0.00129438
149.902 0.0012856
150.146 0.00127698
150.391 0.00126851
150.635 0.00126019
150.879 0.00125201
151.123 0.00124398
151.367 0.00123609
151.611 0.00122834
151.855 0.00122073
152.1 0.00121325
152.344 0.00120591
152.588 0.00119869
152.832 0.0011916
153.076 0.00118464
153.32 0.0011778
153.564 0.00117109
153.809 0.00116449
154.053 0.00115802
154.297 0.00115166
154.541 0.00114541
154.785 0.00113928
155.029 0.00113326
155.273 0.00112735
155.518 0.00112154
155.762 0.00111584
156.006 0.00111025
156.25 0.00110476
156.494 0.00109938
156.738 0.00109409
156.982 0.0010889
157.227 0.00108381
157.471 0.00107882
157.715 0.00107392
157.959 0.00106912
158.203 0.00106441
158.447 0.00105979
158.691 0.00105526
158.936 0.00105082
159.18 0.00104647
159.424 0.0010422
159.668 0.00103802
159.912 0.00103393
160.156 0.00102992
160.4 0.00102599
160.645 0.00102214
160.889 0.00101838
161.133 0.00101469
161.377 0.00101109
161.621 0.00100756
161.865 0.00100411
162.109 0.00100074
162.354 0.000997442
162.598 0.000994221
162.842 0.000991073
163.086 0.000987999
163.33 0.000984999
163.574 0.00098207
163.818 0.000979213
164.062 0.000976427
164.307 0.000973711
164.551 0.000971065
164.795 0.000968487
165.039 0.000965979
165.283 0.000963538
165.527 0.000961164
165.771 0.000958857
166.016 0.000956617
166.26 0.000954442
166.504 0.000952333
166.748 0.000950288
166.992 0.000948308
167.236 0.000946392
167.48 0.000944539
167.725 0.00094275
167.969 0.000941023
168.213 0.000939359
168.457 0.000937756
168.701 0.000936215
168.945 0.000934736
169.189 0.000933317
169.434 0.000931959
169.678 0.000930662
169.922 0.000929424
170.166 0.000928247
170.41 0.000927128
170.654 0.00092607
170.898 0.00092507
171.143 0.00092413
171.387 0.000923248
171.631 0.000922424
171.875 0.000921659
172.119 0.000920952
172.363 0.000920303
172.607 0.000919712
172.852 0.000919179
173.096 0.000918703
173.34 0.000918285
173.584 0.000917924
173.828 0.000917621
174.072 0.000917375
174.316 0.000917186
174.561 0.000917054
174.805 0.00091698
175.049 0.000916963
175.293 0.000917003
175.537 0.0009171
175.781 0.000917255
176.025 0.000917466
176.27 0.000917735
176.514 0.000918061
176.758 0.000918445
177.002 0.000918886
177.246 0.000919385
177.49 0.000919941
177.734 0.000920556
177.979 0.000921228
178.223 0.000921958
178.467 0.000922746
178.711 0.000923593
178.955 0.000924499
179.199 0.000925463
179.443 0.000926486
179.688 0.000927569
179.932 0.00092871
180.176 0.000929912
180.42 0.000931173
180.664 0.000932495
180.908 0.000933877
181.152 0.00093532
181.396 0.000936824
181.641 0.00093839
181.885 0.000940017
182.129 0.000941706
182.373 0.000943458
182.617 0.000945273
182.861 0.000947151
183.105 0.000949093
183.35 0.000951098
183.594 0.000953169
183.838 0.000955304
184.082 0.000957505
184.326 0.000959772
184.57 0.000962106
184.814 0.000964506
185.059 0.000966974
185.303 0.00096951
185.547 0.000972115
185.791 0.000974789
186.035 0.000977533
186.279 0.000980347
186.523 0.000983233
186.768 0.00098619
187.012 0.00098922
187.256 0.000992323
187.5 0.0009955
187.744 0.000998752
187.988 0.00100208
188.232 0.00100548
188.477 0.00100896
188.721 0.00101252
188.965 0.00101616
189.209 0.00101987
189.453 0.00102367
189.697 0.00102755
189.941 0.00103151
190.186 0.00103555
190.43 0.00103968
190.674 0.0010439
190.918 0.0010482
191.162 0.00105258
191.406 0.00105706
191.65 0.00106163
191.895 0.00106628
192.139 0.00107103
192.383 0.00107587
192.627 0.00108081
192.871 0.00108584
193.115 0.00109097
193.359 0.00109619
193.604 0.00110152
193.848 0.00110695
194.092 0.00111248
194.336 0.00111811
194.58 0.00112385
194.824 0.0011297
195.068 0.00113565
195.312 0.00114172
195.557 0.0011479
195.801 0.00115419
196.045 0.00116059
196.289 0.00116712
196.533 0.00117376
196.777 0.00118052
197.021 0.00118741
197.266 0.00119442
197.51 0.00120156
197.754 0.00120883
197.998 0.00121623
198.242 0.00122376
198.486 0.00123143
198.73 0.00123923
198.975 0.00124718
199.219 0.00125526
199.463 0.0012635
199.707 0.00127188
199.951 0.00128041
200.195 0.00128909
200.439 0.00129793
200.684 0.00130693
200.928 0.00131609
201.172 0.00132542
201.416 0.00133491
201.66 0.00134457
201.904 0.0013544
202.148 0.00136442
202.393 0.00137461
202.637 0.00138499
202.881 0.00139555
203.125 0.00140631
203.369 0.00141726
203.613 0.00142841
203.857 0.00143976
204.102 0.00145132
204.346 0.00146309
204.59 0.00147507
204.834 0.00148728
205.078 0.00149971
205.322 0.00151237
205.566 0.00152526
205.811 0.00153839
206.055 0.00155176
206.299 0.00156539
206.543 0.00157927
206.787 0.0015934
207.031 0.00160781
207.275 0.00162248
207.52 0.00163743
207.764 0.00165267
208.008 0.00166819
208.252 0.00168402
208.496 0.00170014
208.74 0.00171658
208.984 0.00173333
209.229 0.00175041
209.473 0.00176782
209.717 0.00178557
209.961 0.00180367
210.205 0.00182213
210.449 0.00184095
210.693 0.00186015
210.938 0.00187973
211.182 0.0018997
211.426 0.00192007
211.67 0.00194086
211.914 0.00196207
212.158 0.00198372
212.402 0.00200581
212.646 0.00202835
212.891 0.00205137
213.135 0.00207486
213.379 0.00209885
213.623 0.00212334
213.867 0.00214835
214.111 0.0021739
214.355 0.00219999
214.6 0.00222665
214.844 0.00225388
215.088 0.00228171
215.332 0.00231015
215.576 0.00233922
215.82 0.00236893
216.064 0.00239931
216.309 0.00243037
216.553 0.00246213
216.797 0.00249462
217.041 0.00252785
217.285 0.00256184
217.529 0.00259663
217.773 0.00263223
218.018 0.00266867
218.262 0.00270597
218.506 0.00274416
218.75 0.00278327
218.994 0.00282332
219.238 0.00286435
219.482 0.00290639
219.727 0.00294947
219.971 0.00299362
220.215 0.00303887
220.459 0.00308528
220.703 0.00313286
220.947 0.00318167
221.191 0.00323174
221.436 0.00328311
221.68 0.00333584
221.924 0.00338996
222.168 0.00344553
222.412 0.0035026
222.656 0.00356122
222.9 0.00362145
223.145 0.00368334
223.389 0.00374695
223.633 0.00381236
223.877 0.00387961
224.121 0.0039488
224.365 0.00401998
224.609 0.00409324
224.854 0.00416865
225.098 0.0042463
225.342 0.00432628
225.586 0.00440868
225.83 0.0044936
226.074 0.00458114
226.318 0.00467141
226.562 0.00476451
226.807 0.00486058
227.051 0.00495973
227.295 0.0050621
227.539 0.00516783
227.783 0.00527706
228.027 0.00538995
228.271 0.00550666
228.516 0.00562737
228.76 0.00575226
229.004 0.00588152
229.248 0.00601535
229.492 0.00615398
229.736 0.00629764
229.98 0.00644656
230.225 0.00660101
230.469 0.00676125
230.713 0.0069276
230.957 0.00710034
231.201 0.00727982
231.445 0.00746639
231.689 0.00766042
231.934 0.00786231
232.178 0.00807249
232.422 0.00829143
232.666 0.0085196
232.91 0.00875753
233.154 0.00900578
233.398 0.00926497
233.643 0.00953572
233.887 0.00981874
234.131 0.0101148
234.375 0.0104246
234.619 0.0107492
234.863 0.0110894
235.107 0.0114462
235.352 0.0118207
235.596 0.0122142
235.84 0.0126279
236.084 0.0130633
236.328 0.0135217
236.572 0.014005
236.816 0.0145149
237.061 0.0150533
237.305 0.0156225
237.549 0.0162249
237.793 0.0168629
238.037 0.0175396
238.281 0.018258
238.525 0.0190216
238.77 0.0198343
239.014 0.0207003
239.258 0.0216243
239.502 0.0226117
239.746 0.0236683
239.99 0.0248006
240.234 0.0260159
240.479 0.0273227
240.723 0.02873
240.967 0.0302484
241.211 0.0318898
241.455 0.0336676
241.699 0.0355973
241.943 0.0376962
242.188 0.0399845
242.432 0.0424854
242.676 0.0452256
242.92 0.0482359
243.164 0.0515523
243.408 0.0552171
243.652 0.0592794
243.896 0.0637975
244.141 0.0688404
244.385 0.07449
244.629 0.0808445
244.873 0.0880217
245.117 0.0961643
245.361 0.105445
245.605 0.116076
245.85 0.128317
246.094 0.142488
246.338 0.158984
246.582 0.178299
246.826 0.201043
247.07 0.227975
247.314 0.260026
247.559 0.298326
247.803 0.344203
248.047 0.399126
248.291 0.464536
248.535 0.541446
248.779 0.629664
249.023 0.726519
249.268 0.825257
249.512 0.913985
249.756 0.977013
250 1
250.244 0.977013
250.488 0.913984
250.732 0.825255
250.977 0.726517
251.221 0.62966
251.465 0.541442
251.709 0.464531
251.953 0.39912
252.197 0.344196
252.441 0.298319
252.686 0.260018
252.93 0.227966
253.174 0.201034
253.418 0.178289
253.662 0.158973
253.906 0.142476
254.15 0.128305
254.395 0.116063
254.639 0.105431
254.883 0.0961496
255.127 0.0880063
255.371 0.0808284
255.615 0.0744732
255.859 0.0688228
256.104 0.0637792
256.348 0.0592603
256.592 0.0551973
256.836 0.0515318
257.08 0.0482146
257.324 0.0452035
257.568 0.0424627
257.812 0.0399611
258.057 0.037672
258.301 0.0355723
258.545 0.0336419
258.789 0.0318633
259.033 0.0302212
259.277 0.028702
259.521 0.0272939
259.766 0.0259865
260.01 0.0247704
260.254 0.0236373
260.498 0.02258
260.742 0.0215919
260.986 0.0206671
261.23 0.0198003
261.475 0.0189869
261.719 0.0182225
261.963 0.0175034
262.207 0.0168259
262.451 0.0161871
262.695 0.015584
262.939 0.015014
263.184 0.0144748
263.428 0.0139642
263.672 0.0134801
263.916 0.0130209
264.16 0.0125848
264.404 0.0121703
264.648 0.0117761
264.893 0.0114008
265.137 0.0110432
265.381 0.0107022
265.625 0.0103769
265.869 0.0100662
266.113 0.00976942
266.357 0.00948561
266.602 0.00921408
266.846 0.00895411
267.09 0.00870507
267.334 0.00846634
267.578 0.00823738
267.822 0.00801766
268.066 0.00780668
268.311 0.00760399
268.555 0.00740916
268.799 0.00722179
269.043 0.00704151
269.287 0.00686796
269.531 0.00670081
269.775 0.00653975
270.02 0.00638449
270.264 0.00623476
270.508 0.00609029
270.752 0.00595084
270.996 0.00581619
271.24 0.00568611
271.484 0.0055604
271.729 0.00543886
271.973 0.00532132
272.217 0.0052076
272.461 0.00509753
272.705 0.00499097
272.949 0.00488776
273.193 0.00478777
273.438 0.00469086
273.682 0.00459691
273.926 0.0045058
274.17 0.00441741
274.414 0.00433164
274.658 0.00424838
274.902 0.00416754
275.146 0.00408903
275.391 0.00401275
275.635 0.00393863
275.879 0.00386657
276.123 0.00379652
276.367 0.00372838
276.611 0.0036621
276.855 0.0035976
277.1 0.00353483
277.344 0.00347372
277.588 0.00341421
277.832 0.00335625
278.076 0.00329978
278.32 0.00324475
278.564 0.00319112
278.809 0.00313884
279.053 0.00308786
279.297 0.00303814
279.541 0.00298964
279.785 0.00294232
280.029 0.00289614
280.273 0.00285106
280.518 0.00280705
280.762 0.00276408
281.006 0.00272211
281.25 0.00268112
281.494 0.00264106
281.738 0.00260192
281.982 0.00256367
282.227 0.00252628
282.471 0.00248972
282.715 0.00245397
282.959 0.002419
283.203 0.0023848
283.447 0.00235134
283.691 0.00231859
283.936 0.00228655
284.18 0.00225518
284.424 0.00222448
284.668 0.00219441
284.912 0.00216497
285.156 0.00213613
285.4 0.00210789
285.645 0.00208022
285.889 0.0020531
286.133 0.00202653
286.377 0.00200049
286.621 0.00197497
286.865 0.00194994
287.109 0.0019254
287.354 0.00190134
287.598 0.00187774
287.842 0.0018546
288.086 0.00183189
288.33 0.00180961
288.574 0.00178775
288.818 0.0017663
289.062 0.00174524
289.307 0.00172457
289.551 0.00170429
289.795 0.00168436
290.039 0.0016648
290.283 0.00164559
290.527 0.00162673
290.771 0.00160819
291.016 0.00158999
291.26 0.0015721
291.504 0.00155453
291.748 0.00153726
291.992 0.00152029
292.236 0.00150361
292.48 0.00148721
292.725 0.00147109
292.969 0.00145524
293.213 0.00143965
293.457 0.00142433
293.701 0.00140926
293.945 0.00139444
294.189 0.00137985
294.434 0.00136551
294.678 0.0013514
294.922 0.00133751
295.166 0.00132385
295.41 0.00131041
295.654 0.00129717
295.898 0.00128415
296.143 0.00127133
296.387 0.00125871
296.631 0.00124629
296.875 0.00123405
297.119 0.00122201
297.363 0.00121014
297.607 0.00119846
297.852 0.00118695
298.096 0.00117562
298.34 0.00116446
298.584 0.00115346
298.828 0.00114262
299.072 0.00113195
299.316 0.00112143
299.561 0.00111106
299.805 0.00110084
300.049 0.00109077
300.293 0.00108085
300.537 0.00107107
300.781 0.00106142
301.025 0.00105191
301.27 0.00104254
301.514 0.0010333
301.758 0.00102418
302.002 0.00101519
302.246 0.00100633
302.49 0.000997588
302.734 0.000988965
302.979 0.00098046
303.223 0.00097207
303.467 0.000963793
303.711 0.000955627
303.955 0.00094757
304.199 0.00093962
304.443 0.000931775
304.688 0.000924034
304.932 0.000916394
305.176 0.000908854
305.42 0.000901412
305.664 0.000894066
305.908 0.000886815
306.152 0.000879657
306.396 0.00087259
306.641 0.000865613
306.885 0.000858724
307.129 0.000851922
307.373 0.000845205
307.617 0.000838572
307.861 0.000832022
308.105 0.000825553
308.35 0.000819163
308.594 0.000812852
308.838 0.000806618
309.082 0.00080046
309.326 0.000794377
309.57 0.000788367
309.814 0.000782429
310.059 0.000776562
310.303 0.000770765
310.547 0.000765037
310.791 0.000759377
311.035 0.000753784
311.279 0.000748255
311.523 0.000742792
311.768 0.000737392
312.012 0.000732055
312.256 0.000726779
312.5 0.000721564
312.744 0.000716408
312.988 0.000711311
313.232 0.000706272
313.477 0.00070129
313.721 0.000696365
313.965 0.000691494
314.209 0.000686678
314.453 0.000681915
314.697 0.000677206
314.941 0.000672548
315.186 0.000667942
315.43 0.000663386
315.674 0.00065888
315.918 0.000654423
316.162 0.000650014
316.406 0.000645653
316.65 0.000641338
316.895 0.00063707
317.139 0.000632848
317.383 0.00062867
317.627 0.000624537
317.871 0.000620447
318.115 0.0006164
318.359 0.000612396
318.604 0.000608433
318.848 0.000604512
319.092 0.000600631
319.336 0.000596791
319.58 0.00059299
319.824 0.000589228
320.068 0.000585504
320.312 0.000581818
320.557 0.00057817
320.801 0.000574559
321.045 0.000570984
321.289 0.000567444
321.533 0.000563941
321.777 0.000560472
322.021 0.000557037
322.266 0.000553637
322.51 0.00055027
322.754 0.000546936
322.998 0.000543635
323.242 0.000540366
323.486 0.000537129
323.73 0.000533923
323.975 0.000530748
324.219 0.000527604
324.463 0.00052449
324.707 0.000521405
324.951 0.00051835
325.195 0.000515325
325.439 0.000512327
325.684 0.000509358
325.928 0.000506417
326.172 0.000503504
326.416 0.000500617
326.66 0.000497758
326.904 0.000494925
327.148 0.000492119
327.393 0.000489338
327.637 0.000486583
327.881 0.000483853
328.125 0.000481148
328.369 0.000478467
328.613 0.000475811
328.857 0.000473179
329.102 0.000470571
329.346 0.000467986
329.59 0.000465424
329.834 0.000462885
330.078 0.000460369
330.322 0.000457875
330.566 0.000455403
330.811 0.000452953
331.055 0.000450524
331.299 0.000448117
331.543 0.000445731
331.787 0.000443365
332.031 0.00044102
332.275 0.000438695
332.52 0.000436391
332.764 0.000434106
333.008 0.000431841
333.252 0.000429595
333.496 0.000427368
333.74 0.000425161
333.984 0.000422972
334.229 0.000420801
334.473 0.000418649
334.717 0.000416515
334.961 0.000414398
335.205 0.0004123
335.449 0.000410219
335.693 0.000408155
335.938 0.000406108
336.182 0.000404078
336.426 0.000402065
336.67 0.000400068
336.914 0.000398087
337.158 0.000396123
337.402 0.000394175
337.646 0.000392242
337.891 0.000390325
338.135 0.000388424
338.379 0.000386538
338.623 0.000384667
338.867 0.000382811
339.111 0.000380969
339.355 0.000379143
339.6 0.000377331
339.844 0.000375533
340.088 0.000373749
340.332 0.000371979
340.576 0.000370224
340.82 0.000368481
341.064 0.000366753
341.309 0.000365038
341.553 0.000363336
341.797 0.000361647
342.041 0.000359972
342.285 0.000358309
342.529 0.000356659
342.773 0.000355022
343.018 0.000353397
343.262 0.000351784
343.506 0.000350184
343.75 0.000348596
343.994 0.000347019
344.238 0.000345455
344.482 0.000343902
344.727 0.000342361
344.971 0.000340832
345.215 0.000339313
345.459 0.000337806
345.703 0.000336311
345.947 0.000334826
346.191 0.000333352
346.436 0.000331889
346.68 0.000330437
346.924 0.000328995
347.168 0.000327564
347.412 0.000326143
347.656 0.000324733
347.9 0.000323333
348.145 0.000321942
348.389 0.000320562
348.633 0.000319192
348.877 0.000317832
349.121 0.000316481
349.365 0.00031514
349.609 0.000313808
349.854 0.000312486
