c_mM kappa
0 0
0.2 0.014
0.4 0.028
0.6 0.042
0.8 0.056
1 0.07
1.2 0.084
1.4 0.098
1.6 0.112
1.8 0.126
2 0.14
2.2 0.154
2.4 0.168
2.6 0.182
2.8 0.196
3 0.21
3.2 0.224
3.4 0.238
3.6 0.252
3.8 0.266
4 0.28
4.2 0.294
4.4 0.308
4.6 0.322
4.8 0.336
5 0.35
5.2 0.364
5.4 0.378
5.6 0.392
5.8 0.406
6 0.42
6.2 0.434
6.4 0.448
6.6 0.462
6.8 0.476
7 0.49
7.2 0.504
7.4 0.518
7.6 0.532
7.8 0.546
8 0.56
8.2 0.574
8.4 0.5796
8.6 0.5852
8.8 0.5908
9 0.5964
9.2 0.602
9.4 0.6076
9.6 0.6132
9.8 0.6188
10 0.6244
10.2 0.63
10.4 0.6356
10.6 0.6412
10.8 0.6468
11 0.6524
11.2 0.658
11.4 0.6636
11.6 0.6692
11.8 0.6748
12 0.6804
12.2 0.686
12.4 0.6916
12.6 0.6972
12.8 0.7028
13 0.7084
13.2 0.714
13.4 0.7196
13.6 0.7252
13.8 0.7308
14 0.7364
14.2 0.742
14.4 0.7476
14.6 0.7532
14.8 0.7588
15 0.7644
15.2 0.77
15.4 0.7756
15.6 0.7812
15.8 0.7868
16 0.7924
16.2 0.798
16.4 0.8036
16.6 0.8092
16.8 0.8148
17 0.8204
17.2 0.826
17.4 0.8316
17.6 0.8372
17.8 0.8428
18 0.8484
18.2 0.854
18.4 0.8596
18.6 0.8652
18.8 0.8708
19 0.8764
19.2 0.882
19.4 0.8876
19.6 0.8932
19.8 0.8988
20 0.9044
