x p1 p2 p3 p4 d1 d2 d3 d4
0 1 4 9 16 1 4 9 16
0.005 1.01999 4.03998 9.05996 16.0799 1.00044 4.00178 9.00399 16.0071
0.01 1.03998 4.07992 9.11978 16.1595 1.00178 4.0071 9.01594 16.0283
0.015 1.05996 4.11978 9.17934 16.2385 1.00399 4.01594 9.03574 16.0632
0.02 1.07992 4.15952 9.2385 16.3165 1.0071 4.02828 9.0632 16.1113
0.025 1.09986 4.19911 9.29713 16.3933 1.01108 4.04405 9.09809 16.1719
0.03 1.11978 4.2385 9.3551 16.4685 1.01594 4.0632 9.1401 16.2439
0.035 1.13967 4.27765 9.41228 16.5419 1.02167 4.08566 9.18886 16.3263
0.04 1.15952 4.31653 9.46855 16.6132 1.02828 4.11132 9.24393 16.4178
0.045 1.17934 4.3551 9.52377 16.682 1.03574 4.1401 9.30482 16.5168
0.05 1.19911 4.39331 9.57784 16.7481 1.04405 4.17188 9.37099 16.6219
0.055 1.21883 4.43114 9.63062 16.8113 1.05321 4.20654 9.44186 16.7314
0.06 1.2385 4.46855 9.682 16.8713 1.0632 4.24393 9.5168 16.8435
0.065 1.25811 4.50549 9.73186 16.9278 1.07402 4.28391 9.59514 16.9565
0.07 1.27765 4.54193 9.7801 16.9807 1.08566 4.32632 9.67618 17.0686
0.075 1.29713 4.57784 9.82661 17.0297 1.09809 4.37099 9.75921 17.1781
0.08 1.31653 4.61317 9.87129 17.0747 1.11132 4.41776 9.84349 17.2832
0.085 1.33586 4.6479 9.91403 17.1154 1.12533 4.46642 9.92827 17.3822
0.09 1.3551 4.682 9.95474 17.1517 1.1401 4.5168 10.0128 17.4737
0.095 1.37425 4.71542 9.99333 17.1834 1.15563 4.56869 10.0963 17.5561
0.1 1.39331 4.74813 10.0297 17.2105 1.17188 4.62188 10.1781 17.6281
0.105 1.41228 4.7801 10.0638 17.2328 1.18886 4.67618 10.2574 17.6887
0.11 1.43114 4.81131 10.0955 17.2502 1.20654 4.73136 10.3336 17.7368
0.115 1.4499 4.84171 10.1249 17.2628 1.2249 4.7872 10.4059 17.7717
0.12 1.46855 4.87129 10.1517 17.2703 1.24393 4.84349 10.4737 17.7929
0.125 1.48708 4.9 10.1759 17.2728 1.2636 4.9 10.5364 17.8
0.13 1.50549 4.92783 10.1975 17.2703 1.28391 4.95651 10.5935 17.7929
0.135 1.52377 4.95474 10.2165 17.2628 1.30482 5.0128 10.6444 17.7717
0.14 1.54193 4.9807 10.2328 17.2502 1.32632 5.06864 10.6887 17.7368
0.145 1.55995 5.0057 10.2463 17.2328 1.34838 5.12382 10.726 17.6887
0.15 1.57784 5.02971 10.2571 17.2105 1.37099 5.17812 10.756 17.6281
0.155 1.59558 5.0527 10.2651 17.1834 1.39412 5.23131 10.7783 17.5561
0.16 1.61317 5.07465 10.2703 17.1517 1.41776 5.2832 10.7929 17.4737
0.165 1.63062 5.09555 10.2726 17.1154 1.44186 5.33358 10.7996 17.3822
0.17 1.6479 5.11536 10.2722 17.0747 1.46642 5.38224 10.7982 17.2832
0.175 1.66503 5.13407 10.2689 17.0297 1.49141 5.42901 10.7889 17.1781
0.18 1.682 5.15166 10.2628 16.9807 1.5168 5.47368 10.7717 17.0686
0.185 1.69879 5.16811 10.2538 16.9278 1.54257 5.51609 10.7468 16.9565
0.19 1.71542 5.18341 10.2421 16.8713 1.56869 5.55607 10.7143 16.8435
0.195 1.73186 5.19755 10.2277 16.8113 1.59514 5.59346 10.6747 16.7314
0.2 1.74813 5.2105 10.2105 16.7481 1.62188 5.62812 10.6281 16.6219
0.205 1.76421 5.22225 10.1906 16.682 1.64891 5.6599 10.5751 16.5168
0.21 1.7801 5.23281 10.1681 16.6132 1.67618 5.68868 10.5161 16.4178
0.215 1.7958 5.24214 10.143 16.5419 1.70367 5.71434 10.4516 16.3263
0.22 1.81131 5.25025 10.1154 16.4685 1.73136 5.7368 10.3822 16.2439
0.225 1.82661 5.25712 10.0852 16.3933 1.75921 5.75595 10.3086 16.1719
0.23 1.84171 5.26276 10.0527 16.3165 1.7872 5.77172 10.2313 16.1113
0.235 1.85661 5.26714 10.0178 16.2385 1.8153 5.78406 10.1511 16.0632
0.24 1.87129 5.27028 9.9807 16.1595 1.84349 5.7929 10.0686 16.0283
0.245 1.88575 5.27216 9.9414 16.0799 1.87173 5.79822 9.9847 16.0071
0.25 1.9 5.27279 9.9 16 1.9 5.8 9.9 16
0.255 1.91403 5.27216 9.85661 15.9201 1.92827 5.79822 9.8153 16.0071
0.26 1.92783 5.27028 9.81131 15.8405 1.95651 5.7929 9.73136 16.0283
0.265 1.9414 5.26714 9.76421 15.7615 1.9847 5.78406 9.64891 16.0632
0.27 1.95474 5.26276 9.71542 15.6835 2.0128 5.77172 9.56869 16.1113
0.275 1.96784 5.25712 9.66503 15.6067 2.04079 5.75595 9.49141 16.1719
0.28 1.9807 5.25025 9.61317 15.5315 2.06864 5.7368 9.41776 16.2439
0.285 1.99333 5.24214 9.55995 15.4581 2.09633 5.71434 9.34838 16.3263
0.29 2.0057 5.23281 9.50549 15.3868 2.12382 5.68868 9.28391 16.4178
0.295 2.01783 5.22225 9.4499 15.318 2.15109 5.6599 9.2249 16.5168
0.3 2.02971 5.2105 9.39331 15.2519 2.17812 5.62812 9.17188 16.6219
0.305 2.04133 5.19755 9.33586 15.1887 2.20486 5.59346 9.12533 16.7314
0.31 2.0527 5.18341 9.27765 15.1287 2.23131 5.55607 9.08566 16.8435
0.315 2.06381 5.16811 9.21883 15.0722 2.25743 5.51609 9.05321 16.9565
0.32 2.07465 5.15166 9.15952 15.0193 2.2832 5.47368 9.02828 17.0686
0.325 2.08523 5.13407 9.09986 14.9703 2.30859 5.42901 9.01108 17.1781
0.33 2.09555 5.11536 9.03998 14.9253 2.33358 5.38224 9.00178 17.2832
0.335 2.10559 5.09555 8.98001 14.8846 2.35814 5.33358 9.00044 17.3822
0.34 2.11536 5.07465 8.92008 14.8483 2.38224 5.2832 9.0071 17.4737
0.345 2.12485 5.0527 8.86033 14.8166 2.40588 5.23131 9.02167 17.5561
0.35 2.13407 5.02971 8.80089 14.7895 2.42901 5.17812 9.04405 17.6281
0.355 2.143 5.0057 8.74189 14.7672 2.45162 5.12382 9.07402 17.6887
0.36 2.15166 4.9807 8.68347 14.7498 2.47368 5.06864 9.11132 17.7368
0.365 2.16003 4.95474 8.62575 14.7372 2.49518 5.0128 9.15563 17.7717
0.37 2.16811 4.92783 8.56886 14.7297 2.51609 4.95651 9.20654 17.7929
0.375 2.17591 4.9 8.51292 14.7272 2.5364 4.9 9.2636 17.8
0.38 2.18341 4.87129 8.45807 14.7297 2.55607 4.84349 9.32632 17.7929
0.385 2.19063 4.84171 8.40442 14.7372 2.5751 4.7872 9.39412 17.7717
0.39 2.19755 4.81131 8.3521 14.7498 2.59346 4.73136 9.46642 17.7368
0.395 2.20417 4.7801 8.30121 14.7672 2.61114 4.67618 9.54257 17.6887
0.4 2.2105 4.74813 8.25187 14.7895 2.62812 4.62188 9.62188 17.6281
0.405 2.21653 4.71542 8.2042 14.8166 2.64437 4.56869 9.70367 17.5561
0.41 2.22225 4.682 8.15829 14.8483 2.6599 4.5168 9.7872 17.4737
0.415 2.22768 4.6479 8.11425 14.8846 2.67467 4.46642 9.87173 17.3822
0.42 2.23281 4.61317 8.07217 14.9253 2.68868 4.41776 9.95651 17.2832
0.425 2.23762 4.57784 8.03216 14.9703 2.70191 4.37099 10.0408 17.1781
0.43 2.24214 4.54193 7.9943 15.0193 2.71434 4.32632 10.1238 17.0686
0.435 2.24635 4.50549 7.95867 15.0722 2.72598 4.28391 10.2049 16.9565
0.44 2.25025 4.46855 7.92535 15.1287 2.7368 4.24393 10.2832 16.8435
0.445 2.25384 4.43114 7.89441 15.1887 2.74679 4.20654 10.3581 16.7314
0.45 2.25712 4.39331 7.86593 15.2519 2.75595 4.17188 10.429 16.6219
0.455 2.26009 4.3551 7.83997 15.318 2.76426 4.1401 10.4952 16.5168
0.46 2.26276 4.31653 7.81659 15.3868 2.77172 4.11132 10.5561 16.4178
0.465 2.26511 4.27765 7.79583 15.4581 2.77833 4.08566 10.6111 16.3263
0.47 2.26714 4.2385 7.77775 15.5315 2.78406 4.0632 10.6599 16.2439
0.475 2.26887 4.19911 7.76238 15.6067 2.78892 4.04405 10.7019 16.1719
0.48 2.27028 4.15952 7.74975 15.6835 2.7929 4.02828 10.7368 16.1113
0.485 2.27138 4.11978 7.73991 15.7615 2.79601 4.01594 10.7643 16.0632
0.49 2.27216 4.07992 7.73286 15.8405 2.79822 4.0071 10.7841 16.0283
0.495 2.27264 4.03998 7.72862 15.9201 2.79956 4.00178 10.796 16.0071
0.5 2.27279 4 7.72721 16 2.8 4 10.8 16
0.505 2.27264 3.96002 7.72862 16.0799 2.79956 4.00178 10.796 16.0071
0.51 2.27216 3.92008 7.73286 16.1595 2.79822 4.0071 10.7841 16.0283
0.515 2.27138 3.88022 7.73991 16.2385 2.79601 4.01594 10.7643 16.0632
0.52 2.27028 3.84048 7.74975 16.3165 2.7929 4.02828 10.7368 16.1113
0.525 2.26887 3.80089 7.76238 16.3933 2.78892 4.04405 10.7019 16.1719
0.53 2.26714 3.7615 7.77775 16.4685 2.78406 4.0632 10.6599 16.2439
0.535 2.26511 3.72235 7.79583 16.5419 2.77833 4.08566 10.6111 16.3263
0.54 2.26276 3.68347 7.81659 16.6132 2.77172 4.11132 10.5561 16.4178
0.545 2.26009 3.6449 7.83997 16.682 2.76426 4.1401 10.4952 16.5168
0.55 2.25712 3.60669 7.86593 16.7481 2.75595 4.17188 10.429 16.6219
0.555 2.25384 3.56886 7.89441 16.8113 2.74679 4.20654 10.3581 16.7314
0.56 2.25025 3.53145 7.92535 16.8713 2.7368 4.24393 10.2832 16.8435
0.565 2.24635 3.49451 7.95867 16.9278 2.72598 4.28391 10.2049 16.9565
0.57 2.24214 3.45807 7.9943 16.9807 2.71434 4.32632 10.1238 17.0686
0.575 2.23762 3.42216 8.03216 17.0297 2.70191 4.37099 10.0408 17.1781
0.58 2.23281 3.38683 8.07217 17.0747 2.68868 4.41776 9.95651 17.2832
0.585 2.22768 3.3521 8.11425 17.1154 2.67467 4.46642 9.87173 17.3822
0.59 2.22225 3.318 8.15829 17.1517 2.6599 4.5168 9.7872 17.4737
0.595 2.21653 3.28458 8.2042 17.1834 2.64437 4.56869 9.70367 17.5561
0.6 2.2105 3.25187 8.25187 17.2105 2.62812 4.62188 9.62188 17.6281
0.605 2.20417 3.2199 8.30121 17.2328 2.61114 4.67618 9.54257 17.6887
0.61 2.19755 3.18869 8.3521 17.2502 2.59346 4.73136 9.46642 17.7368
0.615 2.19063 3.15829 8.40442 17.2628 2.5751 4.7872 9.39412 17.7717
0.62 2.18341 3.12871 8.45807 17.2703 2.55607 4.84349 9.32632 17.7929
0.625 2.17591 3.1 8.51292 17.2728 2.5364 4.9 9.2636 17.8
0.63 2.16811 3.07217 8.56886 17.2703 2.51609 4.95651 9.20654 17.7929
0.635 2.16003 3.04526 8.62575 17.2628 2.49518 5.0128 9.15563 17.7717
0.64 2.15166 3.0193 8.68347 17.2502 2.47368 5.06864 9.11132 17.7368
0.645 2.143 2.9943 8.74189 17.2328 2.45162 5.12382 9.07402 17.6887
0.65 2.13407 2.97029 8.80089 17.2105 2.42901 5.17812 9.04405 17.6281
0.655 2.12485 2.9473 8.86033 17.1834 2.40588 5.23131 9.02167 17.5561
0.66 2.11536 2.92535 8.92008 17.1517 2.38224 5.2832 9.0071 17.4737
0.665 2.10559 2.90445 8.98001 17.1154 2.35814 5.33358 9.00044 17.3822
0.67 2.09555 2.88464 9.03998 17.0747 2.33358 5.38224 9.00178 17.2832
0.675 2.08523 2.86593 9.09986 17.0297 2.30859 5.42901 9.01108 17.1781
0.68 2.07465 2.84834 9.15952 16.9807 2.2832 5.47368 9.02828 17.0686
0.685 2.06381 2.83189 9.21883 16.9278 2.25743 5.51609 9.05321 16.9565
0.69 2.0527 2.81659 9.27765 16.8713 2.23131 5.55607 9.08566 16.8435
0.695 2.04133 2.80245 9.33586 16.8113 2.20486 5.59346 9.12533 16.7314
0.7 2.02971 2.7895 9.39331 16.7481 2.17812 5.62812 9.17188 16.6219
0.705 2.01783 2.77775 9.4499 16.682 2.15109 5.6599 9.2249 16.5168
0.71 2.0057 2.76719 9.50549 16.6132 2.12382 5.68868 9.28391 16.4178
0.715 1.99333 2.75786 9.55995 16.5419 2.09633 5.71434 9.34838 16.3263
0.72 1.9807 2.74975 9.61317 16.4685 2.06864 5.7368 9.41776 16.2439
0.725 1.96784 2.74288 9.66503 16.3933 2.04079 5.75595 9.49141 16.1719
0.73 1.95474 2.73724 9.71542 16.3165 2.0128 5.77172 9.56869 16.1113
0.735 1.9414 2.73286 9.76421 16.2385 1.9847 5.78406 9.64891 16.0632
0.74 1.92783 2.72972 9.81131 16.1595 1.95651 5.7929 9.73136 16.0283
0.745 1.91403 2.72784 9.85661 16.0799 1.92827 5.79822 9.8153 16.0071
0.75 1.9 2.72721 9.9 16 1.9 5.8 9.9 16
0.755 1.88575 2.72784 9.9414 15.9201 1.87173 5.79822 9.9847 16.0071
0.76 1.87129 2.72972 9.9807 15.8405 1.84349 5.7929 10.0686 16.0283
0.765 1.85661 2.73286 10.0178 15.7615 1.8153 5.78406 10.1511 16.0632
0.77 1.84171 2.73724 10.0527 15.6835 1.7872 5.77172 10.2313 16.1113
0.775 1.82661 2.74288 10.0852 15.6067 1.75921 5.75595 10.3086 16.1719
0.78 1.81131 2.74975 10.1154 15.5315 1.73136 5.7368 10.3822 16.2439
0.785 1.7958 2.75786 10.143 15.4581 1.70367 5.71434 10.4516 16.3263
0.79 1.7801 2.76719 10.1681 15.3868 1.67618 5.68868 10.5161 16.4178
0.795 1.76421 2.77775 10.1906 15.318 1.64891 5.6599 10.5751 16.5168
0.8 1.74813 2.7895 10.2105 15.2519 1.62188 5.62812 10.6281 16.6219
0.805 1.73186 2.80245 10.2277 15.1887 1.59514 5.59346 10.6747 16.7314
0.81 1.71542 2.81659 10.2421 15.1287 1.56869 5.55607 10.7143 16.8435
0.815 1.69879 2.83189 10.2538 15.0722 1.54257 5.51609 10.7468 16.9565
0.82 1.682 2.84834 10.2628 15.0193 1.5168 5.47368 10.7717 17.0686
0.825 1.66503 2.86593 10.2689 14.9703 1.49141 5.42901 10.7889 17.1781
0.83 1.6479 2.88464 10.2722 14.9253 1.46642 5.38224 10.7982 17.2832
0.835 1.63062 2.90445 10.2726 14.8846 1.44186 5.33358 10.7996 17.3822
0.84 1.61317 2.92535 10.2703 14.8483 1.41776 5.2832 10.7929 17.4737
0.845 1.59558 2.9473 10.2651 14.8166 1.39412 5.23131 10.7783 17.5561
0.85 1.57784 2.97029 10.2571 14.7895 1.37099 5.17812 10.756 17.6281
0.855 1.55995 2.9943 10.2463 14.7672 1.34838 5.12382 10.726 17.6887
0.86 1.54193 3.0193 10.2328 14.7498 1.32632 5.06864 10.6887 17.7368
0.865 1.52377 3.04526 10.2165 14.7372 1.30482 5.0128 10.6444 17.7717
0.87 1.50549 3.07217 10.1975 14.7297 1.28391 4.95651 10.5935 17.7929
0.875 1.48708 3.1 10.1759 14.7272 1.2636 4.9 10.5364 17.8
0.88 1.46855 3.12871 10.1517 14.7297 1.24393 4.84349 10.4737 17.7929
0.885 1.4499 3.15829 10.1249 14.7372 1.2249 4.7872 10.4059 17.7717
0.89 1.43114 3.18869 10.0955 14.7498 1.20654 4.73136 10.3336 17.7368
0.895 1.41228 3.2199 10.0638 14.7672 1.18886 4.67618 10.2574 17.6887
0.9 1.39331 3.25187 10.0297 14.7895 1.17188 4.62188 10.1781 17.6281
0.905 1.37425 3.28458 9.99333 14.8166 1.15563 4.56869 10.0963 17.5561
0.91 1.3551 3.318 9.95474 14.8483 1.1401 4.5168 10.0128 17.4737
0.915 1.33586 3.3521 9.91403 14.8846 1.12533 4.46642 9.92827 17.3822
0.92 1.31653 3.38683 9.87129 14.9253 1.11132 4.41776 9.84349 17.2832
0.925 1.29713 3.42216 9.82661 14.9703 1.09809 4.37099 9.75921 17.1781
0.93 1.27765 3.45807 9.7801 15.0193 1.08566 4.32632 9.67618 17.0686
0.935 1.25811 3.49451 9.73186 15.0722 1.07402 4.28391 9.59514 16.9565
0.94 1.2385 3.53145 9.682 15.1287 1.0632 4.24393 9.5168 16.8435
0.945 1.21883 3.56886 9.63062 15.1887 1.05321 4.20654 9.44186 16.7314
0.95 1.19911 3.60669 9.57784 15.2519 1.04405 4.17188 9.37099 16.6219
0.955 1.17934 3.6449 9.52377 15.318 1.03574 4.1401 9.30482 16.5168
0.96 1.15952 3.68347 9.46855 15.3868 1.02828 4.11132 9.24393 16.4178
0.965 1.13967 3.72235 9.41228 15.4581 1.02167 4.08566 9.18886 16.3263
0.97 1.11978 3.7615 9.3551 15.5315 1.01594 4.0632 9.1401 16.2439
0.975 1.09986 3.80089 9.29713 15.6067 1.01108 4.04405 9.09809 16.1719
0.98 1.07992 3.84048 9.2385 15.6835 1.0071 4.02828 9.0632 16.1113
0.985 1.05996 3.88022 9.17934 15.7615 1.00399 4.01594 9.03574 16.0632
0.99 1.03998 3.92008 9.11978 15.8405 1.00178 4.0071 9.01594 16.0283
0.995 1.01999 3.96002 9.05996 15.9201 1.00044 4.00178 9.00399 16.0071
1 1 4 9 16 1 4 9 16
