p_kPa T300 T350
0 0 0
0.5 0.0440444 0.00463988
1 0.0843726 0.0092369
1.5 0.121436 0.0137917
2 0.155616 0.0183047
2.5 0.187235 0.0227767
3 0.216572 0.0272081
3.5 0.243865 0.0315995
4 0.269321 0.0359514
4.5 0.293118 0.0402644
5 0.315414 0.0445389
5.5 0.336346 0.0487756
6 0.356037 0.0529748
6.5 0.374593 0.0571371
7 0.392109 0.061263
7.5 0.408671 0.065353
8 0.424354 0.0694075
8.5 0.439227 0.0734269
9 0.453351 0.0774118
9.5 0.46678 0.0813625
10 0.479566 0.0852796
10.5 0.491753 0.0891634
11 0.503382 0.0930143
11.5 0.514491 0.0968328
12 0.525114 0.100619
12.5 0.535282 0.104374
13 0.545023 0.108098
13.5 0.554365 0.111791
14 0.563331 0.115453
14.5 0.571943 0.119085
15 0.580222 0.122688
15.5 0.588186 0.126261
16 0.595855 0.129805
16.5 0.603242 0.133321
17 0.610365 0.136808
17.5 0.617236 0.140268
18 0.623869 0.1437
18.5 0.630277 0.147104
19 0.636469 0.150481
19.5 0.642458 0.153832
20 0.648252 0.157157
20.5 0.653862 0.160455
21 0.659295 0.163728
21.5 0.664561 0.166976
22 0.669666 0.170198
22.5 0.674618 0.173395
23 0.679424 0.176568
23.5 0.68409 0.179717
24 0.688622 0.182841
24.5 0.693026 0.185942
25 0.697308 0.18902
25.5 0.701471 0.192074
26 0.705521 0.195105
26.5 0.709463 0.198114
27 0.713301 0.2011
27.5 0.717039 0.204064
28 0.72068 0.207007
28.5 0.724229 0.209927
29 0.727689 0.212826
29.5 0.731063 0.215704
30 0.734355 0.218561
30.5 0.737567 0.221397
31 0.740702 0.224213
31.5 0.743763 0.227008
32 0.746753 0.229784
32.5 0.749674 0.232539
33 0.752528 0.235275
33.5 0.755318 0.237991
34 0.758046 0.240689
34.5 0.760713 0.243367
35 0.763322 0.246026
35.5 0.765875 0.248667
36 0.768374 0.251289
36.5 0.77082 0.253893
37 0.773214 0.256479
37.5 0.77556 0.259047
38 0.777857 0.261597
38.5 0.780107 0.26413
39 0.782313 0.266646
39.5 0.784474 0.269144
40 0.786593 0.271626
40.5 0.788671 0.274091
41 0.790709 0.276539
41.5 0.792708 0.27897
42 0.794669 0.281386
42.5 0.796593 0.283785
43 0.798482 0.286168
43.5 0.800336 0.288535
44 0.802156 0.290887
44.5 0.803943 0.293223
45 0.805698 0.295544
45.5 0.807422 0.29785
46 0.809116 0.300141
46.5 0.81078 0.302417
47 0.812415 0.304678
47.5 0.814023 0.306924
48 0.815603 0.309156
48.5 0.817156 0.311374
49 0.818684 0.313577
49.5 0.820186 0.315767
50 0.821663 0.317942
50.5 0.823117 0.320104
51 0.824546 0.322252
51.5 0.825953 0.324386
52 0.827338 0.326507
52.5 0.828701 0.328615
53 0.830042 0.33071
53.5 0.831363 0.332791
54 0.832663 0.33486
54.5 0.833943 0.336916
55 0.835204 0.338959
55.5 0.836446 0.34099
56 0.837669 0.343008
56.5 0.838874 0.345014
57 0.840061 0.347008
57.5 0.841231 0.34899
58 0.842384 0.350959
58.5 0.843521 0.352917
59 0.844641 0.354863
59.5 0.845745 0.356797
60 0.846833 0.35872
60.5 0.847907 0.360631
61 0.848965 0.362531
61.5 0.850009 0.36442
62 0.851038 0.366297
62.5 0.852054 0.368164
63 0.853055 0.370019
63.5 0.854043 0.371864
64 0.855018 0.373698
64.5 0.85598 0.375521
65 0.85693 0.377334
65.5 0.857867 0.379136
66 0.858791 0.380927
66.5 0.859704 0.382709
67 0.860605 0.38448
67.5 0.861495 0.386241
68 0.862373 0.387992
68.5 0.86324 0.389733
69 0.864097 0.391464
69.5 0.864942 0.393185
70 0.865777 0.394897
70.5 0.866602 0.396599
71 0.867417 0.398292
71.5 0.868222 0.399975
72 0.869017 0.401648
72.5 0.869803 0.403312
73 0.87058 0.404967
73.5 0.871347 0.406613
74 0.872105 0.40825
74.5 0.872854 0.409878
75 0.873595 0.411497
75.5 0.874326 0.413107
76 0.87505 0.414708
76.5 0.875765 0.416301
77 0.876472 0.417885
77.5 0.877171 0.41946
78 0.877862 0.421027
78.5 0.878546 0.422585
79 0.879222 0.424135
79.5 0.87989 0.425677
80 0.880551 0.42721
80.5 0.881205 0.428736
81 0.881852 0.430253
81.5 0.882491 0.431762
82 0.883124 0.433263
82.5 0.88375 0.434757
83 0.884369 0.436242
83.5 0.884982 0.43772
84 0.885588 0.43919
84.5 0.886188 0.440652
85 0.886782 0.442106
85.5 0.88737 0.443554
86 0.887951 0.444993
86.5 0.888527 0.446425
87 0.889096 0.44785
87.5 0.88966 0.449268
88 0.890218 0.450678
88.5 0.890771 0.452081
89 0.891317 0.453477
89.5 0.891859 0.454866
90 0.892395 0.456247
90.5 0.892926 0.457622
91 0.893452 0.45899
91.5 0.893972 0.460351
92 0.894488 0.461705
92.5 0.894998 0.463052
93 0.895504 0.464393
93.5 0.896004 0.465727
94 0.8965 0.467054
94.5 0.896991 0.468375
95 0.897478 0.469689
95.5 0.89796 0.470997
96 0.898437 0.472298
96.5 0.89891 0.473593
97 0.899379 0.474882
97.5 0.899843 0.476164
98 0.900303 0.47744
98.5 0.900759 0.47871
99 0.901211 0.479973
99.5 0.901659 0.481231
100 0.902102 0.482483
