T xs xl
1084.85 0 0
1091.02 0.0189703 0.0137965
1097.18 0.0378295 0.0277002
1103.35 0.0565799 0.0417104
1109.52 0.0752238 0.0558266
1115.68 0.0937635 0.0700482
1121.85 0.112201 0.0843747
1128.02 0.130538 0.0988054
1134.18 0.148778 0.11334
1140.35 0.166921 0.127978
1146.52 0.184971 0.142718
1152.68 0.202928 0.157561
1158.85 0.220795 0.172505
1165.02 0.238573 0.18755
1171.18 0.256265 0.202696
1177.35 0.273872 0.217941
1183.52 0.291395 0.233287
1189.68 0.308837 0.248731
1195.85 0.326198 0.264274
1202.02 0.343481 0.279915
1208.18 0.360688 0.295653
1214.35 0.377818 0.311489
1220.52 0.394875 0.327421
1226.68 0.41186 0.343449
1232.85 0.428773 0.359572
1239.02 0.445616 0.375791
1245.18 0.462391 0.392105
1251.35 0.479099 0.408512
1257.52 0.495741 0.425014
1263.68 0.512319 0.441608
1269.85 0.528833 0.458296
1276.02 0.545286 0.475075
1282.18 0.561677 0.491947
1288.35 0.578008 0.50891
1294.52 0.594281 0.525965
1300.68 0.610497 0.543109
1306.85 0.626656 0.560345
1313.02 0.642759 0.577669
1319.18 0.658808 0.595084
1325.35 0.674804 0.612587
1331.52 0.690748 0.630178
1337.68 0.70664 0.647858
1343.85 0.722482 0.665626
1350.02 0.738274 0.68348
1356.18 0.754018 0.701422
1362.35 0.769714 0.71945
1368.52 0.785363 0.737565
1374.68 0.800967 0.755765
1380.85 0.816525 0.77405
1387.02 0.832039 0.792421
1393.18 0.84751 0.810876
1399.35 0.862938 0.829415
1405.52 0.878325 0.848038
1411.68 0.89367 0.866745
1417.85 0.908975 0.885535
1424.02 0.924241 0.904408
1430.18 0.939467 0.923363
1436.35 0.954656 0.9424
1442.52 0.969807 0.961519
1448.68 0.984922 0.980719
1454.85 1 1
