d Plow Phigh
1.5 -1.41667 1.41667
1.55 -1.42016 1.42016
1.6 -1.425 1.425
1.65 -1.43106 1.43106
1.7 -1.43824 1.43824
1.75 -1.44643 1.44643
1.8 -1.45556 1.45556
1.85 -1.46554 1.46554
1.9 -1.47632 1.47632
1.95 -1.48782 1.48782
2 -1.5 1.5
2.05 -1.5128 1.5128
2.1 -1.52619 1.52619
2.15 -1.54012 1.54012
2.2 -1.55455 1.55455
2.25 -1.56944 1.56944
2.3 -1.58478 1.58478
2.35 -1.60053 1.60053
2.4 -1.61667 1.61667
2.45 -1.63316 1.63316
2.5 -1.65 1.65
2.55 -1.66716 1.66716
2.6 -1.68462 1.68462
2.65 -1.70236 1.70236
2.7 -1.72037 1.72037
2.75 -1.73864 1.73864
2.8 -1.75714 1.75714
2.85 -1.77588 1.77588
2.9 -1.79483 1.79483
2.95 -1.81398 1.81398
3 -1.83333 1.83333
3.05 -1.85287 1.85287
3.1 -1.87258 1.87258
3.15 -1.89246 1.89246
3.2 -1.9125 1.9125
3.25 -1.93269 1.93269
3.3 -1.95303 1.95303
3.35 -1.97351 1.97351
3.4 -1.99412 1.99412
3.45 -2.01486 2.01486
3.5 -2.03571 2.03571
3.55 -2.05669 2.05669
3.6 -2.07778 2.07778
3.65 -2.09897 2.09897
3.7 -2.12027 2.12027
3.75 -2.14167 2.14167
3.8 -2.16316 2.16316
3.85 -2.18474 2.18474
3.9 -2.20641 2.20641
3.95 -2.22816 2.22816
4 -2.25 2.25
4.05 -2.27191 2.27191
4.1 -2.2939 2.2939
4.15 -2.31596 2.31596
4.2 -2.3381 2.3381
4.25 -2.36029 2.36029
4.3 -2.38256 2.38256
4.35 -2.40489 2.40489
4.4 -2.42727 2.42727
4.45 -2.44972 2.44972
4.5 -2.47222 2.47222
4.55 -2.49478 2.49478
4.6 -2.51739 2.51739
4.65 -2.54005 2.54005
4.7 -2.56277 2.56277
4.75 -2.58553 2.58553
4.8 -2.60833 2.60833
4.85 -2.63119 2.63119
4.9 -2.65408 2.65408
4.95 -2.67702 2.67702
5 -2.7 2.7
5.05 -2.72302 2.72302
5.1 -2.74608 2.74608
5.15 -2.76917 2.76917
5.2 -2.79231 2.79231
5.25 -2.81548 2.81548
5.3 -2.83868 2.83868
5.35 -2.86192 2.86192
5.4 -2.88519 2.88519
5.45 -2.90849 2.90849
5.5 -2.93182 2.93182
5.55 -2.95518 2.95518
5.6 -2.97857 2.97857
5.65 -3.00199 3.00199
5.7 -3.02544 3.02544
5.75 -3.04891 3.04891
5.8 -3.07241 3.07241
5.85 -3.09594 3.09594
5.9 -3.11949 3.11949
5.95 -3.14307 3.14307
6 -3.16667 3.16667
6.05 -3.19029 3.19029
6.1 -3.21393 3.21393
6.15 -3.2376 3.2376
6.2 -3.26129 3.26129
6.25 -3.285 3.285
6.3 -3.30873 3.30873
6.35 -3.33248 3.33248
6.4 -3.35625 3.35625
6.45 -3.38004 3.38004
6.5 -3.40385 3.40385
6.55 -3.42767 3.42767
6.6 -3.45152 3.45152
6.65 -3.47538 3.47538
6.7 -3.49925 3.49925
6.75 -3.52315 3.52315
6.8 -3.54706 3.54706
6.85 -3.57099 3.57099
6.9 -3.59493 3.59493
6.95 -3.61888 3.61888
7 -3.64286 3.64286
7.05 -3.66684 3.66684
7.1 -3.69085 3.69085
7.15 -3.71486 3.71486
7.2 -3.73889 3.73889
7.25 -3.76293 3.76293
7.3 -3.78699 3.78699
7.35 -3.81105 3.81105
7.4 -3.83514 3.83514
7.45 -3.85923 3.85923
7.5 -3.88333 3.88333
7.55 -3.90745 3.90745
7.6 -3.93158 3.93158
7.65 -3.95572 3.95572
7.7 -3.97987 3.97987
7.75 -4.00403 4.00403
7.8 -4.02821 4.02821
7.85 -4.05239 4.05239
7.9 -4.07658 4.07658
7.95 -4.10079 4.10079
8 -4.125 4.125
