c eesm eep
0.00499444 0.00166945 0.332592
0.00997778 0.00334448 0.331849
0.01495 0.00502513 0.331104
0.0199111 0.00671141 0.330357
0.0248611 0.00840336 0.329609
0.0298 0.010101 0.328859
0.0347278 0.0118044 0.328108
0.0396444 0.0135135 0.327354
0.04455 0.0152284 0.326599
0.0494444 0.0169492 0.325843
0.0543278 0.0186757 0.325084
0.0592 0.0204082 0.324324
0.0640611 0.0221465 0.323563
0.0689111 0.0238908 0.322799
0.07375 0.025641 0.322034
0.0785778 0.0273973 0.321267
0.0833944 0.0291595 0.320498
0.0882 0.0309278 0.319728
0.0929944 0.0327022 0.318956
0.0977778 0.0344828 0.318182
0.10255 0.0362694 0.317406
0.107311 0.0380623 0.316629
0.112061 0.0398614 0.315849
0.1168 0.0416667 0.315068
0.121528 0.0434783 0.314286
0.126244 0.0452962 0.313501
0.13095 0.0471204 0.312715
0.135644 0.048951 0.311927
0.140328 0.0507881 0.311137
0.145 0.0526316 0.310345
0.149661 0.0544815 0.309551
0.154311 0.056338 0.308756
0.15895 0.0582011 0.307958
0.163578 0.0600707 0.307159
0.168194 0.0619469 0.306358
0.1728 0.0638298 0.305556
0.177394 0.0657194 0.304751
0.181978 0.0676157 0.303944
0.18655 0.0695187 0.303136
0.191111 0.0714286 0.302326
0.195661 0.0733453 0.301513
0.2002 0.0752688 0.300699
0.204728 0.0771993 0.299883
0.209244 0.0791367 0.299065
0.21375 0.0810811 0.298246
0.218244 0.0830325 0.297424
0.222728 0.084991 0.2966
0.2272 0.0869565 0.295775
0.231661 0.0889292 0.294947
0.236111 0.0909091 0.294118
0.24055 0.0928962 0.293286
0.244978 0.0948905 0.292453
0.249394 0.0968921 0.291617
0.2538 0.0989011 0.29078
0.258194 0.100917 0.289941
0.262578 0.102941 0.2891
0.26695 0.104972 0.288256
0.271311 0.107011 0.287411
0.275661 0.109057 0.286564
0.28 0.111111 0.285714
0.284328 0.113173 0.284863
0.288644 0.115242 0.28401
0.29295 0.117318 0.283154
0.297244 0.119403 0.282297
0.301528 0.121495 0.281437
0.3058 0.123596 0.280576
0.310061 0.125704 0.279712
0.314311 0.12782 0.278846
0.31855 0.129944 0.277978
0.322778 0.132075 0.277108
0.326994 0.134216 0.276236
0.3312 0.136364 0.275362
0.335394 0.13852 0.274486
0.339578 0.140684 0.273608
0.34375 0.142857 0.272727
0.347911 0.145038 0.271845
0.352061 0.147228 0.27096
0.3562 0.149425 0.270073
0.360328 0.151631 0.269184
0.364444 0.153846 0.268293
0.36855 0.156069 0.267399
0.372644 0.158301 0.266504
0.376728 0.160542 0.265606
0.3808 0.162791 0.264706
0.384861 0.165049 0.263804
0.388911 0.167315 0.262899
0.39295 0.169591 0.261993
0.396978 0.171875 0.261084
0.400994 0.174168 0.260173
0.405 0.176471 0.259259
0.408994 0.178782 0.258344
0.412978 0.181102 0.257426
0.41695 0.183432 0.256506
0.420911 0.185771 0.255583
0.424861 0.188119 0.254658
0.4288 0.190476 0.253731
0.432728 0.192843 0.252802
0.436644 0.195219 0.25187
0.44055 0.197605 0.250936
0.444444 0.2 0.25
0.448328 0.202405 0.249061
0.4522 0.204819 0.24812
0.456061 0.207243 0.247177
0.459911 0.209677 0.246231
0.46375 0.212121 0.245283
0.467578 0.214575 0.244332
0.471394 0.217039 0.24338
0.4752 0.219512 0.242424
0.478994 0.221996 0.241466
0.482778 0.22449 0.240506
0.48655 0.226994 0.239544
0.490311 0.229508 0.238579
0.494061 0.232033 0.237611
0.4978 0.234568 0.236641
0.501528 0.237113 0.235669
0.505244 0.239669 0.234694
0.50895 0.242236 0.233716
0.512644 0.244813 0.232737
0.516328 0.247401 0.231754
0.52 0.25 0.230769
0.523661 0.25261 0.229782
0.527311 0.25523 0.228792
0.53095 0.257862 0.227799
0.534578 0.260504 0.226804
0.538194 0.263158 0.225806
0.5418 0.265823 0.224806
0.545394 0.268499 0.223803
0.548978 0.271186 0.222798
0.55255 0.273885 0.22179
0.556111 0.276596 0.220779
0.559661 0.279318 0.219766
0.5632 0.282051 0.21875
0.566728 0.284797 0.217731
0.570244 0.287554 0.21671
0.57375 0.290323 0.215686
0.577244 0.293103 0.21466
0.580728 0.295896 0.21363
0.5842 0.298701 0.212598
0.587661 0.301518 0.211564
0.591111 0.304348 0.210526
0.59455 0.30719 0.209486
0.597978 0.310044 0.208443
0.601394 0.31291 0.207398
0.6048 0.315789 0.206349
0.608194 0.318681 0.205298
0.611578 0.321586 0.204244
0.61495 0.324503 0.203187
0.618311 0.327434 0.202128
0.621661 0.330377 0.201065
0.625 0.333333 0.2
0.628328 0.336303 0.198932
0.631644 0.339286 0.197861
0.63495 0.342282 0.196787
0.638244 0.345291 0.19571
0.641528 0.348315 0.194631
0.6448 0.351351 0.193548
0.648061 0.354402 0.192463
0.651311 0.357466 0.191375
0.65455 0.360544 0.190283
0.657778 0.363636 0.189189
0.660994 0.366743 0.188092
0.6642 0.369863 0.186992
0.667394 0.372998 0.185889
0.670578 0.376147 0.184783
0.67375 0.37931 0.183673
0.676911 0.382488 0.182561
0.680061 0.385681 0.181446
0.6832 0.388889 0.180328
0.686328 0.392111 0.179207
0.689444 0.395349 0.178082
0.69255 0.398601 0.176955
0.695644 0.401869 0.175824
0.698728 0.405152 0.174691
0.7018 0.408451 0.173554
0.704861 0.411765 0.172414
0.707911 0.415094 0.171271
0.71095 0.41844 0.170124
0.713978 0.421801 0.168975
0.716994 0.425178 0.167822
0.72 0.428571 0.166667
0.722994 0.431981 0.165508
0.725978 0.435407 0.164345
0.72895 0.438849 0.16318
0.731911 0.442308 0.162011
0.734861 0.445783 0.160839
0.7378 0.449275 0.159664
0.740728 0.452785 0.158485
0.743644 0.456311 0.157303
0.74655 0.459854 0.156118
0.749444 0.463415 0.15493
0.752328 0.466993 0.153738
0.7552 0.470588 0.152542
0.758061 0.474201 0.151344
0.760911 0.477833 0.150142
0.76375 0.481481 0.148936
0.766578 0.485149 0.147727
0.769394 0.488834 0.146515
0.7722 0.492537 0.145299
0.774994 0.496259 0.14408
0.777778 0.5 0.142857
0.78055 0.503759 0.141631
0.783311 0.507538 0.140401
0.786061 0.511335 0.139168
0.7888 0.515152 0.137931
0.791528 0.518987 0.136691
0.794244 0.522843 0.135447
0.79695 0.526718 0.134199
0.799644 0.530612 0.132948
0.802328 0.534527 0.131693
0.805 0.538462 0.130435
0.807661 0.542416 0.129173
0.810311 0.546392 0.127907
0.81295 0.550388 0.126638
0.815578 0.554404 0.125364
0.818194 0.558442 0.124088
0.8208 0.5625 0.122807
0.823394 0.56658 0.121523
0.825978 0.570681 0.120235
0.82855 0.574803 0.118943
0.831111 0.578947 0.117647
0.833661 0.583113 0.116348
0.8362 0.587302 0.115044
0.838728 0.591512 0.113737
0.841244 0.595745 0.112426
0.84375 0.6 0.111111
0.846244 0.604278 0.109792
0.848728 0.608579 0.10847
0.8512 0.612903 0.107143
0.853661 0.617251 0.105812
0.856111 0.621622 0.104478
0.85855 0.626016 0.103139
0.860978 0.630435 0.101796
0.863394 0.634877 0.10045
0.8658 0.639344 0.0990991
0.868194 0.643836 0.0977444
0.870578 0.648352 0.0963855
0.87295 0.652893 0.0950226
0.875311 0.657459 0.0936556
0.877661 0.66205 0.0922844
0.88 0.666667 0.0909091
0.882328 0.671309 0.0895296
0.884644 0.675978 0.0881459
0.88695 0.680672 0.086758
0.889244 0.685393 0.0853659
0.891528 0.690141 0.0839695
0.8938 0.694915 0.0825688
0.896061 0.699717 0.0811639
0.898311 0.704545 0.0797546
0.90055 0.709402 0.078341
0.902778 0.714286 0.0769231
0.904994 0.719198 0.0755008
0.9072 0.724138 0.0740741
0.909394 0.729107 0.072643
0.911578 0.734104 0.0712074
0.91375 0.73913 0.0697674
0.915911 0.744186 0.068323
0.918061 0.749271 0.066874
0.9202 0.754386 0.0654206
0.922328 0.759531 0.0639626
0.924444 0.764706 0.0625
0.92655 0.769912 0.0610329
0.928644 0.775148 0.0595611
0.930728 0.780415 0.0580848
0.9328 0.785714 0.0566038
0.934861 0.791045 0.0551181
0.936911 0.796407 0.0536278
0.93895 0.801802 0.0521327
0.940978 0.807229 0.0506329
0.942994 0.812689 0.0491284
0.945 0.818182 0.047619
0.946994 0.823708 0.0461049
0.948978 0.829268 0.044586
0.95095 0.834862 0.0430622
0.952911 0.840491 0.0415335
0.954861 0.846154 0.04
0.9568 0.851852 0.0384615
0.958728 0.857585 0.0369181
0.960644 0.863354 0.0353698
0.96255 0.869159 0.0338164
0.964444 0.875 0.0322581
0.966328 0.880878 0.0306947
0.9682 0.886792 0.0291262
0.970061 0.892744 0.0275527
0.971911 0.898734 0.025974
0.97375 0.904762 0.0243902
0.975578 0.910828 0.0228013
0.977394 0.916933 0.0212072
0.9792 0.923077 0.0196078
0.980994 0.92926 0.0180033
0.982778 0.935484 0.0163934
0.98455 0.941748 0.0147783
0.986311 0.948052 0.0131579
0.988061 0.954397 0.0115321
0.9898 0.960784 0.00990099
0.991528 0.967213 0.00826446
0.993244 0.973684 0.00662252
0.99495 0.980198 0.00497512
