x y
0.853186 0.487833
-0.00708249 0.987171
-0.866025 0.5
-0.866025 -0.5
-1.83697e-16 -1
0.864148 -0.510906
2.56618 0.471106
1.71797 0.976743
1.73205 -1
2.59362 -0.524487
4.25274 0.425695
3.42668 0.954178
3.4641 -1
4.3196 -0.565699
5.97221 0.351412
5.10834 0.848569
5.19615 -1
6.05894 -0.60939
7.67553 0.502762
6.78556 0.930077
6.9282 -1
7.78473 -0.506226
9.47418 0.502076
8.56336 0.945838
8.66025 -1
9.52111 -0.504452
11.26 0.492613
10.3806 0.948584
10.3923 -1
11.2583 -0.5
1.74799 1.97327
0.869151 2.4403
-0.0132116 1.98179
3.48444 1.94583
2.6292 2.45374
5.23077 1.85334
4.38411 2.38169
6.766 2.54833
6.24263 1.78567
8.52429 1.95343
7.76196 2.56383
10.3929 1.95981
9.46207 2.19771
12.1244 2
11.2268 2.51032
12.1244 1
0.856791 3.42885
0.00596094 3.94017
-0.866025 3.5
-0.866025 2.5
2.64257 3.45088
1.74622 3.87638
4.34715 3.41207
3.51192 3.98344
6.21341 3.39599
5.29875 3.60172
7.84184 3.56908
6.95029 4.06354
9.58621 3.78097
8.67801 4.02027
11.2378 3.52422
10.4594 4.1491
1.63977 4.83423
0.781378 5.35322
-0.0806495 4.92659
3.345 5.00568
2.4419 5.44105
5.05075 5.22127
4.15296 5.60357
6.79156 5.01886
5.96468 5.55594
8.55355 4.9794
7.66903 5.44246
10.3249 5.16383
9.39713 5.54097
12.1244 5
11.2492 5.56625
12.1244 4
0.875991 6.36009
0.0824479 6.95716
-0.866025 6.5
-0.866025 5.5
2.31831 7.13235
1.89827 6.30152
4.18158 6.60827
3.3389 7.11444
6.02767 6.56192
5.12652 7.0153
7.79347 6.43866
6.95786 6.98016
9.28893 7.1606
8.80972 6.37362
11.1745 6.57818
10.3144 7.08457
1.74964 7.97764
0.866025 8.5
-1.11022e-16 8
3.48219 8.11917
2.59808 8.5
5.19533 8.01758
4.33013 8.5
6.93786 7.98717
6.06218 8.5
8.68791 7.98961
7.79423 8.5
10.4201 8.09973
9.52628 8.5
12.1244 8
11.2583 8.5
12.1244 7
