eps TH TD
0.02 3.36605e-07 1.13938e-09
0.04 7.59311e-07 2.72462e-09
0.06 1.28598e-06 4.89467e-09
0.08 1.93803e-06 7.82938e-09
0.1 2.74117e-06 1.17615e-08
0.12 3.72627e-06 1.69924e-08
0.14 4.93043e-06 2.39123e-08
0.16 6.39825e-06 3.30268e-08
0.18 8.18343e-06 4.49919e-08
0.2 1.03507e-05 6.06591e-08
0.22 1.2978e-05 8.1136e-08
0.24 1.61597e-05 1.07865e-07
0.26 2.00097e-05 1.42726e-07
0.28 2.46661e-05 1.8818e-07
0.3 3.02964e-05 2.47448e-07
0.32 3.71041e-05 3.24757e-07
0.34 4.5337e-05 4.25677e-07
0.36 5.52972e-05 5.57555e-07
0.38 6.73542e-05 7.30119e-07
0.4 8.19605e-05 9.5629e-07
0.42 9.96716e-05 1.25329e-06
0.44 0.000121172 1.64414e-06
0.46 0.000147304 2.15979e-06
0.48 0.000179115 2.84194e-06
0.5 0.0002179 3.7471e-06
0.52 0.000265276 4.95219e-06
0.54 0.00032326 6.56246e-06
0.56 0.000394384 8.72273e-06
0.58 0.000481836 1.16334e-05
0.6 0.000589644 1.55738e-05
0.62 0.000722924 2.09356e-05
0.64 0.000888198 2.82723e-05
0.66 0.00109383 3.83724e-05
0.68 0.0013506 5.23695e-05
0.7 0.00167246 7.19078e-05
0.72 0.00207762 9.93985e-05
0.74 0.00258996 0.000138417
0.76 0.00324104 0.000194332
0.78 0.00407287 0.000275322
0.8 0.00514179 0.000394031
0.82 0.00652403 0.000570361
0.84 0.00832369 0.00083625
0.86 0.0106842 0.0012441
0.88 0.0138054 0.00188213
0.9 0.0179685 0.00290325
0.92 0.0235732 0.00458177
0.94 0.0311948 0.00743004
0.96 0.0416683 0.0124518
0.98 0.0562168 0.0217277
