R rhf morse
0.8 -0.947308 -1.04655
0.9 -1.0195 -1.09503
1 -1.066 -1.1289
1.1 -1.09456 -1.15144
1.2 -1.11033 -1.16523
1.3 -1.11687 -1.17236
1.4 -1.11671 -1.17446
1.5 -1.1117 -1.17282
1.6 -1.10314 -1.16848
1.7 -1.09201 -1.16223
1.8 -1.07898 -1.15468
1.9 -1.06458 -1.14633
2 -1.04917 -1.13753
2.1 -1.03306 -1.12857
2.2 -1.01649 -1.11965
2.3 -0.999643 -1.11093
2.4 -0.982699 -1.1025
2.5 -0.965794 -1.09445
2.6 -0.949043 -1.08681
2.7 -0.932545 -1.07963
2.8 -0.916377 -1.07291
2.9 -0.900604 -1.06664
3 -0.885275 -1.06083
3.1 -0.87043 -1.05545
3.2 -0.856097 -1.0505
3.3 -0.842297 -1.04594
3.4 -0.829044 -1.04176
3.5 -0.816344 -1.03792
3.6 -0.804201 -1.03442
3.7 -0.792611 -1.03122
3.8 -0.781568 -1.0283
3.9 -0.771063 -1.02565
4 -0.761082 -1.02323
4.1 -0.751612 -1.02103
4.2 -0.742637 -1.01903
4.3 -0.734138 -1.01722
4.4 -0.726097 -1.01558
4.5 -0.718495 -1.01409
4.6 -0.711314 -1.01273
4.7 -0.704534 -1.01151
4.8 -0.698136 -1.0104
4.9 -0.692103 -1.0094
5 -0.686416 -1.00849
5.1 -0.681058 -1.00767
5.2 -0.676013 -1.00693
5.3 -0.671264 -1.00626
5.4 -0.666796 -1.00565
5.5 -0.662593 -1.0051
5.6 -0.658642 -1.00461
5.7 -0.654928 -1.00416
5.8 -0.651438 -1.00375
5.9 -0.648158 -1.00339
6 -0.645077 -1.00306
6.1 -0.642181 -1.00276
6.2 -0.639461 -1.00249
6.3 -0.636904 -1.00225
6.4 -0.634499 -1.00203
6.5 -0.632237 -1.00183
6.6 -0.630109 -1.00165
6.7 -0.628104 -1.00149
6.8 -0.626215 -1.00135
6.9 -0.624433 -1.00121
7 -0.62275 -1.0011
7.1 -0.62116 -1.00099
7.2 -0.619656 -1.00089
7.3 -0.618231 -1.00081
7.4 -0.616879 -1.00073
7.5 -0.615596 -1.00066
7.6 -0.614376 -1.00059
7.7 -0.613214 -1.00053
7.8 -0.612107 -1.00048
7.9 -0.61105 -1.00043
8 -0.610039 -1.00039
8.1 -0.609072 -1.00035
8.2 -0.608144 -1.00032
8.3 -0.607254 -1.00029
8.4 -0.606399 -1.00026
8.5 -0.605576 -1.00023
8.6 -0.604784 -1.00021
8.7 -0.604019 -1.00019
8.8 -0.603281 -1.00017
8.9 -0.602567 -1.00016
9 -0.601876 -1.00014
9.1 -0.601207 -1.00013
9.2 -0.600558 -1.00011
9.3 -0.599928 -1.0001
9.4 -0.599316 -1.00009
9.5 -0.598721 -1.00008
9.6 -0.598142 -1.00008
9.7 -0.597579 -1.00007
9.8 -0.597029 -1.00006
9.9 -0.596493 -1.00006
10 -0.595971 -1.00005
