T eta
300 0.00616667
310 0.0382258
320 0.0682813
330 0.0965152
340 0.123088
350 0.148143
360 0.171806
370 0.194189
380 0.215395
390 0.235513
400 0.254625
410 0.272805
420 0.290119
430 0.306628
440 0.322386
450 0.337444
460 0.351848
470 0.365638
480 0.378854
490 0.391531
500 0.4037
510 0.415392
520 0.426635
530 0.437453
540 0.44787
550 0.457909
560 0.467589
570 0.47693
580 0.485948
590 0.494661
600 0.503083
610 0.51123
620 0.519113
630 0.526746
640 0.534141
650 0.541308
660 0.548258
670 0.555
680 0.561544
690 0.567899
700 0.574071
710 0.58007
720 0.585903
730 0.591575
740 0.597095
750 0.602467
760 0.607697
770 0.612792
780 0.617756
790 0.622595
800 0.627313
810 0.631914
820 0.636402
830 0.640783
840 0.64506
850 0.649235
860 0.653314
870 0.657299
880 0.661193
890 0.665
900 0.668722
910 0.672363
920 0.675924
930 0.679409
940 0.682819
950 0.686158
960 0.689427
970 0.692629
980 0.695765
990 0.698838
1000 0.70185
1010 0.704802
1020 0.707696
1030 0.710534
1040 0.713317
1050 0.716048
1060 0.718726
1070 0.721355
1080 0.723935
1090 0.726468
1100 0.728955
1110 0.731396
1120 0.733795
1130 0.73615
1140 0.738465
1150 0.740739
1160 0.742974
1170 0.745171
1180 0.747331
1190 0.749454
1200 0.751542
1210 0.753595
1220 0.755615
1230 0.757602
1240 0.759556
1250 0.76148
1260 0.763373
1270 0.765236
1280 0.76707
1290 0.768876
1300 0.770654
1310 0.772405
1320 0.774129
1330 0.775827
1340 0.7775
1350 0.779148
1360 0.780772
1370 0.782372
1380 0.783949
1390 0.785504
1400 0.787036
1410 0.788546
1420 0.790035
1430 0.791503
1440 0.792951
1450 0.794379
1460 0.795788
1470 0.797177
1480 0.798547
1490 0.799899
1500 0.801233
