nu I
3.84506 0.111725
7.69011 0.329051
11.5352 0.528561
15.3802 0.70016
19.2253 0.836194
23.0703 0.931996
26.9154 0.986081
30.7605 1
34.6055 0.977887
38.4506 0.925796
42.2956 0.850931
46.1407 0.760865
49.9857 0.662851
53.8308 0.563284
57.6759 0.467348
61.5209 0.378856
65.366 0.300254
69.211 0.232753
73.0561 0.176552
76.9011 0.131091
80.7462 0.0953056
84.5913 0.0678611
88.4363 0.0473342
92.2814 0.032349
96.1264 0.0216647
99.9715 0.0142203
103.817 0.00914936
107.662 0.0057709
111.507 0.00356873
115.352 0.00216391
119.197 0.00128664
123.042 0.000750241
126.887 0.000429039
130.732 0.000240643
134.577 0.000132389
138.422 7.1443e-05
142.267 3.78192e-05
146.112 1.96395e-05
149.957 1.00053e-05
153.802 5.0007e-06
