t i_uA tm12
0.1 38.4863 3.16228
0.15 31.4239 2.58199
0.2 27.2139 2.23607
0.25 24.3409 2
0.3 22.2201 1.82574
0.35 20.5718 1.69031
0.4 19.2431 1.58114
0.45 18.1426 1.49071
0.5 17.2116 1.41421
0.55 16.4106 1.3484
0.6 15.712 1.29099
0.65 15.0956 1.24035
0.7 14.5464 1.19523
0.75 14.0532 1.1547
0.8 13.6069 1.11803
0.85 13.2007 1.08465
0.9 12.8288 1.05409
0.95 12.4866 1.02598
1 12.1704 1
1.05 11.8771 0.9759
1.1 11.604 0.953463
1.15 11.349 0.932505
1.2 11.11 0.912871
1.25 10.8856 0.894427
1.3 10.6742 0.877058
1.35 10.4746 0.860663
1.4 10.2859 0.845154
1.45 10.107 0.830455
1.5 9.93711 0.816497
1.55 9.77552 0.803219
1.6 9.62157 0.790569
1.65 9.47466 0.778499
1.7 9.33429 0.766965
1.75 9.19998 0.755929
1.8 9.0713 0.745356
1.85 8.94788 0.735215
1.9 8.82935 0.725476
1.95 8.71542 0.716115
2 8.60579 0.707107
2.05 8.50019 0.69843
2.1 8.39839 0.690066
2.15 8.30016 0.681994
2.2 8.2053 0.6742
2.25 8.11362 0.666667
2.3 8.02494 0.65938
2.35 7.93911 0.652328
2.4 7.85598 0.645497
2.45 7.7754 0.638877
2.5 7.69725 0.632456
2.55 7.62142 0.626224
2.6 7.54778 0.620174
2.65 7.47623 0.614295
2.7 7.40669 0.608581
2.75 7.33904 0.603023
2.8 7.27322 0.597614
2.85 7.20914 0.592349
2.9 7.14672 0.58722
2.95 7.0859 0.582223
3 7.0266 0.57735
3.05 6.96877 0.572598
3.1 6.91234 0.567962
3.15 6.85726 0.563436
3.2 6.80347 0.559017
3.25 6.75094 0.5547
3.3 6.6996 0.550482
3.35 6.64941 0.546358
3.4 6.60034 0.542326
3.45 6.55234 0.538382
3.5 6.50537 0.534522
3.55 6.45939 0.530745
3.6 6.41438 0.527046
3.65 6.37029 0.523424
3.7 6.3271 0.519875
3.75 6.28478 0.516398
3.8 6.2433 0.512989
3.85 6.20262 0.509647
3.9 6.16273 0.50637
3.95 6.12361 0.503155
4 6.08521 0.5
4.05 6.04753 0.496904
4.1 6.01054 0.493865
4.15 5.97423 0.490881
4.2 5.93856 0.48795
4.25 5.90352 0.485071
4.3 5.8691 0.482243
4.35 5.83527 0.479463
4.4 5.80202 0.476731
4.45 5.76934 0.474045
4.5 5.73719 0.471405
4.55 5.70558 0.468807
4.6 5.67449 0.466252
4.65 5.6439 0.463739
4.7 5.6138 0.461266
4.75 5.58417 0.458831
4.8 5.55501 0.456435
4.85 5.52631 0.454077
4.9 5.49804 0.451754
4.95 5.4702 0.449467
5 5.44278 0.447214
5.05 5.41577 0.444994
5.1 5.38916 0.442807
5.15 5.36293 0.440653
5.2 5.33708 0.438529
5.25 5.31161 0.436436
5.3 5.2865 0.434372
5.35 5.26173 0.432338
5.4 5.23732 0.430331
5.45 5.21324 0.428353
5.5 5.18949 0.426401
5.55 5.16606 0.424476
5.6 5.14294 0.422577
5.65 5.12014 0.420703
5.7 5.09763 0.418854
5.75 5.07542 0.417029
5.8 5.05349 0.415227
5.85 5.03185 0.413449
5.9 5.01049 0.411693
5.95 4.98939 0.40996
6 4.96856 0.408248
6.05 4.94798 0.406558
6.1 4.92766 0.404888
6.15 4.90759 0.403239
6.2 4.88776 0.40161
6.25 4.86817 0.4
6.3 4.84881 0.39841
6.35 4.82969 0.396838
6.4 4.81078 0.395285
6.45 4.7921 0.39375
6.5 4.77363 0.392232
6.55 4.75538 0.390732
6.6 4.73733 0.389249
6.65 4.71949 0.387783
6.7 4.70185 0.386334
6.75 4.6844 0.3849
6.8 4.66715 0.383482
6.85 4.65008 0.38208
6.9 4.6332 0.380693
6.95 4.61651 0.379322
7 4.59999 0.377964
7.05 4.58365 0.376622
7.1 4.56748 0.375293
7.15 4.55148 0.373979
7.2 4.53565 0.372678
7.25 4.51998 0.371391
7.3 4.50448 0.370117
7.35 4.48913 0.368856
7.4 4.47394 0.367607
7.45 4.4589 0.366372
7.5 4.44401 0.365148
7.55 4.42927 0.363937
7.6 4.41468 0.362738
7.65 4.40023 0.361551
7.7 4.38592 0.360375
7.75 4.37175 0.359211
7.8 4.35771 0.358057
7.85 4.34381 0.356915
7.9 4.33004 0.355784
7.95 4.31641 0.354663
8 4.3029 0.353553
8.05 4.28951 0.352454
8.1 4.27625 0.351364
8.15 4.26311 0.350285
8.2 4.2501 0.349215
8.25 4.2372 0.348155
8.3 4.22442 0.347105
8.35 4.21175 0.346064
8.4 4.1992 0.345033
8.45 4.18675 0.34401
8.5 4.17442 0.342997
8.55 4.1622 0.341993
8.6 4.15008 0.340997
8.65 4.13807 0.34001
8.7 4.12616 0.339032
8.75 4.11435 0.338062
8.8 4.10265 0.3371
8.85 4.09104 0.336146
8.9 4.07954 0.335201
8.95 4.06812 0.334263
9 4.05681 0.333333
9.05 4.04559 0.332411
9.1 4.03446 0.331497
9.15 4.02342 0.33059
9.2 4.01247 0.32969
9.25 4.00161 0.328798
9.3 3.99084 0.327913
9.35 3.98015 0.327035
9.4 3.96956 0.326164
9.45 3.95904 0.3253
9.5 3.94861 0.324443
9.55 3.93826 0.323592
9.6 3.92799 0.322749
9.65 3.9178 0.321911
9.7 3.90769 0.321081
9.75 3.89766 0.320256
9.8 3.8877 0.319438
9.85 3.87782 0.318626
9.9 3.86802 0.317821
9.95 3.85828 0.317021
10 3.84863 0.316228
