E_mV i_uA
299.946 -0.00701386
297.948 -0.000845968
295.95 -0.000690866
293.952 -0.00064762
291.954 -0.000640823
289.956 -0.000652175
287.958 -0.000674949
285.96 -0.000706144
283.963 -0.000744297
281.965 -0.000788683
279.967 -0.000838981
277.915 -0.000896707
275.917 -0.000958905
273.919 -0.00102721
271.921 -0.00110189
269.923 -0.00118329
267.925 -0.00127184
265.927 -0.00136799
263.929 -0.00147227
261.931 -0.00158525
259.933 -0.00170757
257.881 -0.00184365
255.884 -0.00198709
253.886 -0.00214216
251.888 -0.00230974
249.89 -0.0024908
247.892 -0.00268636
245.894 -0.00289754
243.896 -0.00312556
241.898 -0.00337171
239.9 -0.00363739
237.848 -0.00393217
235.85 -0.0042422
233.852 -0.00457669
231.854 -0.00493755
229.856 -0.00532679
227.859 -0.00574661
225.861 -0.00619934
223.863 -0.00668753
221.865 -0.00721389
219.867 -0.00778133
217.815 -0.00841017
215.817 -0.00907077
213.819 -0.00978268
211.821 -0.0105498
209.823 -0.0113763
207.825 -0.0122667
205.827 -0.0132258
203.829 -0.0142587
201.831 -0.015371
199.834 -0.0165686
197.782 -0.0178941
195.784 -0.0192846
193.786 -0.0207811
191.788 -0.0223914
189.79 -0.0241239
187.792 -0.0259875
185.794 -0.0279918
183.796 -0.0301471
181.798 -0.0324643
179.8 -0.0349551
177.748 -0.037707
175.75 -0.0405888
173.752 -0.0436846
171.754 -0.0470096
169.757 -0.0505799
167.759 -0.0544129
165.761 -0.0585268
163.763 -0.0629413
161.765 -0.067677
159.767 -0.0727562
157.769 -0.0782022
155.717 -0.0842036
153.719 -0.0904714
151.721 -0.0971865
149.723 -0.104379
147.725 -0.112079
145.727 -0.120322
143.729 -0.129142
141.732 -0.138577
139.734 -0.148667
137.736 -0.159452
135.684 -0.1713
133.686 -0.183635
131.688 -0.196806
129.69 -0.210866
127.692 -0.225869
125.694 -0.241872
123.696 -0.258934
121.698 -0.277119
119.7 -0.296492
117.702 -0.317122
115.65 -0.339695
113.653 -0.363098
111.655 -0.387986
109.657 -0.414443
107.659 -0.442552
105.661 -0.472403
103.663 -0.504089
101.665 -0.537705
99.667 -0.573351
97.6691 -0.61113
95.6172 -0.652262
93.6192 -0.694695
91.6213 -0.739595
89.6234 -0.787077
87.6254 -0.837262
85.6275 -0.890273
83.6296 -0.946236
81.6316 -1.00528
79.6337 -1.06754
77.6358 -1.13314
75.5839 -1.20415
73.5859 -1.27696
71.588 -1.35354
69.5901 -1.43402
67.5921 -1.51855
65.5942 -1.60727
63.5963 -1.70033
61.5983 -1.79786
59.6004 -1.9
57.6025 -2.00691
55.5506 -2.12179
53.5526 -2.23875
51.5547 -2.36086
49.5568 -2.48826
47.5588 -2.62107
45.5609 -2.75939
43.563 -2.90334
41.565 -3.05302
39.5671 -3.20851
37.5692 -3.3699
35.5173 -3.54187
33.5193 -3.71541
31.5214 -3.89502
29.5235 -4.08072
27.5255 -4.27254
25.5276 -4.47046
23.5297 -4.67447
21.5317 -4.88452
19.5338 -5.10056
17.5359 -5.32251
15.538 -5.55026
13.486 -5.79007
11.4881 -6.02916
9.49017 -6.27359
7.49224 -6.52316
5.49431 -6.77763
3.49638 -7.03676
1.49845 -7.30025
-0.499483 -7.56779
-2.49741 -7.83904
-4.49534 -8.11362
-6.54727 -8.39869
-8.5452 -8.6788
-10.5431 -8.96095
-12.5411 -9.24468
-14.539 -9.52948
-16.5369 -9.81481
-18.5349 -10.1001
-20.5328 -10.3849
-22.5307 -10.6685
-24.5286 -10.9503
-26.5806 -11.2373
-28.5785 -11.5137
-30.5764 -11.7864
-32.5744 -12.0548
-34.5723 -12.3184
-36.5702 -12.5764
-38.5682 -12.8283
-40.5661 -13.0734
-42.564 -13.3112
-44.5619 -13.541
-46.6139 -13.7683
-48.6118 -13.9805
-50.6097 -14.1833
-52.6077 -14.3761
-54.6056 -14.5586
-56.6035 -14.7304
-58.6014 -14.8912
-60.5994 -15.0407
-62.5973 -15.1787
-64.5952 -15.305
-66.6472 -15.4224
-68.6451 -15.5246
-70.643 -15.6149
-72.641 -15.6933
-74.6389 -15.7599
-76.6368 -15.8148
-78.6347 -15.8582
-80.6327 -15.8903
-82.6306 -15.9113
-84.6285 -15.9216
-86.6805 -15.9214
-88.6784 -15.9109
-90.6763 -15.8908
-92.6743 -15.8615
-94.6722 -15.8234
-96.6701 -15.777
-98.668 -15.7227
-100.666 -15.661
-102.664 -15.5924
-104.662 -15.5174
-106.66 -15.4364
-108.712 -15.3476
-110.71 -15.2561
-112.708 -15.16
-114.705 -15.0599
-116.703 -14.9562
-118.701 -14.8493
-120.699 -14.7396
-122.697 -14.6274
-124.695 -14.5132
-126.693 -14.3972
-128.745 -14.2767
-130.743 -14.1583
-132.741 -14.0391
-134.739 -13.9193
-136.737 -13.7993
-138.735 -13.6792
-140.733 -13.5592
-142.731 -13.4396
-144.728 -13.3205
-146.726 -13.2021
-148.778 -13.0813
-150.776 -12.9646
-152.774 -12.849
-154.772 -12.7345
-156.77 -12.6212
-158.768 -12.5093
-160.766 -12.3987
-162.764 -12.2896
-164.762 -12.1819
-166.76 -12.0757
-168.812 -11.9683
-170.81 -11.8653
-172.807 -11.7639
-174.805 -11.664
-176.803 -11.5658
-178.801 -11.4692
-180.799 -11.3742
-182.797 -11.2807
-184.795 -11.1889
-186.793 -11.0987
-188.845 -11.0076
-190.843 -10.9206
-192.841 -10.835
-194.839 -10.751
-196.837 -10.6685
-198.835 -10.5874
-200.832 -10.5078
-202.83 -10.4296
-204.828 -10.3529
-206.826 -10.2775
-208.878 -10.2015
-210.876 -10.1288
-212.874 -10.0574
-214.872 -9.98733
-216.87 -9.91849
-218.868 -9.85088
-220.866 -9.78446
-222.864 -9.71922
-224.862 -9.65514
-226.86 -9.59217
-228.911 -9.52865
-230.909 -9.46789
-232.907 -9.40819
-234.905 -9.34951
-236.903 -9.29184
-238.901 -9.23515
-240.899 -9.17943
-242.897 -9.12464
-244.895 -9.07077
-246.893 -9.0178
-248.891 -8.9657
-250.943 -8.91308
-252.941 -8.8627
-254.939 -8.81314
-256.937 -8.76437
-258.934 -8.71639
-260.932 -8.66917
-262.93 -8.62269
-264.928 -8.57694
-266.926 -8.5319
-268.924 -8.48756
-270.976 -8.44273
-272.974 -8.39975
-274.972 -8.35742
-276.97 -8.31572
-278.968 -8.27465
-280.966 -8.23418
-282.964 -8.19431
-284.962 -8.15501
-286.959 -8.11628
-288.957 -8.07811
-291.009 -8.03947
-293.007 -8.00239
-295.005 -7.96582
-297.003 -7.92977
-299.001 -7.89421
-299.001 -7.84392
-297.003 -7.79769
-295.005 -7.75567
-293.007 -7.71564
-291.009 -7.67695
-288.957 -7.63826
-286.959 -7.60143
-284.962 -7.56531
-282.964 -7.52983
-280.966 -7.4949
-278.968 -7.46048
-276.97 -7.42654
-274.972 -7.39303
-272.974 -7.35993
-270.976 -7.3272
-268.924 -7.29395
-266.926 -7.26191
-264.928 -7.23018
-262.93 -7.19873
-260.932 -7.16756
-258.934 -7.13665
-256.937 -7.10597
-254.939 -7.07551
-252.941 -7.04526
-250.943 -7.0152
-248.891 -6.98451
-246.893 -6.95479
-244.895 -6.92523
-242.897 -6.89579
-240.899 -6.86649
-238.901 -6.83729
-236.903 -6.80818
-234.905 -6.77916
-232.907 -6.7502
-230.909 -6.7213
-228.911 -6.69245
-226.86 -6.66284
-224.862 -6.63402
-222.864 -6.60521
-220.866 -6.57638
-218.868 -6.54753
-216.87 -6.51863
-214.872 -6.48968
-212.874 -6.46066
-210.876 -6.43155
-208.878 -6.40234
-206.826 -6.37222
-204.828 -6.34276
-202.83 -6.31314
-200.832 -6.28336
-198.835 -6.2534
-196.837 -6.22323
-194.839 -6.19285
-192.841 -6.16223
-190.843 -6.13135
-188.845 -6.10019
-186.793 -6.06788
-184.795 -6.0361
-182.797 -6.00397
-180.799 -5.97149
-178.801 -5.93862
-176.803 -5.90533
-174.805 -5.87162
-172.807 -5.83745
-170.81 -5.80279
-168.812 -5.76762
-166.76 -5.73093
-164.762 -5.69464
-162.764 -5.65774
-160.766 -5.62022
-158.768 -5.58203
-156.77 -5.54315
-154.772 -5.50354
-152.774 -5.46317
-150.776 -5.422
-148.778 -5.37999
-146.726 -5.33593
-144.728 -5.2921
-142.731 -5.24731
-140.733 -5.20151
-138.735 -5.15467
-136.737 -5.10673
-134.739 -5.05766
-132.741 -5.00739
-130.743 -4.95588
-128.745 -4.90308
-126.693 -4.84745
-124.695 -4.79186
-122.697 -4.73481
-120.699 -4.67624
-118.701 -4.61608
-116.703 -4.55428
-114.705 -4.49078
-112.708 -4.42549
-110.71 -4.35837
-108.712 -4.28933
-106.66 -4.21637
-104.662 -4.14323
-102.664 -4.06797
-100.666 -3.99049
-98.668 -3.91073
-96.6701 -3.8286
-94.6722 -3.74403
-92.6743 -3.65693
-90.6763 -3.56721
-88.6784 -3.47481
-86.6805 -3.37962
-84.6285 -3.27887
-82.6306 -3.17778
-80.6327 -3.07365
-78.6347 -2.9664
-76.6368 -2.85593
-74.6389 -2.74216
-72.641 -2.625
-70.643 -2.50438
-68.6451 -2.3802
-66.6472 -2.25239
-64.5952 -2.11726
-62.5973 -1.98184
-60.5994 -1.84256
-58.6014 -1.69934
-56.6035 -1.55213
-54.6056 -1.40085
-52.6077 -1.24546
-50.6097 -1.0859
-48.6118 -0.922135
-46.6139 -0.754118
-44.5619 -0.577109
-42.564 -0.400404
-40.5661 -0.21939
-38.5682 -0.0340682
-36.5702 0.155553
-34.5723 0.349452
-32.5744 0.547595
-30.5764 0.749935
-28.5785 0.956412
-26.5806 1.16695
-24.5286 1.38731
-22.5307 1.60579
-20.5328 1.828
-18.5349 2.05381
-16.5369 2.28305
-14.539 2.51555
-12.5411 2.7511
-10.5431 2.9895
-8.5452 3.2305
-6.54727 3.47384
-4.49534 3.7259
-2.49741 3.97312
-0.499483 4.22177
1.49845 4.47151
3.49638 4.722
5.49431 4.97284
7.49224 5.22365
9.49017 5.474
11.4881 5.72346
13.486 5.9716
15.538 6.22457
17.5359 6.46859
19.5338 6.70985
21.5317 6.94787
23.5297 7.18216
25.5276 7.41221
27.5255 7.63753
29.5235 7.85763
31.5214 8.07202
33.5193 8.28021
35.5173 8.48173
37.5692 8.68129
39.5671 8.86793
41.565 9.04659
43.563 9.21687
45.5609 9.37841
47.5588 9.53086
49.5568 9.67394
51.5547 9.80735
53.5526 9.93088
55.5506 10.0443
57.6025 10.1502
59.6004 10.2428
61.5983 10.3249
63.5963 10.3966
65.5942 10.4579
67.5921 10.5087
69.5901 10.5493
71.588 10.5798
73.5859 10.6003
75.5839 10.611
77.6358 10.6121
79.6337 10.6039
81.6316 10.5867
83.6296 10.5611
85.6275 10.5272
87.6254 10.4855
89.6234 10.4364
91.6213 10.3804
93.6192 10.3177
95.6172 10.249
97.6691 10.1725
99.667 10.0927
101.665 10.0081
103.663 9.91913
105.661 9.82624
107.659 9.72983
109.657 9.6303
111.655 9.52805
113.653 9.42345
115.65 9.31686
117.702 9.20568
119.7 9.09608
121.698 8.98548
123.696 8.87416
125.694 8.76237
127.692 8.65038
129.69 8.53841
131.688 8.42666
133.686 8.31534
135.684 8.20462
137.736 8.09169
139.734 7.98265
141.732 7.87463
143.729 7.76776
145.727 7.66212
147.725 7.55781
149.723 7.4549
151.721 7.35345
153.719 7.25352
155.717 7.15514
157.769 7.05577
159.767 6.96066
161.765 6.86718
163.763 6.77536
165.761 6.68521
167.759 6.59672
169.757 6.50989
171.754 6.42472
173.752 6.34119
175.75 6.25929
177.748 6.17902
179.8 6.09823
181.798 6.02117
183.796 5.94566
185.794 5.87168
187.792 5.7992
189.79 5.7282
191.788 5.65865
193.786 5.59052
195.784 5.52378
197.782 5.45841
199.834 5.39266
201.831 5.32996
203.829 5.26854
205.827 5.20836
207.825 5.14941
209.823 5.09164
211.821 5.03504
213.819 4.97956
215.817 4.9252
217.815 4.87191
219.867 4.81828
221.865 4.7671
223.863 4.71691
225.861 4.66771
227.859 4.61945
229.856 4.57212
231.854 4.5257
233.852 4.48015
235.85 4.43546
237.848 4.39161
239.9 4.34742
241.898 4.3052
243.896 4.26376
245.894 4.22307
247.892 4.18311
249.89 4.14387
251.888 4.10533
253.886 4.06748
255.884 4.03028
257.881 3.99374
259.933 3.95686
261.931 3.92159
263.929 3.88691
265.927 3.85282
267.925 3.8193
269.923 3.78633
271.921 3.75392
273.919 3.72203
275.917 3.69067
277.915 3.65981
279.967 3.62863
281.965 3.59876
283.963 3.56937
285.96 3.54043
287.958 3.51195
289.956 3.4839
291.954 3.45628
293.952 3.42909
295.95 3.4023
297.948 3.37592
300 3.34923
