invT fit lo hi
3.125 -8.59728 -8.6197 -8.57487
3.13745 -8.69733 -8.71894 -8.67571
3.14991 -8.79737 -8.81819 -8.77655
3.16236 -8.89742 -8.91747 -8.87736
3.17482 -8.99746 -9.01676 -8.97816
3.18727 -9.09751 -9.11607 -9.07894
3.19973 -9.19755 -9.21541 -9.17969
3.21218 -9.29759 -9.31477 -9.28042
3.22464 -9.39764 -9.41416 -9.38112
3.23709 -9.49768 -9.51359 -9.48178
3.24955 -9.59773 -9.61305 -9.58241
3.262 -9.69777 -9.71256 -9.68299
3.27446 -9.79782 -9.81211 -9.78353
3.28691 -9.89786 -9.91171 -9.88401
3.29937 -9.99791 -10.0114 -9.98444
3.31182 -10.098 -10.1111 -10.0848
3.32428 -10.198 -10.2109 -10.1851
3.33673 -10.298 -10.3107 -10.2853
3.34918 -10.3981 -10.4107 -10.3855
3.36164 -10.4981 -10.5107 -10.4856
3.37409 -10.5982 -10.6108 -10.5856
3.38655 -10.6982 -10.7109 -10.6855
3.399 -10.7983 -10.8112 -10.7854
3.41146 -10.8983 -10.9115 -10.8852
3.42391 -10.9984 -11.0118 -10.9849
3.43637 -11.0984 -11.1123 -11.0846
3.44882 -11.1984 -11.2127 -11.1842
3.46128 -11.2985 -11.3133 -11.2837
3.47373 -11.3985 -11.4139 -11.3832
3.48619 -11.4986 -11.5145 -11.4827
3.49864 -11.5986 -11.6152 -11.5821
3.5111 -11.6987 -11.7159 -11.6815
3.52355 -11.7987 -11.8166 -11.7809
3.53601 -11.8988 -11.9173 -11.8802
3.54846 -11.9988 -12.0181 -11.9795
3.56091 -12.0989 -12.1189 -12.0788
3.57337 -12.1989 -12.2197 -12.1781
3.58582 -12.2989 -12.3206 -12.2773
3.59828 -12.399 -12.4214 -12.3766
3.61073 -12.499 -12.5223 -12.4758
3.62319 -12.5991 -12.6231 -12.575
