w T
100 271.4
99.0056 267.603
97.9997 263.805
96.9823 260.008
95.9534 256.21
94.9128 252.413
93.8607 248.615
92.7969 244.818
91.7216 241.02
90.6346 237.223
89.5361 233.426
88.4261 229.628
87.3046 225.831
86.1716 222.033
85.0274 218.236
83.8719 214.438
82.7052 210.641
81.5276 206.844
80.339 203.046
79.1397 199.249
77.9299 195.451
76.7097 191.654
75.4794 187.856
74.2391 184.059
72.9892 180.261
71.7299 176.464
70.4615 172.667
69.1844 168.869
67.8989 165.072
66.6054 161.274
65.3043 157.477
63.9959 153.679
62.6809 149.882
61.3596 146.085
60.0326 142.287
58.7004 138.49
57.3637 134.692
56.023 130.895
54.6789 127.097
53.3322 123.3
51.9835 119.502
