N k j c x
2 1 1 0.7071 1
2 1 2 0.7071 1
2 2 1 0.7071 -1
2 2 2 -0.7071 -1
3 1 1 0.5 1.414
3 1 2 0.7071 1.414
3 1 3 0.5 1.414
3 2 1 0.7071 1.225e-16
3 2 2 8.66e-17 1.225e-16
3 2 3 -0.7071 1.225e-16
3 3 1 0.5 -1.414
3 3 2 -0.7071 -1.414
3 3 3 0.5 -1.414
4 1 1 0.3717 1.618
4 1 2 0.6015 1.618
4 1 3 0.6015 1.618
4 1 4 0.3717 1.618
4 2 1 0.6015 0.618
4 2 2 0.3717 0.618
4 2 3 -0.3717 0.618
4 2 4 -0.6015 0.618
4 3 1 0.6015 -0.618
4 3 2 -0.3717 -0.618
4 3 3 -0.3717 -0.618
4 3 4 0.6015 -0.618
4 4 1 0.3717 -1.618
4 4 2 -0.6015 -1.618
4 4 3 0.6015 -1.618
4 4 4 -0.3717 -1.618
6 1 1 0.2319 1.802
6 1 2 0.4179 1.802
6 1 3 0.5211 1.802
6 1 4 0.5211 1.802
6 1 5 0.4179 1.802
6 1 6 0.2319 1.802
6 2 1 0.4179 1.247
6 2 2 0.5211 1.247
6 2 3 0.2319 1.247
6 2 4 -0.2319 1.247
6 2 5 -0.5211 1.247
6 2 6 -0.4179 1.247
6 3 1 0.5211 0.445
6 3 2 0.2319 0.445
6 3 3 -0.4179 0.445
6 3 4 -0.4179 0.445
6 3 5 0.2319 0.445
6 3 6 0.5211 0.445
6 4 1 0.5211 -0.445
6 4 2 -0.2319 -0.445
6 4 3 -0.4179 -0.445
6 4 4 0.4179 -0.445
6 4 5 0.2319 -0.445
6 4 6 -0.5211 -0.445
6 5 1 0.4179 -1.247
6 5 2 -0.5211 -1.247
6 5 3 0.2319 -1.247
6 5 4 0.2319 -1.247
6 5 5 -0.5211 -1.247
6 5 6 0.4179 -1.247
6 6 1 0.2319 -1.802
6 6 2 -0.4179 -1.802
6 6 3 0.5211 -1.802
6 6 4 -0.5211 -1.802
6 6 5 0.4179 -1.802
6 6 6 -0.2319 -1.802
