V pH
0 1.30088
0.05 1.30741
0.1 1.31397
0.15 1.32056
0.2 1.32719
0.25 1.33386
0.3 1.34056
0.35 1.34731
0.4 1.35409
0.45 1.36091
0.5 1.36778
0.55 1.37469
0.6 1.38165
0.65 1.38865
0.7 1.3957
0.75 1.4028
0.8 1.40994
0.85 1.41714
0.9 1.4244
0.95 1.43171
1 1.43907
1.05 1.4465
1.1 1.45398
1.15 1.46153
1.2 1.46914
1.25 1.47682
1.3 1.48457
1.35 1.49238
1.4 1.50027
1.45 1.50823
1.5 1.51628
1.55 1.5244
1.6 1.5326
1.65 1.54089
1.7 1.54927
1.75 1.55774
1.8 1.5663
1.85 1.57496
1.9 1.58372
1.95 1.59258
2 1.60156
2.05 1.61064
2.1 1.61985
2.15 1.62917
2.2 1.63862
2.25 1.64819
2.3 1.65791
2.35 1.66776
2.4 1.67776
2.45 1.68791
2.5 1.69822
2.55 1.70869
2.6 1.71934
2.65 1.73016
2.7 1.74117
2.75 1.75238
2.8 1.76379
2.85 1.77542
2.9 1.78727
2.95 1.79936
3 1.81169
3.05 1.82429
3.1 1.83716
3.15 1.85031
3.2 1.86377
3.25 1.87756
3.3 1.89168
3.35 1.90616
3.4 1.92103
3.45 1.9363
3.5 1.952
3.55 1.96816
3.6 1.98482
3.65 2.002
3.7 2.01976
3.75 2.03812
3.8 2.05713
3.85 2.07686
3.9 2.09736
3.95 2.1187
4 2.14095
4.05 2.16421
4.1 2.18857
4.15 2.21415
4.2 2.24108
4.25 2.26952
4.3 2.29966
4.35 2.3317
4.4 2.3659
4.45 2.40258
4.5 2.44209
4.55 2.48489
4.6 2.53152
4.65 2.58262
4.7 2.63897
4.75 2.70146
4.8 2.771
4.85 2.84839
4.9 2.93385
4.95 3.02644
5 3.12352
5.05 3.22101
5.1 3.31476
5.15 3.40197
5.2 3.48153
5.25 3.55354
5.3 3.6187
5.35 3.67789
5.4 3.73195
5.45 3.78163
5.5 3.82757
5.55 3.8703
5.6 3.91026
5.65 3.94782
5.7 3.98329
5.75 4.01691
5.8 4.0489
5.85 4.07945
5.9 4.1087
5.95 4.13681
6 4.16387
6.05 4.19
6.1 4.21528
6.15 4.23978
6.2 4.26359
6.25 4.28676
6.3 4.30934
6.35 4.33139
6.4 4.35296
6.45 4.37407
6.5 4.39477
6.55 4.41509
6.6 4.43507
6.65 4.45473
6.7 4.4741
6.75 4.49321
6.8 4.51207
6.85 4.53071
6.9 4.54915
6.95 4.56741
7 4.58551
7.05 4.60346
7.1 4.62128
7.15 4.63899
7.2 4.6566
7.25 4.67413
7.3 4.69159
7.35 4.709
7.4 4.72637
7.45 4.74372
7.5 4.76105
7.55 4.77839
7.6 4.79574
7.65 4.81312
7.7 4.83055
7.75 4.84803
7.8 4.86559
7.85 4.88323
7.9 4.90098
7.95 4.91885
8 4.93684
8.05 4.955
8.1 4.97332
8.15 4.99183
8.2 5.01055
8.25 5.0295
8.3 5.0487
8.35 5.06818
8.4 5.08796
8.45 5.10807
8.5 5.12855
8.55 5.14942
8.6 5.17072
8.65 5.19249
8.7 5.21477
8.75 5.23762
8.8 5.26109
8.85 5.28524
8.9 5.31014
8.95 5.33587
9 5.36251
9.05 5.39017
9.1 5.41897
9.15 5.44905
9.2 5.48057
9.25 5.51373
9.3 5.54876
9.35 5.58596
9.4 5.62568
9.45 5.66837
9.5 5.7146
9.55 5.76515
9.6 5.82105
9.65 5.88373
9.7 5.95531
9.75 6.03908
9.8 6.14053
9.85 6.26996
9.9 6.45048
9.95 6.75584
10 8.57671
10.05 10.3922
10.1 10.6921
10.15 10.8671
10.2 10.9909
10.25 11.0868
10.3 11.1649
10.35 11.2308
10.4 11.2877
10.45 11.3378
10.5 11.3825
10.55 11.4228
10.6 11.4595
10.65 11.4932
10.7 11.5244
10.75 11.5533
10.8 11.5803
10.85 11.6056
10.9 11.6293
10.95 11.6518
11 11.673
11.05 11.6932
11.1 11.7124
11.15 11.7306
11.2 11.7481
11.25 11.7648
11.3 11.7808
11.35 11.7962
11.4 11.811
11.45 11.8252
11.5 11.8389
11.55 11.8521
11.6 11.8649
11.65 11.8773
11.7 11.8892
11.75 11.9008
11.8 11.9121
11.85 11.923
11.9 11.9336
11.95 11.9438
12 11.9539
12.05 11.9636
12.1 11.9731
12.15 11.9823
12.2 11.9913
12.25 12.0001
12.3 12.0087
12.35 12.017
12.4 12.0252
12.45 12.0332
12.5 12.041
12.55 12.0486
12.6 12.0561
12.65 12.0634
12.7 12.0706
12.75 12.0776
12.8 12.0845
12.85 12.0912
12.9 12.0978
12.95 12.1043
13 12.1106
13.05 12.1169
13.1 12.123
13.15 12.129
13.2 12.1349
13.25 12.1407
13.3 12.1464
13.35 12.152
13.4 12.1575
13.45 12.1629
13.5 12.1682
13.55 12.1735
13.6 12.1786
13.65 12.1837
13.7 12.1887
13.75 12.1936
13.8 12.1985
13.85 12.2032
13.9 12.2079
13.95 12.2125
14 12.2171
14.05 12.2216
14.1 12.226
14.15 12.2304
14.2 12.2347
14.25 12.2389
14.3 12.2431
14.35 12.2472
14.4 12.2513
14.45 12.2553
14.5 12.2593
14.55 12.2632
14.6 12.2671
14.65 12.2709
14.7 12.2746
14.75 12.2784
14.8 12.282
14.85 12.2857
14.9 12.2892
14.95 12.2928
15 12.2963
15.05 12.2997
15.1 12.3031
15.15 12.3065
15.2 12.3098
15.25 12.3131
15.3 12.3164
15.35 12.3196
15.4 12.3228
15.45 12.326
15.5 12.3291
15.55 12.3321
15.6 12.3352
15.65 12.3382
15.7 12.3412
15.75 12.3441
15.8 12.3471
15.85 12.3499
15.9 12.3528
15.95 12.3556
16 12.3584
16.05 12.3612
16.1 12.3639
16.15 12.3666
16.2 12.3693
16.25 12.372
16.3 12.3746
16.35 12.3772
16.4 12.3798
16.45 12.3824
16.5 12.3849
16.55 12.3874
16.6 12.3899
16.65 12.3924
16.7 12.3948
16.75 12.3972
16.8 12.3996
16.85 12.402
16.9 12.4043
16.95 12.4067
17 12.409
17.05 12.4113
17.1 12.4135
17.15 12.4158
17.2 12.418
17.25 12.4202
17.3 12.4224
17.35 12.4246
17.4 12.4267
17.45 12.4289
17.5 12.431
17.55 12.4331
17.6 12.4352
17.65 12.4372
17.7 12.4393
17.75 12.4413
17.8 12.4433
17.85 12.4453
17.9 12.4473
17.95 12.4492
18 12.4512
18.05 12.4531
18.1 12.455
18.15 12.4569
18.2 12.4588
18.25 12.4607
18.3 12.4625
18.35 12.4644
18.4 12.4662
18.45 12.468
18.5 12.4698
18.55 12.4716
18.6 12.4734
18.65 12.4751
18.7 12.4769
18.75 12.4786
18.8 12.4803
18.85 12.482
18.9 12.4837
18.95 12.4854
19 12.4871
19.05 12.4887
19.1 12.4904
19.15 12.492
19.2 12.4937
19.25 12.4953
19.3 12.4969
19.35 12.4985
19.4 12.5
19.45 12.5016
19.5 12.5031
19.55 12.5047
19.6 12.5062
19.65 12.5077
19.7 12.5093
19.75 12.5108
19.8 12.5123
19.85 12.5137
19.9 12.5152
19.95 12.5167
20 12.5181
