t Z
0 0
0.5 0.104043
1 0.194576
1.5 0.273356
2 0.341906
2.5 0.401556
3 0.453461
3.5 0.498627
4 0.537929
4.5 0.572128
5 0.601886
5.5 0.627781
6 0.650314
6.5 0.669921
7 0.686982
7.5 0.701828
8 0.714746
8.5 0.725987
9 0.735769
9.5 0.744281
10 0.751687
10.5 0.758132
11 0.76374
11.5 0.76862
12 0.772866
12.5 0.776561
13 0.779776
13.5 0.782574
14 0.785009
14.5 0.787127
15 0.78897
15.5 0.790575
16 0.79197
16.5 0.793185
17 0.794242
17.5 0.795161
18 0.795961
18.5 0.796658
19 0.797264
19.5 0.797791
20 0.79825
20.5 0.798649
21 0.798996
21.5 0.799299
22 0.799562
22.5 0.799791
23 0.79999
23.5 0.800163
24 0.800314
24.5 0.800445
25 0.800559
25.5 0.800659
26 0.800745
26.5 0.80082
27 0.800886
27.5 0.800943
28 0.800992
28.5 0.801035
29 0.801073
29.5 0.801106
30 0.801134
30.5 0.801159
31 0.80118
31.5 0.801199
32 0.801215
32.5 0.801229
33 0.801242
33.5 0.801253
34 0.801262
34.5 0.80127
35 0.801277
35.5 0.801283
36 0.801289
36.5 0.801293
37 0.801297
37.5 0.801301
38 0.801304
38.5 0.801307
39 0.801309
39.5 0.801311
40 0.801313
40.5 0.801314
41 0.801316
41.5 0.801317
42 0.801318
42.5 0.801319
43 0.801319
43.5 0.80132
44 0.801321
44.5 0.801321
45 0.801322
45.5 0.801322
46 0.801322
46.5 0.801323
47 0.801323
47.5 0.801323
48 0.801323
48.5 0.801323
49 0.801324
49.5 0.801324
50 0.801324
50.5 0.801324
51 0.801324
51.5 0.801324
52 0.801324
52.5 0.801324
53 0.801324
53.5 0.801324
54 0.801324
54.5 0.801324
55 0.801324
55.5 0.801324
56 0.801324
56.5 0.801324
57 0.801324
57.5 0.801324
58 0.801324
58.5 0.801324
59 0.801324
59.5 0.801324
60 0.801324
60.5 0.778884
61 0.757231
61.5 0.736337
62 0.716176
62.5 0.696721
63 0.677948
63.5 0.659834
64 0.642355
64.5 0.625488
65 0.609213
65.5 0.593509
66 0.578355
66.5 0.563732
67 0.549622
67.5 0.536007
68 0.522869
68.5 0.510192
69 0.497959
69.5 0.486155
70 0.474765
70.5 0.463775
71 0.45317
71.5 0.442936
72 0.433061
72.5 0.423533
73 0.414338
73.5 0.405466
74 0.396905
74.5 0.388645
75 0.380673
75.5 0.372982
76 0.36556
76.5 0.358398
77 0.351487
77.5 0.344819
78 0.338384
78.5 0.332175
79 0.326184
79.5 0.320402
80 0.314824
80.5 0.309441
81 0.304247
81.5 0.299234
82 0.294398
82.5 0.289731
83 0.285228
83.5 0.280883
84 0.27669
84.5 0.272644
85 0.26874
85.5 0.264972
86 0.261337
86.5 0.257829
87 0.254445
87.5 0.251179
88 0.248027
88.5 0.244986
89 0.242052
89.5 0.23922
90 0.236488
90.5 0.233851
91 0.231307
91.5 0.228852
92 0.226484
92.5 0.224198
93 0.221992
93.5 0.219864
94 0.21781
94.5 0.215829
95 0.213917
95.5 0.212072
96 0.210291
96.5 0.208573
97 0.206915
97.5 0.205316
98 0.203772
98.5 0.202283
99 0.200845
99.5 0.199459
100 0.19812
100.5 0.196829
101 0.195583
101.5 0.194381
102 0.193221
102.5 0.192101
103 0.191021
103.5 0.189979
104 0.188973
104.5 0.188002
105 0.187066
105.5 0.186162
106 0.18529
106.5 0.184448
107 0.183636
107.5 0.182853
108 0.182097
108.5 0.181368
109 0.180664
109.5 0.179984
110 0.179329
110.5 0.178696
111 0.178086
111.5 0.177497
112 0.176929
112.5 0.176381
113 0.175852
113.5 0.175341
114 0.174849
114.5 0.174373
115 0.173915
115.5 0.173472
116 0.173045
116.5 0.172633
117 0.172235
117.5 0.171851
118 0.171481
118.5 0.171124
119 0.170779
119.5 0.170446
120 0.170125
