E_mV i_uA
299.946 -0.00794769
297.948 -0.00085205
295.95 -0.000696363
293.952 -0.000653447
291.954 -0.000647214
289.956 -0.000659266
287.958 -0.000682855
285.96 -0.000714982
283.963 -0.000754189
281.965 -0.000799765
279.967 -0.000851402
277.915 -0.000910677
275.917 -0.000974573
273.919 -0.00104478
271.921 -0.0011216
269.923 -0.00120542
267.925 -0.00129666
265.927 -0.00139584
263.929 -0.00150352
261.931 -0.00162032
259.933 -0.00174693
257.881 -0.00188795
255.884 -0.00203681
253.886 -0.00219795
251.888 -0.00237235
249.89 -0.00256104
247.892 -0.00276518
245.894 -0.00298598
243.896 -0.00322479
241.898 -0.00348304
239.9 -0.0037623
237.848 -0.00407274
235.85 -0.0043999
233.852 -0.0047536
231.854 -0.00513598
229.856 -0.00554936
227.859 -0.00599623
225.861 -0.0064793
223.863 -0.00700149
221.865 -0.00756594
219.867 -0.00817608
217.815 -0.00885413
215.817 -0.00956848
213.819 -0.0103406
211.821 -0.0111752
209.823 -0.0120773
207.825 -0.0130522
205.827 -0.014106
203.829 -0.015245
201.831 -0.016476
199.834 -0.0178065
197.782 -0.0192849
195.784 -0.0208423
193.786 -0.0225255
191.788 -0.0243446
189.79 -0.0263106
187.792 -0.0284353
185.794 -0.0307315
183.796 -0.033213
181.798 -0.0358948
179.8 -0.0387929
177.748 -0.0420129
175.75 -0.0454044
173.752 -0.0490693
171.754 -0.0530296
169.757 -0.057309
167.759 -0.0619332
165.761 -0.0669296
163.763 -0.0723283
161.765 -0.0781613
159.767 -0.0844636
157.769 -0.0912724
155.717 -0.0988353
153.719 -0.106799
151.721 -0.115401
149.723 -0.124694
147.725 -0.134732
145.727 -0.145574
143.729 -0.157284
141.732 -0.16993
139.734 -0.183587
137.736 -0.198335
135.684 -0.214706
133.686 -0.231934
131.688 -0.250533
129.69 -0.270609
127.692 -0.292279
125.694 -0.315666
123.696 -0.340902
121.698 -0.36813
119.7 -0.397505
117.702 -0.429189
115.65 -0.464319
113.653 -0.501238
111.655 -0.541039
109.657 -0.583937
107.659 -0.630163
105.661 -0.679963
103.663 -0.7336
101.665 -0.791352
99.667 -0.853517
97.6691 -0.920409
95.6172 -0.994381
93.6192 -1.0719
91.6213 -1.15522
89.6234 -1.24473
87.6254 -1.34085
85.6275 -1.44401
83.6296 -1.55466
81.6316 -1.67329
79.6337 -1.80037
77.6358 -1.93643
75.5839 -2.08605
73.5859 -2.24192
71.588 -2.40839
69.5901 -2.58601
67.5921 -2.77535
65.5942 -2.97697
63.5963 -3.19142
61.5983 -3.41923
59.6004 -3.66093
57.6025 -3.917
55.5506 -4.19544
53.5526 -4.48198
51.5547 -4.78411
49.5568 -5.1021
47.5588 -5.43612
45.5609 -5.78627
43.563 -6.15253
41.565 -6.53474
39.5671 -6.93262
37.5692 -7.34574
35.5173 -7.78525
33.5193 -8.22721
31.5214 -8.68205
29.5235 -9.14859
27.5255 -9.6255
25.5276 -10.1112
23.5297 -10.6041
21.5317 -11.1021
19.5338 -11.6032
17.5359 -12.1052
15.538 -12.6057
13.486 -13.1157
11.4881 -13.6057
9.49017 -14.0866
7.49224 -14.5558
5.49431 -15.0109
3.49638 -15.4495
1.49845 -15.8691
-0.499483 -16.2677
-2.49741 -16.6433
-4.49534 -16.994
-6.54727 -17.3269
-8.5452 -17.6231
-10.5431 -17.8907
-12.5411 -18.1291
-14.539 -18.3379
-16.5369 -18.517
-18.5349 -18.6666
-20.5328 -18.7869
-22.5307 -18.8788
-24.5286 -18.943
-26.5806 -18.9813
-28.5785 -18.9929
-30.5764 -18.9805
-32.5744 -18.9454
-34.5723 -18.8893
-36.5702 -18.8137
-38.5682 -18.7202
-40.5661 -18.6103
-42.564 -18.4858
-44.5619 -18.348
-46.6139 -18.1943
-48.6118 -18.0344
-50.6097 -17.8656
-52.6077 -17.6893
-54.6056 -17.5067
-56.6035 -17.3189
-58.6014 -17.1271
-60.5994 -16.9321
-62.5973 -16.7349
-64.5952 -16.5363
-66.6472 -16.3316
-68.6451 -16.1322
-70.643 -15.9334
-72.641 -15.7358
-74.6389 -15.5396
-76.6368 -15.3455
-78.6347 -15.1536
-80.6327 -14.9643
-82.6306 -14.7778
-84.6285 -14.5944
-86.6805 -14.4094
-88.6784 -14.2326
-90.6763 -14.0594
-92.6743 -13.8896
-94.6722 -13.7235
-96.6701 -13.561
-98.668 -13.4022
-100.666 -13.247
-102.664 -13.0955
-104.662 -12.9475
-106.66 -12.8032
-108.712 -12.6586
-110.71 -12.5214
-112.708 -12.3876
-114.705 -12.2571
-116.703 -12.1299
-118.701 -12.0059
-120.699 -11.8851
-122.697 -11.7673
-124.695 -11.6524
-126.693 -11.5405
-128.745 -11.4285
-130.743 -11.3222
-132.741 -11.2185
-134.739 -11.1175
-136.737 -11.0189
-138.735 -10.9228
-140.733 -10.829
-142.731 -10.7375
-144.728 -10.6482
-146.726 -10.561
-148.778 -10.4736
-150.776 -10.3906
-152.774 -10.3095
-154.772 -10.2302
-156.77 -10.1528
-158.768 -10.0771
-160.766 -10.0032
-162.764 -9.93082
-164.762 -9.86008
-166.76 -9.79087
-168.812 -9.72134
-170.81 -9.6551
-172.807 -9.59025
-174.805 -9.52674
-176.803 -9.46455
-178.801 -9.40361
-180.799 -9.3439
-182.797 -9.28538
-184.795 -9.228
-186.793 -9.17174
-188.845 -9.11508
-190.843 -9.06097
-192.841 -9.00787
-194.839 -8.95575
-196.837 -8.90459
-198.835 -8.85435
-200.832 -8.80501
-202.83 -8.75653
-204.828 -8.70891
-206.826 -8.6621
-208.878 -8.61486
-210.876 -8.56965
-212.874 -8.52519
-214.872 -8.48146
-216.87 -8.43844
-218.868 -8.39612
-220.866 -8.35447
-222.864 -8.31347
-224.862 -8.27311
-226.86 -8.23337
-228.911 -8.19318
-230.909 -8.15465
-232.907 -8.11669
-234.905 -8.0793
-236.903 -8.04244
-238.901 -8.00612
-240.899 -7.97031
-242.897 -7.93501
-244.895 -7.9002
-246.893 -7.86587
-248.891 -7.83201
-250.943 -7.79771
-252.941 -7.76477
-254.939 -7.73227
-256.937 -7.70019
-258.934 -7.66853
-260.932 -7.63728
-262.93 -7.60643
-264.928 -7.57596
-266.926 -7.54588
-268.924 -7.51617
-270.976 -7.48604
-272.974 -7.45706
-274.972 -7.42844
-276.97 -7.40015
-278.968 -7.3722
-280.966 -7.34458
-282.964 -7.31728
-284.962 -7.2903
-286.959 -7.26363
-288.957 -7.23725
-291.009 -7.21048
-293.007 -7.1847
-295.005 -7.15921
-297.003 -7.134
-299.001 -7.10906
-299.001 -7.08424
-297.003 -7.05971
-295.005 -7.03549
-293.007 -7.01153
-291.009 -6.98782
-288.957 -6.96374
-286.959 -6.94053
-284.962 -6.91757
-282.964 -6.89483
-280.966 -6.87232
-278.968 -6.85003
-276.97 -6.82796
-274.972 -6.8061
-272.974 -6.78445
-270.976 -6.763
-268.924 -6.74118
-266.926 -6.72014
-264.928 -6.69928
-262.93 -6.67862
-260.932 -6.65814
-258.934 -6.63783
-256.937 -6.61771
-254.939 -6.59776
-252.941 -6.57797
-250.943 -6.55835
-248.891 -6.53837
-246.893 -6.51908
-244.895 -6.49993
-242.897 -6.48094
-240.899 -6.46208
-238.901 -6.44337
-236.903 -6.4248
-234.905 -6.40636
-232.907 -6.38805
-230.909 -6.36986
-228.911 -6.35178
-226.86 -6.33334
-224.862 -6.3155
-222.864 -6.29776
-220.866 -6.28011
-218.868 -6.26256
-216.87 -6.2451
-214.872 -6.22772
-212.874 -6.21041
-210.876 -6.19317
-208.878 -6.17599
-206.826 -6.1584
-204.828 -6.14133
-202.83 -6.12428
-200.832 -6.10727
-198.835 -6.09028
-196.837 -6.07329
-194.839 -6.05631
-192.841 -6.03931
-190.843 -6.02228
-188.845 -6.00522
-186.793 -5.98764
-184.795 -5.97046
-182.797 -5.9532
-180.799 -5.93583
-178.801 -5.91835
-176.803 -5.90074
-174.805 -5.88296
-172.807 -5.86501
-170.81 -5.84685
-168.812 -5.82846
-166.76 -5.8093
-164.762 -5.79036
-162.764 -5.7711
-160.766 -5.75148
-158.768 -5.73147
-156.77 -5.71103
-154.772 -5.69011
-152.774 -5.66867
-150.776 -5.64665
-148.778 -5.62401
-146.726 -5.60005
-144.728 -5.57596
-142.731 -5.55105
-140.733 -5.52526
-138.735 -5.4985
-136.737 -5.4707
-134.739 -5.44175
-132.741 -5.41157
-130.743 -5.38005
-128.745 -5.34708
-126.693 -5.31158
-124.695 -5.27529
-122.697 -5.23716
-120.699 -5.19703
-118.701 -5.15476
-116.703 -5.11016
-114.705 -5.06306
-112.708 -5.01326
-110.71 -4.96055
-108.712 -4.90471
-106.66 -4.84384
-104.662 -4.7809
-102.664 -4.71405
-100.666 -4.64302
-98.668 -4.56748
-96.6701 -4.48711
-94.6722 -4.40158
-92.6743 -4.31052
-90.6763 -4.21353
-88.6784 -4.11023
-86.6805 -4.00018
-84.6285 -3.87967
-82.6306 -3.75456
-80.6327 -3.6213
-78.6347 -3.47939
-76.6368 -3.32831
-74.6389 -3.16752
-72.641 -2.99649
-70.643 -2.81465
-68.6451 -2.62145
-66.6472 -2.41632
-64.5952 -2.19265
-62.5973 -1.96166
-60.5994 -1.71709
-58.6014 -1.45844
-56.6035 -1.18524
-54.6056 -0.897065
-52.6077 -0.59353
-50.6097 -0.274329
-48.6118 0.0607716
-46.6139 0.411913
-44.5619 0.789282
-42.564 1.17293
-40.5661 1.57237
-38.5682 1.98722
-36.5702 2.41698
-34.5723 2.86095
-32.5744 3.31827
-30.5764 3.78789
-28.5785 4.26856
-26.5806 4.75884
-24.5286 5.27066
-22.5307 5.77522
-20.5328 6.28391
-18.5349 6.79457
-16.5369 7.3049
-14.539 7.8125
-12.5411 8.31488
-10.5431 8.80949
-8.5452 9.29378
-6.54727 9.7652
-4.49534 10.2334
-2.49741 10.6712
-0.499483 11.089
1.49845 11.4846
3.49638 11.8563
5.49431 12.2024
7.49224 12.5214
9.49017 12.8124
11.4881 13.0744
13.486 13.307
15.538 13.5149
17.5359 13.6872
19.5338 13.8301
21.5317 13.9441
23.5297 14.0299
25.5276 14.0886
27.5255 14.1212
29.5235 14.129
31.5214 14.1135
33.5193 14.076
35.5173 14.0182
37.5692 13.9392
39.5671 13.8449
41.565 13.7351
43.563 13.6113
45.5609 13.475
47.5588 13.3277
49.5568 13.1708
51.5547 13.0057
53.5526 12.8337
55.5506 12.6558
57.6025 12.4683
59.6004 12.282
61.5983 12.0931
63.5963 11.9022
65.5942 11.7103
67.5921 11.5181
69.5901 11.326
71.588 11.1348
73.5859 10.9448
75.5839 10.7566
77.6358 10.5654
79.6337 10.3817
81.6316 10.2007
83.6296 10.0226
85.6275 9.84766
87.6254 9.67595
89.6234 9.50762
91.6213 9.34277
93.6192 9.18147
95.6172 9.02376
97.6691 8.86555
99.667 8.71519
101.665 8.56845
103.663 8.4253
105.661 8.28573
107.659 8.14969
109.657 8.01712
111.655 7.88797
113.653 7.76218
115.65 7.63968
117.702 7.51722
119.7 7.40117
121.698 7.28819
123.696 7.1782
125.694 7.07111
127.692 6.96686
129.69 6.86536
131.688 6.76653
133.686 6.67029
135.684 6.57658
137.736 6.48286
139.734 6.39401
141.732 6.30745
143.729 6.2231
145.727 6.1409
147.725 6.06078
149.723 5.98266
151.721 5.90649
153.719 5.83221
155.717 5.75974
157.769 5.68715
159.767 5.61819
161.765 5.55088
163.763 5.48516
165.761 5.42097
167.759 5.35828
169.757 5.29703
171.754 5.23718
173.752 5.17867
175.75 5.12147
177.748 5.06553
179.8 5.00935
181.798 4.95585
183.796 4.90349
185.794 4.85224
187.792 4.80207
189.79 4.75294
191.788 4.70481
193.786 4.65766
195.784 4.61146
197.782 4.56618
199.834 4.5206
201.831 4.4771
203.829 4.43443
205.827 4.39258
207.825 4.35151
209.823 4.31122
211.821 4.27166
213.819 4.23283
215.817 4.1947
217.815 4.15725
219.867 4.11948
221.865 4.08336
223.863 4.04787
225.861 4.01298
227.859 3.97869
229.856 3.94498
231.854 3.91183
233.852 3.87923
235.85 3.84716
237.848 3.81561
239.9 3.78373
241.898 3.75319
243.896 3.72314
245.894 3.69355
247.892 3.66442
249.89 3.63573
251.888 3.60748
253.886 3.57966
255.884 3.55225
257.881 3.52525
259.933 3.49793
261.931 3.47171
263.929 3.44588
265.927 3.42041
267.925 3.39531
269.923 3.37056
271.921 3.34615
273.919 3.32208
275.917 3.29834
277.915 3.27492
279.967 3.2512
281.965 3.22842
283.963 3.20593
285.96 3.18375
287.958 3.16185
289.956 3.14024
291.954 3.11891
293.952 3.09785
295.95 3.07705
297.948 3.05652
300 3.0357
