x y
0.423052 0.737502
0.858667 -0.0115367
1.28558 0.732288
-0.436554 0.743586
-0.0101471 1.48448
-0.866025 -8.32667e-17
-0.433013 -0.75
0.432074 -0.755453
1.2981 -0.755453
2.14208 0.723924
2.5799 -0.0266905
2.99643 0.712642
1.73298 1.47501
2.16283 -0.762244
3.02886 -0.762244
3.83971 0.689937
4.28617 -0.0700015
4.68054 0.637132
3.45556 1.45001
3.89185 -0.782849
4.75788 -0.782849
5.54027 0.59999
6.01558 -0.128989
6.37889 0.640744
5.16955 1.35095
5.62755 -0.804695
6.49357 -0.804695
7.23055 0.716419
7.73013 -0.0017323
8.11945 0.7243
6.5141 1.35787
7.35646 -0.753113
8.22249 -0.753113
9.01877 0.723957
9.49765 -0.00118819
9.92739 0.72533
8.54383 1.44963
9.09068 -0.752226
9.95671 -0.752226
10.8203 0.720598
11.2592 -0.00369357
11.6922 0.746306
10.3867 1.45419
10.8253 -0.75
1.30857 2.20679
2.18859 2.21351
0.42797 2.21104
0.862971 2.93457
-0.439619 2.24089
3.05682 2.19979
3.93427 2.16376
2.63588 2.95231
4.80744 2.11752
5.7367 1.8195
4.36563 2.89688
6.50432 2.167
7.26398 2.55608
6.48971 2.97216
8.14312 2.25863
8.99318 2.07557
7.8019 3.06646
9.92748 2.07876
10.8098 2.23506
11.6756 2.25516
12.1244 1.5
11.2323 3.01727
0.431376 3.68451
1.30151 3.65261
-0.430032 3.72009
-0.0373443 4.43338
-0.866025 3
2.1944 3.66363
3.07725 3.71716
1.693 4.35531
3.92954 3.69775
4.82295 3.50689
3.42846 4.49456
5.75608 3.49885
6.58185 3.72976
7.39606 3.81631
8.25992 3.79468
6.87093 4.5412
9.13211 3.90062
10.0228 3.96504
8.61578 4.49984
10.8486 3.83666
11.6811 3.76211
10.3921 4.65646
1.21058 5.09372
2.04084 5.13764
0.350364 5.1399
0.828685 5.85665
-0.473337 5.21329
2.89345 5.22337
3.74898 5.30463
2.17009 5.87129
4.60185 5.41242
5.50771 5.38861
4.16727 6.10592
6.37812 5.2874
7.2303 5.23066
5.99618 6.05893
8.11129 5.21093
8.97534 5.26019
7.73125 5.94056
9.86102 5.3524
10.787 5.36504
9.10342 5.9573
11.6868 5.28312
12.1244 4.5
11.2118 6.07221
0.479219 6.65862
1.38713 6.33081
-0.391789 6.72858
0.041224 7.47858
-0.866025 6
2.10829 6.71694
2.8286 7.1234
2.03397 7.555
3.76024 6.86136
4.65405 6.81179
3.41054 7.61681
5.57709 6.78861
6.49277 6.77104
5.16092 7.51644
7.37567 6.70941
8.3016 6.40614
6.94786 7.48366
9.04932 6.76711
9.80166 7.12258
8.98842 7.57511
10.7444 6.83137
11.6494 6.78909
10.3672 7.59215
1.30783 8.23882
2.17386 8.23882
0.433013 8.25
3.04013 8.30959
3.90616 8.30959
4.76273 8.25879
5.62875 8.25879
6.50002 8.24359
7.36604 8.24359
8.24107 8.24481
9.1071 8.24481
9.97318 8.29987
10.8392 8.29987
11.6913 8.25
12.1244 7.5
