t a b c bss
0 1 0 0 0.05
0.05 0.951229 0.0307026 0.0180679 0.0475615
0.1 0.904837 0.0405001 0.0546625 0.0452419
0.15 0.860708 0.04268 0.096612 0.0430354
0.2 0.818731 0.0421271 0.139142 0.0409365
0.25 0.778801 0.0406349 0.180564 0.03894
0.3 0.740818 0.03886 0.220322 0.0370409
0.35 0.704688 0.0370409 0.258271 0.0352344
0.4 0.67032 0.0352623 0.294418 0.033516
0.45 0.637628 0.0335529 0.328819 0.0318814
0.5 0.606531 0.0319203 0.361549 0.0303265
0.55 0.57695 0.0303649 0.392685 0.0288475
0.6 0.548812 0.0288845 0.422304 0.0274406
0.65 0.522046 0.027476 0.450478 0.0261023
0.7 0.496585 0.026136 0.477279 0.0248293
0.75 0.472367 0.0248614 0.502772 0.0236183
0.8 0.449329 0.0236489 0.527022 0.0224664
0.85 0.427415 0.0224955 0.55009 0.0213707
0.9 0.40657 0.0213984 0.572032 0.0203285
0.95 0.386741 0.0203548 0.592904 0.0193371
1 0.367879 0.0193621 0.612758 0.018394
1.05 0.349938 0.0184178 0.631644 0.0174969
1.1 0.332871 0.0175195 0.649609 0.0166436
1.15 0.316637 0.0166651 0.666698 0.0158318
1.2 0.301194 0.0158523 0.682953 0.0150597
1.25 0.286505 0.0150792 0.698416 0.0143252
1.3 0.272532 0.0143438 0.713124 0.0136266
1.35 0.25924 0.0136442 0.727116 0.012962
1.4 0.246597 0.0129788 0.740424 0.0123298
1.45 0.23457 0.0123458 0.753084 0.0117285
1.5 0.22313 0.0117437 0.765126 0.0111565
1.55 0.212248 0.0111709 0.776581 0.0106124
1.6 0.201897 0.0106261 0.787477 0.0100948
1.65 0.19205 0.0101079 0.797842 0.0096025
1.7 0.182684 0.00961492 0.807702 0.00913418
1.75 0.173774 0.009146 0.81708 0.0086887
1.8 0.165299 0.00869994 0.826001 0.00826494
1.85 0.157237 0.00827564 0.834487 0.00786186
1.9 0.149569 0.00787203 0.842559 0.00747843
1.95 0.142274 0.00748811 0.850238 0.0071137
2 0.135335 0.00712291 0.857542 0.00676676
2.05 0.128735 0.00677552 0.86449 0.00643675
2.1 0.122456 0.00644508 0.871098 0.00612282
2.15 0.116484 0.00613075 0.877385 0.00582421
2.2 0.110803 0.00583175 0.883365 0.00554016
2.25 0.105399 0.00554733 0.889053 0.00526996
2.3 0.100259 0.00527678 0.894464 0.00501294
2.35 0.0953692 0.00501943 0.899611 0.00476846
2.4 0.090718 0.00477463 0.904507 0.0045359
2.45 0.0862936 0.00454177 0.909165 0.00431468
2.5 0.082085 0.00432026 0.913595 0.00410425
2.55 0.0780817 0.00410956 0.917809 0.00390408
2.6 0.0742736 0.00390914 0.921817 0.00371368
2.65 0.0706512 0.00371848 0.92563 0.00353256
2.7 0.0672055 0.00353713 0.929257 0.00336028
2.75 0.0639279 0.00336462 0.932708 0.00319639
2.8 0.0608101 0.00320053 0.935989 0.0030405
2.85 0.0578443 0.00304444 0.939111 0.00289222
2.9 0.0550232 0.00289596 0.942081 0.00275116
2.95 0.0523397 0.00275472 0.944906 0.00261699
3 0.0497871 0.00262037 0.947593 0.00248935
3.05 0.0473589 0.00249257 0.950149 0.00236795
3.1 0.0450492 0.00237101 0.95258 0.00225246
3.15 0.0428521 0.00225538 0.954892 0.00214261
3.2 0.0407622 0.00214538 0.957092 0.00203811
3.25 0.0387742 0.00204075 0.959185 0.00193871
3.3 0.0368832 0.00194122 0.961176 0.00184416
3.35 0.0350844 0.00184654 0.963069 0.00175422
3.4 0.0333733 0.00175649 0.96487 0.00166866
3.45 0.0317456 0.00167082 0.966584 0.00158728
3.5 0.0301974 0.00158934 0.968213 0.00150987
3.55 0.0287246 0.00151182 0.969764 0.00143623
3.6 0.0273237 0.00143809 0.971238 0.00136619
3.65 0.0259911 0.00136795 0.972641 0.00129956
3.7 0.0247235 0.00130124 0.973975 0.00123618
3.75 0.0235177 0.00123778 0.975244 0.00117589
3.8 0.0223708 0.00117741 0.976452 0.00111854
3.85 0.0212797 0.00111999 0.9776 0.00106399
3.9 0.0202419 0.00106536 0.978693 0.0010121
3.95 0.0192547 0.00101341 0.979732 0.000962735
4 0.0183156 0.000963981 0.98072 0.000915782
4.05 0.0174224 0.000916967 0.981661 0.000871119
4.1 0.0165727 0.000872246 0.982555 0.000828634
4.15 0.0157644 0.000829706 0.983406 0.000788221
4.2 0.0149956 0.000789241 0.984215 0.000749779
4.25 0.0142642 0.000750749 0.984985 0.000713212
4.3 0.0135686 0.000714135 0.985717 0.000678428
4.35 0.0129068 0.000679306 0.986414 0.000645341
4.4 0.0122773 0.000646176 0.987076 0.000613867
4.45 0.0116786 0.000614661 0.987707 0.000583928
4.5 0.011109 0.000584684 0.988306 0.00055545
4.55 0.0105672 0.000556169 0.988877 0.00052836
4.6 0.0100518 0.000529044 0.989419 0.000502592
4.65 0.0095616 0.000503242 0.989935 0.00047808
4.7 0.00909528 0.000478699 0.990426 0.000454764
4.75 0.0086517 0.000455352 0.990893 0.000432585
4.8 0.00822975 0.000433145 0.991337 0.000411487
4.85 0.00782838 0.00041202 0.99176 0.000391419
4.9 0.00744658 0.000391925 0.992161 0.000372329
4.95 0.00708341 0.000372811 0.992544 0.00035417
5 0.00673795 0.000354629 0.992907 0.000336897
5.05 0.00640933 0.000337333 0.993253 0.000320467
5.1 0.00609675 0.000320881 0.993582 0.000304837
5.15 0.0057994 0.000305232 0.993895 0.00028997
5.2 0.00551656 0.000290345 0.994193 0.000275828
5.25 0.00524752 0.000276185 0.994476 0.000262376
5.3 0.00499159 0.000262715 0.994746 0.00024958
5.35 0.00474815 0.000249903 0.995002 0.000237408
5.4 0.00451658 0.000237715 0.995246 0.000225829
5.45 0.0042963 0.000226121 0.995478 0.000214815
5.5 0.00408677 0.000215093 0.995698 0.000204339
5.55 0.00388746 0.000204603 0.995908 0.000194373
5.6 0.00369786 0.000194624 0.996108 0.000184893
5.65 0.00351752 0.000185132 0.996297 0.000175876
5.7 0.00334597 0.000176103 0.996478 0.000167298
5.75 0.00318278 0.000167515 0.99665 0.000159139
5.8 0.00302755 0.000159345 0.996813 0.000151378
5.85 0.0028799 0.000151574 0.996969 0.000143995
5.9 0.00273944 0.000144181 0.997116 0.000136972
5.95 0.00260584 0.00013715 0.997257 0.000130292
6 0.00247875 0.000130461 0.997391 0.000123938
