invS none comp uncomp
-2.5 -2 -10 0
-2.4 -1.84 -9.52 0.16
-2.3 -1.68 -9.04 0.32
-2.2 -1.52 -8.56 0.48
-2.1 -1.36 -8.08 0.64
-2 -1.2 -7.6 0.8
-1.9 -1.04 -7.12 0.96
-1.8 -0.88 -6.64 1.12
-1.7 -0.72 -6.16 1.28
-1.6 -0.56 -5.68 1.44
-1.5 -0.4 -5.2 1.6
-1.4 -0.24 -4.72 1.76
-1.3 -0.08 -4.24 1.92
-1.2 0.08 -3.76 2.08
-1.1 0.24 -3.28 2.24
-1 0.4 -2.8 2.4
-0.9 0.56 -2.32 2.56
-0.8 0.72 -1.84 2.72
-0.7 0.88 -1.36 2.88
-0.6 1.04 -0.88 3.04
-0.5 1.2 -0.4 3.2
-0.4 1.36 0.08 3.36
-0.3 1.52 0.56 3.52
-0.2 1.68 1.04 3.68
-0.1 1.84 1.52 3.84
0 2 2 4
0.1 2.16 2.48 4.16
0.2 2.32 2.96 4.32
0.3 2.48 3.44 4.48
0.4 2.64 3.92 4.64
0.5 2.8 4.4 4.8
0.6 2.96 4.88 4.96
0.7 3.12 5.36 5.12
0.8 3.28 5.84 5.28
0.9 3.44 6.32 5.44
1 3.6 6.8 5.6
1.1 3.76 7.28 5.76
1.2 3.92 7.76 5.92
1.3 4.08 8.24 6.08
1.4 4.24 8.72 6.24
1.5 4.4 9.2 6.4
1.6 4.56 9.68 6.56
1.7 4.72 10.16 6.72
1.8 4.88 10.64 6.88
1.9 5.04 11.12 7.04
2 5.2 11.6 7.2
2.1 5.36 12.08 7.36
2.2 5.52 12.56 7.52
2.3 5.68 13.04 7.68
2.4 5.84 13.52 7.84
2.5 6 14 8
2.6 6.16 14.48 8.16
2.7 6.32 14.96 8.32
2.8 6.48 15.44 8.48
2.9 6.64 15.92 8.64
3 6.8 16.4 8.8
3.1 6.96 16.88 8.96
3.2 7.12 17.36 9.12
3.3 7.28 17.84 9.28
3.4 7.44 18.32 9.44
3.5 7.6 18.8 9.6
