x p95 p98 p99
1 0.0025 0.0004 0.0001
2 0.00475 0.000784 0.000198
3 0.00676875 0.00115248 0.00029403
4 0.00857375 0.00150591 0.00038812
5 0.0101813 0.00184474 0.000480298
6 0.0116067 0.00216941 0.000570594
7 0.0128641 0.00248036 0.000659036
8 0.0139667 0.002778 0.000745652
9 0.014927 0.00306275 0.00083047
10 0.0157562 0.00333499 0.000913517
11 0.0164653 0.00359512 0.00099482
12 0.017064 0.00384351 0.00107441
13 0.0175617 0.00408053 0.0011523
14 0.017967 0.00430653 0.00122853
15 0.0182878 0.00452185 0.00130312
16 0.0185316 0.00472684 0.00137609
17 0.0187054 0.00492182 0.00144748
18 0.0188154 0.00510712 0.0015173
19 0.0188677 0.00528303 0.00158558
20 0.0188677 0.00544986 0.00165234
21 0.0188205 0.00560791 0.0017176
22 0.0187309 0.00575745 0.0017814
23 0.0186032 0.00589877 0.00184375
24 0.0184414 0.00603213 0.00190467
25 0.0182493 0.0061578 0.0019642
26 0.0180303 0.00627603 0.00202234
27 0.0177876 0.00638707 0.00207912
28 0.0175241 0.00649116 0.00213456
29 0.0172424 0.00658852 0.00218869
30 0.0169452 0.0066794 0.00224152
31 0.0166345 0.00676401 0.00229307
32 0.0163125 0.00684256 0.00234337
33 0.0159812 0.00691526 0.00239244
34 0.0156422 0.00698231 0.00244028
35 0.0152972 0.00704392 0.00248694
36 0.0149475 0.00710027 0.00253241
37 0.0145946 0.00715155 0.00257673
38 0.0142396 0.00719794 0.00261991
39 0.0138836 0.00723962 0.00266196
40 0.0135276 0.00727674 0.00270292
41 0.0131725 0.00730949 0.00274278
42 0.0128191 0.00733801 0.00278158
43 0.0124681 0.00736247 0.00281933
44 0.0121201 0.00738302 0.00285605
45 0.0117758 0.0073998 0.00289175
46 0.0114356 0.00741295 0.00292645
47 0.0111 0.00742262 0.00296017
48 0.0107694 0.00742894 0.00299292
49 0.0104441 0.00743203 0.00302472
50 0.0101243 0.00743203 0.00305559
51 0.00981048 0.00742906 0.00308553
52 0.0095027 0.00742323 0.00311457
53 0.00920118 0.00741467 0.00314272
54 0.00890604 0.00740348 0.00317
55 0.00861742 0.00738977 0.00319642
56 0.0083354 0.00737364 0.00322199
57 0.00806003 0.00735521 0.00324673
58 0.00779136 0.00733456 0.00327065
59 0.00752941 0.0073118 0.00329377
60 0.00727418 0.00728702 0.0033161
61 0.00702564 0.0072603 0.00333766
62 0.00678378 0.00723173 0.00335845
63 0.00654853 0.0072014 0.00337849
64 0.00631986 0.0071694 0.0033978
65 0.00609767 0.00713579 0.00341638
66 0.00588191 0.00710066 0.00343425
67 0.00567248 0.00706408 0.00345142
68 0.00546928 0.00702613 0.0034679
69 0.00527223 0.00698686 0.00348371
70 0.00508121 0.00694636 0.00349886
71 0.00489611 0.00690468 0.00351335
72 0.00471681 0.00686189 0.00352721
73 0.00454321 0.00681805 0.00354044
74 0.00437517 0.00677322 0.00355305
75 0.00421258 0.00672746 0.00356505
76 0.00405531 0.00668081 0.00357646
77 0.00390324 0.00663334 0.00358728
78 0.00375623 0.0065851 0.00359753
79 0.00361417 0.00653613 0.00360722
80 0.00347692 0.00648649 0.00361635
81 0.00334436 0.00643622 0.00362494
82 0.00321637 0.00638537 0.00363299
83 0.00309281 0.00633397 0.00364053
84 0.00297357 0.00628208 0.00364754
85 0.00285852 0.00622973 0.00365406
86 0.00274755 0.00617696 0.00366008
87 0.00264052 0.00612381 0.00366561
88 0.00253733 0.00607032 0.00367066
89 0.00243785 0.00601651 0.00367525
90 0.00234198 0.00596243 0.00367938
91 0.0022496 0.0059081 0.00368306
92 0.00216061 0.00585357 0.0036863
93 0.00207489 0.00579885 0.0036891
94 0.00199234 0.00574398 0.00369148
95 0.00191286 0.00568898 0.00369345
96 0.00183634 0.00563389 0.003695
97 0.0017627 0.00557873 0.00369616
98 0.00169183 0.00552351 0.00369692
99 0.00162364 0.00546828 0.0036973
100 0.00155803 0.00541304 0.0036973
101 0.00149493 0.00535783 0.00369693
102 0.00143425 0.00530266 0.00369619
103 0.00137589 0.00524755 0.00369511
104 0.00131979 0.00519253 0.00369367
105 0.00126586 0.00513761 0.0036919
106 0.00121402 0.00508281 0.00368979
107 0.0011642 0.00502814 0.00368735
108 0.00111632 0.00497363 0.00368459
109 0.00107033 0.00491929 0.00368152
110 0.00102614 0.00486514 0.00367815
111 0.000983693 0.00481118 0.00367447
112 0.000942927 0.00475743 0.00367049
113 0.000903779 0.00470391 0.00366623
114 0.000866188 0.00465063 0.00366169
115 0.000830097 0.00459759 0.00365687
116 0.000795449 0.00454482 0.00365179
117 0.000762191 0.00449232 0.00364643
118 0.000730271 0.0044401 0.00364082
119 0.000699636 0.00438817 0.00363496
120 0.00067024 0.00433655 0.00362885
121 0.000642034 0.00428523 0.0036225
122 0.000614973 0.00423424 0.00361592
123 0.000589013 0.00418356 0.0036091
124 0.000564112 0.00413322 0.00360206
125 0.000540228 0.00408323 0.0035948
126 0.000517322 0.00403357 0.00358732
127 0.000495357 0.00398427 0.00357963
128 0.000474294 0.00393533 0.00357174
129 0.0004541 0.00388676 0.00356365
130 0.000434739 0.00383855 0.00355536
131 0.000416179 0.00379071 0.00354688
132 0.000398388 0.00374326 0.00353822
133 0.000381336 0.00369618 0.00352937
134 0.000364993 0.0036495 0.00352035
135 0.000349331 0.0036032 0.00351115
136 0.000334323 0.00355729 0.00350179
137 0.000319942 0.00351178 0.00349226
138 0.000306163 0.00346666 0.00348258
139 0.000292963 0.00342195 0.00347274
140 0.000280317 0.00337763 0.00346274
141 0.000268203 0.00333372 0.0034526
142 0.0002566 0.00329022 0.00344232
143 0.000245487 0.00324712 0.00343189
144 0.000234843 0.00320443 0.00342133
145 0.00022465 0.00316215 0.00341064
146 0.00021489 0.00312028 0.00339982
147 0.000205543 0.00307882 0.00338888
148 0.000196595 0.00303777 0.00337781
149 0.000188027 0.00299713 0.00336663
150 0.000179824 0.0029569 0.00335533
151 0.000171972 0.00291708 0.00334392
152 0.000164455 0.00287767 0.00333241
153 0.00015726 0.00283867 0.00332079
154 0.000150374 0.00280008 0.00330907
155 0.000143783 0.0027619 0.00329725
156 0.000137475 0.00272412 0.00328534
157 0.000131438 0.00268675 0.00327333
158 0.000125662 0.00264979 0.00326124
159 0.000120134 0.00261323 0.00324906
160 0.000114845 0.00257707 0.0032368
161 0.000109785 0.00254131 0.00322446
162 0.000104943 0.00250595 0.00321204
163 0.000100312 0.00247099 0.00319955
164 9.58808e-05 0.00243643 0.00318699
165 9.16421e-05 0.00240226 0.00317436
166 8.75877e-05 0.00236848 0.00316166
167 8.37095e-05 0.0023351 0.0031489
168 8.00003e-05 0.0023021 0.00313608
169 7.64526e-05 0.00226949 0.0031232
170 7.30598e-05 0.00223726 0.00311026
171 6.9815e-05 0.00220541 0.00309727
172 6.67122e-05 0.00217394 0.00308423
173 6.3745e-05 0.00214285 0.00307114
174 6.09078e-05 0.00211213 0.003058
175 5.8195e-05 0.00208178 0.00304482
176 5.56011e-05 0.0020518 0.0030316
177 5.31212e-05 0.00202219 0.00301834
178 5.07502e-05 0.00199295 0.00300503
179 4.84836e-05 0.00196406 0.0029917
180 4.63167e-05 0.00193553 0.00297833
181 4.42453e-05 0.00190736 0.00296492
182 4.22653e-05 0.00187954 0.00295149
183 4.03727e-05 0.00185207 0.00293803
184 3.85636e-05 0.00182494 0.00292455
185 3.68345e-05 0.00179817 0.00291104
186 3.5182e-05 0.00177173 0.0028975
187 3.36025e-05 0.00174563 0.00288395
188 3.20931e-05 0.00171986 0.00287038
189 3.06506e-05 0.00169443 0.00285679
190 2.92722e-05 0.00166933 0.00284319
191 2.79549e-05 0.00164455 0.00282957
192 2.66962e-05 0.0016201 0.00281594
193 2.54935e-05 0.00159597 0.0028023
194 2.43443e-05 0.00157215 0.00278865
195 2.32463e-05 0.00154865 0.002775
196 2.21972e-05 0.00152546 0.00276133
197 2.1195e-05 0.00150258 0.00274767
198 2.02374e-05 0.00148 0.002734
199 1.93227e-05 0.00145773 0.00272033
200 1.84488e-05 0.00143575 0.00270666
201 1.7614e-05 0.00141407 0.00269299
202 1.68165e-05 0.00139268 0.00267933
203 1.60548e-05 0.00137159 0.00266566
204 1.53272e-05 0.00135078 0.00265201
205 1.46322e-05 0.00133025 0.00263836
206 1.39684e-05 0.00131 0.00262471
207 1.33344e-05 0.00129004 0.00261108
208 1.27289e-05 0.00127034 0.00259746
209 1.21506e-05 0.00125092 0.00258385
210 1.15983e-05 0.00123177 0.00257025
211 1.10708e-05 0.00121288 0.00255666
212 1.05671e-05 0.00119426 0.00254309
213 1.00861e-05 0.00117589 0.00252954
214 9.62679e-06 0.00115778 0.002516
215 9.18819e-06 0.00113993 0.00250248
216 8.76938e-06 0.00112233 0.00248898
217 8.36948e-06 0.00110497 0.00247549
218 7.98765e-06 0.00108786 0.00246203
219 7.62307e-06 0.001071 0.00244859
220 7.27499e-06 0.00105437 0.00243518
221 6.94265e-06 0.00103798 0.00242178
222 6.62536e-06 0.00102182 0.00240841
223 6.32245e-06 0.0010059 0.00239507
224 6.03326e-06 0.0009902 0.00238175
225 5.75718e-06 0.000974728 0.00236846
226 5.49363e-06 0.000959479 0.0023552
227 5.24204e-06 0.00094445 0.00234196
228 5.00188e-06 0.000929638 0.00232876
229 4.77263e-06 0.000915041 0.00231558
230 4.55379e-06 0.000900656 0.00230244
231 4.34491e-06 0.000886481 0.00228932
232 4.14554e-06 0.000872512 0.00227624
233 3.95524e-06 0.000858747 0.00226319
234 3.7736e-06 0.000845184 0.00225017
235 3.60024e-06 0.00083182 0.00223719
236 3.43478e-06 0.000818653 0.00222425
237 3.27687e-06 0.000805679 0.00221133
238 3.12616e-06 0.000792897 0.00219846
239 2.98233e-06 0.000780304 0.00218562
240 2.84507e-06 0.000767898 0.00217281
241 2.71408e-06 0.000755675 0.00216005
242 2.58907e-06 0.000743635 0.00214732
243 2.46978e-06 0.000731773 0.00213463
244 2.35595e-06 0.000720089 0.00212198
245 2.24732e-06 0.000708579 0.00210937
246 2.14367e-06 0.000697242 0.0020968
247 2.04477e-06 0.000686075 0.00208427
248 1.95039e-06 0.000675076 0.00207179
249 1.86034e-06 0.000664242 0.00205934
250 1.77443e-06 0.000653571 0.00204693
251 1.69245e-06 0.000643062 0.00203457
252 1.61423e-06 0.000632711 0.00202225
253 1.5396e-06 0.000622518 0.00200997
254 1.46841e-06 0.000612479 0.00199774
255 1.40048e-06 0.000602592 0.00198554
256 1.33567e-06 0.000592856 0.0019734
257 1.27384e-06 0.000583268 0.0019613
258 1.21486e-06 0.000573827 0.00194924
259 1.15859e-06 0.00056453 0.00193722
260 1.10491e-06 0.000555376 0.00192526
261 1.0537e-06 0.000546362 0.00191334
262 1.00485e-06 0.000537486 0.00190146
263 9.58253e-07 0.000528747 0.00188963
264 9.13802e-07 0.000520142 0.00187785
265 8.714e-07 0.00051167 0.00186611
266 8.30954e-07 0.000503329 0.00185442
267 7.92374e-07 0.000495116 0.00184278
268 7.55575e-07 0.000487031 0.00183118
269 7.20474e-07 0.000479072 0.00181964
270 6.86995e-07 0.000471236 0.00180814
271 6.55062e-07 0.000463521 0.00179668
272 6.24606e-07 0.000455927 0.00178528
273 5.95557e-07 0.000448451 0.00177393
274 5.67852e-07 0.000441092 0.00176262
275 5.41428e-07 0.000433848 0.00175136
276 5.16227e-07 0.000426717 0.00174015
277 4.92192e-07 0.000419698 0.00172899
278 4.69271e-07 0.000412789 0.00171788
279 4.47411e-07 0.000405988 0.00170682
280 4.26564e-07 0.000399294 0.00169581
281 4.06683e-07 0.000392706 0.00168485
282 3.87724e-07 0.000386221 0.00167394
283 3.69644e-07 0.000379839 0.00166307
284 3.52402e-07 0.000373558 0.00165226
285 3.35961e-07 0.000367376 0.0016415
286 3.20283e-07 0.000361291 0.00163078
287 3.05332e-07 0.000355304 0.00162012
288 2.91077e-07 0.000349411 0.00160951
289 2.77483e-07 0.000343611 0.00159895
290 2.64521e-07 0.000337904 0.00158843
291 2.52161e-07 0.000332288 0.00157797
292 2.40376e-07 0.000326761 0.00156756
293 2.2914e-07 0.000321323 0.0015572
294 2.18426e-07 0.000315971 0.00154689
295 2.0821e-07 0.000310705 0.00153663
296 1.9847e-07 0.000305523 0.00152642
297 1.89184e-07 0.000300424 0.00151626
298 1.8033e-07 0.000295407 0.00150615
299 1.71888e-07 0.00029047 0.0014961
300 1.6384e-07 0.000285613 0.00148609
301 1.56167e-07 0.000280834 0.00147613
302 1.48851e-07 0.000276131 0.00146622
303 1.41877e-07 0.000271505 0.00145637
304 1.35228e-07 0.000266953 0.00144656
305 1.28889e-07 0.000262474 0.00143681
306 1.22846e-07 0.000258068 0.0014271
307 1.17085e-07 0.000253733 0.00141745
308 1.11593e-07 0.000249469 0.00140785
309 1.06358e-07 0.000245273 0.00139829
310 1.01367e-07 0.000241145 0.00138879
311 9.66091e-08 0.000237085 0.00137934
312 9.20738e-08 0.00023309 0.00136994
313 8.77504e-08 0.000229161 0.00136058
314 8.36292e-08 0.000225295 0.00135128
315 7.97008e-08 0.000221492 0.00134203
316 7.59561e-08 0.000217751 0.00133283
317 7.23867e-08 0.000214072 0.00132367
318 6.89843e-08 0.000210452 0.00131457
319 6.57411e-08 0.000206892 0.00130552
320 6.26499e-08 0.000203389 0.00129651
321 5.97034e-08 0.000199944 0.00128756
322 5.68949e-08 0.000196556 0.00127865
323 5.4218e-08 0.000193223 0.0012698
324 5.16666e-08 0.000189945 0.00126099
325 4.92347e-08 0.00018672 0.00125224
326 4.69169e-08 0.000183549 0.00124353
327 4.47078e-08 0.00018043 0.00123487
328 4.26023e-08 0.000177362 0.00122626
329 4.05956e-08 0.000174345 0.0012177
330 3.8683e-08 0.000171377 0.00120919
331 3.68602e-08 0.000168459 0.00120072
332 3.5123e-08 0.000165588 0.00119231
333 3.34673e-08 0.000162765 0.00118394
334 3.18895e-08 0.000159989 0.00117562
335 3.03857e-08 0.000157258 0.00116735
336 2.89526e-08 0.000154573 0.00115912
337 2.75868e-08 0.000151933 0.00115095
338 2.62852e-08 0.000149336 0.00114282
339 2.50448e-08 0.000146782 0.00113474
340 2.38628e-08 0.000144271 0.0011267
341 2.27363e-08 0.000141801 0.00111872
342 2.16628e-08 0.000139373 0.00111078
343 2.06399e-08 0.000136985 0.00110289
344 1.96651e-08 0.000134636 0.00109504
345 1.87361e-08 0.000132327 0.00108724
346 1.78509e-08 0.000130057 0.00107949
347 1.70074e-08 0.000127824 0.00107178
348 1.62036e-08 0.000125628 0.00106412
349 1.54376e-08 0.00012347 0.00105651
350 1.47078e-08 0.000121347 0.00104894
351 1.40123e-08 0.00011926 0.00104142
352 1.33496e-08 0.000117207 0.00103394
353 1.27181e-08 0.00011519 0.00102651
354 1.21165e-08 0.000113206 0.00101912
355 1.15432e-08 0.000111255 0.00101178
356 1.09969e-08 0.000109337 0.00100449
357 1.04764e-08 0.000107451 0.000997235
358 9.98045e-09 0.000105597 0.000990028
359 9.50791e-09 0.000103774 0.000982866
360 9.05768e-09 0.000101982 0.000975747
361 8.62869e-09 0.00010022 0.000968673
362 8.21997e-09 9.84877e-05 0.000961643
363 7.83054e-09 9.67845e-05 0.000954656
364 7.45951e-09 9.51101e-05 0.000947713
365 7.106e-09 9.3464e-05 0.000940814
366 6.76919e-09 9.18457e-05 0.000933957
367 6.44831e-09 9.02547e-05 0.000927144
368 6.14258e-09 8.86906e-05 0.000920374
369 5.85131e-09 8.7153e-05 0.000913646
370 5.57381e-09 8.56414e-05 0.000906961
371 5.30943e-09 8.41554e-05 0.000900318
372 5.05755e-09 8.26946e-05 0.000893717
373 4.81759e-09 8.12585e-05 0.000887159
374 4.58898e-09 7.98469e-05 0.000880642
375 4.37119e-09 7.84591e-05 0.000874166
376 4.1637e-09 7.7095e-05 0.000867732
377 3.96604e-09 7.5754e-05 0.00086134
378 3.77773e-09 7.44359e-05 0.000854988
379 3.59834e-09 7.31401e-05 0.000848678
380 3.42744e-09 7.18665e-05 0.000842408
381 3.26464e-09 7.06145e-05 0.000836178
382 3.10955e-09 6.93838e-05 0.000829989
383 2.9618e-09 6.81741e-05 0.00082384
384 2.82106e-09 6.69851e-05 0.000817732
385 2.68698e-09 6.58163e-05 0.000811662
386 2.55927e-09 6.46676e-05 0.000805633
387 2.4376e-09 6.35384e-05 0.000799643
388 2.3217e-09 6.24285e-05 0.000793692
389 2.2113e-09 6.13376e-05 0.00078778
390 2.10614e-09 6.02654e-05 0.000781907
391 2.00596e-09 5.92115e-05 0.000776073
392 1.91054e-09 5.81757e-05 0.000770277
393 1.81964e-09 5.71576e-05 0.00076452
394 1.73306e-09 5.6157e-05 0.000758801
395 1.65058e-09 5.51735e-05 0.000753119
396 1.57202e-09 5.4207e-05 0.000747476
397 1.49719e-09 5.3257e-05 0.00074187
398 1.42592e-09 5.23233e-05 0.000736301
399 1.35803e-09 5.14057e-05 0.000730769
400 1.29336e-09 5.05038e-05 0.000725275
401 1.23176e-09 4.96175e-05 0.000719817
402 1.17309e-09 4.87464e-05 0.000714396
403 1.11721e-09 4.78903e-05 0.000709011
404 1.06398e-09 4.70489e-05 0.000703663
405 1.01328e-09 4.62221e-05 0.000698351
406 9.64997e-10 4.54095e-05 0.000693074
407 9.19006e-10 4.46109e-05 0.000687834
408 8.752e-10 4.38261e-05 0.000682628
409 8.33478e-10 4.30549e-05 0.000677459
410 7.9374e-10 4.22969e-05 0.000672324
411 7.55892e-10 4.15521e-05 0.000667224
412 7.19845e-10 4.08201e-05 0.000662159
413 6.85513e-10 4.01008e-05 0.000657128
414 6.52814e-10 3.9394e-05 0.000652132
415 6.21671e-10 3.86993e-05 0.00064717
416 5.92011e-10 3.80167e-05 0.000642243
417 5.63762e-10 3.7346e-05 0.000637349
418 5.36858e-10 3.66868e-05 0.000632488
419 5.11236e-10 3.60391e-05 0.000627661
420 4.86833e-10 3.54026e-05 0.000622868
421 4.63592e-10 3.47771e-05 0.000618107
422 4.41459e-10 3.41626e-05 0.00061338
423 4.2038e-10 3.35586e-05 0.000608685
424 4.00305e-10 3.29652e-05 0.000604023
425 3.81187e-10 3.23821e-05 0.000599393
426 3.62979e-10 3.18091e-05 0.000594795
427 3.4564e-10 3.12461e-05 0.000590229
428 3.29127e-10 3.06929e-05 0.000585695
429 3.13401e-10 3.01493e-05 0.000581193
430 2.98425e-10 2.96152e-05 0.000576723
431 2.84163e-10 2.90904e-05 0.000572283
432 2.70581e-10 2.85747e-05 0.000567875
433 2.57647e-10 2.80681e-05 0.000563497
434 2.4533e-10 2.75702e-05 0.000559151
435 2.33601e-10 2.70811e-05 0.000554835
436 2.22431e-10 2.66005e-05 0.000550549
437 2.11794e-10 2.61283e-05 0.000546294
438 2.01665e-10 2.56643e-05 0.000542068
439 1.92019e-10 2.52084e-05 0.000537873
440 1.82833e-10 2.47605e-05 0.000533707
441 1.74086e-10 2.43205e-05 0.000529571
442 1.65757e-10 2.38881e-05 0.000525464
443 1.57826e-10 2.34633e-05 0.000521386
444 1.50273e-10 2.30459e-05 0.000517338
445 1.43081e-10 2.26359e-05 0.000513318
446 1.36232e-10 2.2233e-05 0.000509327
447 1.29711e-10 2.18372e-05 0.000505364
448 1.23501e-10 2.14483e-05 0.00050143
449 1.17588e-10 2.10663e-05 0.000497523
450 1.11957e-10 2.0691e-05 0.000493645
451 1.06596e-10 2.03222e-05 0.000489795
452 1.0149e-10 1.99599e-05 0.000485972
453 9.66291e-11 1.9604e-05 0.000482177
454 9.20003e-11 1.92543e-05 0.000478409
455 8.75928e-11 1.89108e-05 0.000474668
456 8.3396e-11 1.85733e-05 0.000470954
457 7.93999e-11 1.82418e-05 0.000467267
458 7.5595e-11 1.7916e-05 0.000463606
459 7.19721e-11 1.75961e-05 0.000459972
460 6.85224e-11 1.72817e-05 0.000456365
461 6.52378e-11 1.69729e-05 0.000452783
462 6.21104e-11 1.66695e-05 0.000449228
463 5.91326e-11 1.63715e-05 0.000445698
464 5.62973e-11 1.60787e-05 0.000442194
465 5.35977e-11 1.57911e-05 0.000438716
466 5.10273e-11 1.55085e-05 0.000435263
467 4.85799e-11 1.5231e-05 0.000431835
468 4.62498e-11 1.49583e-05 0.000428432
469 4.40312e-11 1.46905e-05 0.000425054
470 4.19188e-11 1.44274e-05 0.000421701
471 3.99076e-11 1.41689e-05 0.000418372
472 3.79927e-11 1.3915e-05 0.000415067
473 3.61695e-11 1.36656e-05 0.000411787
474 3.44337e-11 1.34206e-05 0.000408531
475 3.2781e-11 1.31799e-05 0.000405299
476 3.12075e-11 1.29435e-05 0.000402091
477 2.97094e-11 1.27113e-05 0.000398906
478 2.82831e-11 1.24832e-05 0.000395745
479 2.69252e-11 1.22591e-05 0.000392607
480 2.56323e-11 1.2039e-05 0.000389493
481 2.44014e-11 1.18228e-05 0.000386401
482 2.32296e-11 1.16105e-05 0.000383332
483 2.21139e-11 1.14019e-05 0.000380287
484 2.10517e-11 1.1197e-05 0.000377263
485 2.00404e-11 1.09957e-05 0.000374262
486 1.90776e-11 1.0798e-05 0.000371283
487 1.81611e-11 1.06038e-05 0.000368327
488 1.72884e-11 1.04131e-05 0.000365392
489 1.64577e-11 1.02257e-05 0.00036248
490 1.56668e-11 1.00417e-05 0.000359589
491 1.49138e-11 9.86095e-06 0.000356719
492 1.4197e-11 9.68341e-06 0.000353872
493 1.35145e-11 9.50903e-06 0.000351045
494 1.28648e-11 9.33775e-06 0.000348239
495 1.22463e-11 9.16952e-06 0.000345455
496 1.16575e-11 9.00428e-06 0.000342691
497 1.1097e-11 8.84199e-06 0.000339948
498 1.05633e-11 8.68258e-06 0.000337226
499 1.00553e-11 8.52602e-06 0.000334524
500 9.5717e-12 8.37224e-06 0.000331843
501 9.1113e-12 8.22121e-06 0.000329181
502 8.67301e-12 8.07286e-06 0.00032654
503 8.25578e-12 7.92717e-06 0.000323918
504 7.85858e-12 7.78407e-06 0.000321317
505 7.48046e-12 7.64352e-06 0.000318735
506 7.12051e-12 7.50548e-06 0.000316172
507 6.77785e-12 7.36991e-06 0.000313629
508 6.45166e-12 7.23676e-06 0.000311105
509 6.14114e-12 7.10598e-06 0.000308601
510 5.84555e-12 6.97755e-06 0.000306115
511 5.56416e-12 6.8514e-06 0.000303648
512 5.2963e-12 6.72751e-06 0.0003012
513 5.04131e-12 6.60584e-06 0.00029877
514 4.79858e-12 6.48634e-06 0.000296359
515 4.56752e-12 6.36898e-06 0.000293966
516 4.34757e-12 6.25372e-06 0.000291592
517 4.13819e-12 6.14053e-06 0.000289235
518 3.93889e-12 6.02936e-06 0.000286897
519 3.74917e-12 5.92018e-06 0.000284576
520 3.56857e-12 5.81295e-06 0.000282273
521 3.39666e-12 5.70765e-06 0.000279988
522 3.23302e-12 5.60423e-06 0.00027772
523 3.07726e-12 5.50267e-06 0.000275469
524 2.92898e-12 5.40292e-06 0.000273236
525 2.78784e-12 5.30497e-06 0.00027102
526 2.6535e-12 5.20877e-06 0.000268821
527 2.52561e-12 5.1143e-06 0.000266639
528 2.40389e-12 5.02153e-06 0.000264473
529 2.28802e-12 4.93042e-06 0.000262324
530 2.17773e-12 4.84094e-06 0.000260192
531 2.07274e-12 4.75307e-06 0.000258076
532 1.97281e-12 4.66679e-06 0.000255976
533 1.8777e-12 4.58205e-06 0.000253893
534 1.78716e-12 4.49883e-06 0.000251826
535 1.70098e-12 4.41711e-06 0.000249774
536 1.61895e-12 4.33686e-06 0.000247739
537 1.54087e-12 4.25805e-06 0.000245719
538 1.46655e-12 4.18066e-06 0.000243715
539 1.39582e-12 4.10466e-06 0.000241726
540 1.32849e-12 4.03003e-06 0.000239753
541 1.2644e-12 3.95675e-06 0.000237795
542 1.2034e-12 3.88478e-06 0.000235852
543 1.14534e-12 3.81411e-06 0.000233924
544 1.09008e-12 3.74471e-06 0.000232012
545 1.03748e-12 3.67656e-06 0.000230114
546 9.8741e-13 3.60964e-06 0.000228231
547 9.39758e-13 3.54393e-06 0.000226362
548 8.94402e-13 3.4794e-06 0.000224508
549 8.51232e-13 3.41603e-06 0.000222669
550 8.10144e-13 3.35381e-06 0.000220843
551 7.71036e-13 3.29271e-06 0.000219033
552 7.33813e-13 3.23271e-06 0.000217236
553 6.98386e-13 3.1738e-06 0.000215453
554 6.64666e-13 3.11594e-06 0.000213684
555 6.32573e-13 3.05914e-06 0.000211929
556 6.02027e-13 3.00336e-06 0.000210188
557 5.72954e-13 2.94858e-06 0.00020846
558 5.45283e-13 2.8948e-06 0.000206746
559 5.18948e-13 2.84199e-06 0.000205046
560 4.93882e-13 2.79013e-06 0.000203358
561 4.70026e-13 2.73921e-06 0.000201684
562 4.47321e-13 2.68921e-06 0.000200023
563 4.25711e-13 2.64012e-06 0.000198375
564 4.05144e-13 2.59191e-06 0.00019674
565 3.85569e-13 2.54457e-06 0.000195118
566 3.66939e-13 2.4981e-06 0.000193509
567 3.49208e-13 2.45246e-06 0.000191912
568 3.32332e-13 2.40765e-06 0.000190328
569 3.16272e-13 2.36365e-06 0.000188757
570 3.00986e-13 2.32045e-06 0.000187198
571 2.86438e-13 2.27803e-06 0.000185651
572 2.72593e-13 2.23638e-06 0.000184116
573 2.59416e-13 2.19548e-06 0.000182594
574 2.46875e-13 2.15533e-06 0.000181083
575 2.3494e-13 2.1159e-06 0.000179585
576 2.23581e-13 2.07719e-06 0.000178098
577 2.12771e-13 2.03918e-06 0.000176623
578 2.02483e-13 2.00186e-06 0.00017516
579 1.92691e-13 1.96522e-06 0.000173708
580 1.83373e-13 1.92924e-06 0.000172268
581 1.74505e-13 1.89391e-06 0.00017084
582 1.66065e-13 1.85923e-06 0.000169422
583 1.58033e-13 1.82518e-06 0.000168016
584 1.50389e-13 1.79174e-06 0.000166622
585 1.43114e-13 1.75891e-06 0.000165238
586 1.3619e-13 1.72668e-06 0.000163865
587 1.29602e-13 1.69503e-06 0.000162503
588 1.23331e-13 1.66396e-06 0.000161152
589 1.17364e-13 1.63346e-06 0.000159812
590 1.11685e-13 1.60351e-06 0.000158483
591 1.06281e-13 1.5741e-06 0.000157164
592 1.01138e-13 1.54523e-06 0.000155855
593 9.6243e-14 1.51688e-06 0.000154557
594 9.1585e-14 1.48905e-06 0.00015327
595 8.71522e-14 1.46173e-06 0.000151993
596 8.29338e-14 1.4349e-06 0.000150726
597 7.89193e-14 1.40856e-06 0.000149469
598 7.50989e-14 1.3827e-06 0.000148222
599 7.14633e-14 1.35731e-06 0.000146985
600 6.80034e-14 1.33239e-06 0.000145758
