X Y
0.3 5
0.312258 5.02243
0.324104 5.04468
0.335639 5.06665
0.346955 5.08827
0.358136 5.10946
0.369261 5.13015
0.380408 5.15026
0.391653 5.16971
0.403072 5.18843
0.414746 5.20631
0.426759 5.22326
0.439202 5.23917
0.452176 5.25391
0.465795 5.26735
0.480187 5.27931
0.495504 5.2896
0.511923 5.29801
0.529655 5.30424
0.548957 5.30798
0.570147 5.30882
0.593618 5.30627
0.619871 5.29969
0.649548 5.28829
0.683492 5.27104
0.722826 5.24658
0.769076 5.21306
0.82437 5.16797
0.89174 5.10776
0.975629 5.02727
1.08274 4.91881
1.22346 4.77061
1.41428 4.56409
1.68144 4.26993
2.06414 3.84417
2.60567 3.23662
3.29497 2.4502
3.95734 1.65583
4.34832 1.10582
4.4438 0.839547
4.37228 0.740226
4.23224 0.714996
4.06914 0.72051
3.90111 0.739285
3.73515 0.764357
3.57394 0.792859
3.41846 0.823554
3.26897 0.855881
3.12544 0.889577
2.9877 0.924511
2.85554 0.960619
2.7287 0.997866
2.60697 1.03623
2.49009 1.0757
2.37785 1.11626
2.27004 1.1579
2.16645 1.20059
2.0669 1.24433
1.97122 1.28907
1.87925 1.33479
1.79086 1.38144
1.70592 1.42897
1.62431 1.47734
1.54595 1.52646
1.47073 1.57628
1.39859 1.6267
1.32946 1.67763
1.2633 1.72899
1.20006 1.78065
1.13971 1.83253
1.0822 1.8845
1.02752 1.93645
0.975635 1.98827
0.926514 2.03984
0.880124 2.09108
0.836429 2.14187
0.795385 2.19213
0.756939 2.24178
0.721032 2.29075
0.687595 2.33898
0.656551 2.38643
0.627814 2.43307
0.601293 2.47887
0.576888 2.52383
0.554495 2.56794
0.534009 2.61123
0.515318 2.65369
0.498314 2.69536
0.482887 2.73626
0.468928 2.77643
0.456333 2.8159
0.445 2.85471
0.434832 2.89289
0.425736 2.93047
0.417624 2.9675
0.410416 3.00401
0.404033 3.04004
0.398406 3.07561
0.393468 3.11075
0.389159 3.1455
0.385424 3.17987
0.382211 3.21389
0.379475 3.24759
0.377173 3.28098
0.375269 3.31407
0.373726 3.34689
0.372515 3.37945
0.371607 3.41175
0.370978 3.44382
0.370604 3.47565
0.370467 3.50727
0.370548 3.53866
0.370831 3.56984
0.371302 3.60082
0.371949 3.63159
0.37276 3.66216
0.373727 3.69254
0.374841 3.72271
0.376095 3.75268
0.377482 3.78246
0.378998 3.81203
0.380638 3.8414
0.382398 3.87056
0.384276 3.89952
0.38627 3.92826
0.388379 3.95679
0.390602 3.98509
0.392939 4.01316
0.39539 4.041
0.397958 4.0686
0.400643 4.09596
0.403448 4.12305
0.406376 4.14988
0.40943 4.17643
0.412616 4.20269
0.415937 4.22866
0.4194 4.25431
0.423011 4.27964
0.426778 4.30463
0.430707 4.32926
0.434809 4.35352
0.439094 4.37739
0.443573 4.40085
0.448259 4.42387
0.453166 4.44642
0.45831 4.46849
0.463708 4.49005
0.469381 4.51105
0.475351 4.53146
0.481642 4.55125
0.488283 4.57036
0.495307 4.58875
0.502749 4.60636
0.51065 4.62312
0.51906 4.63897
0.52803 4.65383
0.537626 4.66759
0.547919 4.68016
0.558995 4.69142
0.570952 4.70122
0.58391 4.70939
0.598006 4.71575
0.613408 4.72007
0.630318 4.72207
0.648979 4.72144
0.669692 4.71777
0.692826 4.71058
0.718846 4.69928
0.748338 4.68313
0.782053 4.66117
0.820966 4.63221
0.86636 4.59466
0.919946 4.54645
0.984047 4.4848
1.06186 4.40591
1.15783 4.30453
1.27823 4.17335
1.43183 4.00216
1.63052 3.77713
1.88893 3.48101
2.22016 3.09737
2.62207 2.62466
3.05321 2.1016
3.42661 1.61576
3.66259 1.2519
3.74916 1.02947
3.72689 0.914495
3.64184 0.86514
3.52538 0.852329
3.39512 0.859544
3.26023 0.878044
3.12538 0.903261
2.99292 0.932777
2.86401 0.965277
2.7392 1.00002
2.61871 1.03659
2.50257 1.07471
2.39073 1.11424
2.28309 1.15505
2.17952 1.19707
2.07988 1.24024
1.98404 1.2845
1.89186 1.3298
1.80321 1.37609
1.71798 1.4233
1.63606 1.47138
1.55737 1.52025
1.48181 1.56984
1.40932 1.62007
1.33984 1.67083
1.27331 1.72204
1.2097 1.77359
1.14897 1.82537
1.09108 1.87727
1.03601 1.92918
0.983725 1.98098
0.934208 2.03256
0.887421 2.08381
0.84333 2.13465
0.801891 2.18497
0.763055 2.23469
0.726764 2.28375
0.69295 2.33208
0.661539 2.37964
0.632446 2.42639
0.605581 2.47231
0.580847 2.51739
0.55814 2.56163
0.537355 2.60504
0.518382 2.64763
0.501113 2.68942
0.485436 2.73043
0.471245 2.77071
0.458433 2.81029
0.446899 2.8492
0.436545 2.88747
0.427278 2.92514
0.419009 2.96226
0.411656 2.99885
0.40514 3.03495
0.399392 3.07059
0.394343 3.1058
0.389932 3.1406
0.386104 3.17503
0.382806 3.20911
0.379993 3.24285
0.377621 3.27629
0.375651 3.30943
0.37405 3.34229
0.372784 3.37488
0.371827 3.40723
0.371152 3.43933
0.370737 3.4712
0.370561 3.50284
0.370606 3.53427
0.370856 3.56548
0.371297 3.59649
0.371915 3.62729
0.3727 3.65789
0.373642 3.68829
0.374733 3.71849
0.375964 3.74849
0.37733 3.7783
0.378825 3.8079
0.380445 3.8373
0.382186 3.86649
0.384046 3.89547
0.386022 3.92425
0.388113 3.9528
0.390318 3.98114
0.392638 4.00924
0.395072 4.03712
0.397622 4.06475
0.400289 4.09214
0.403076 4.11927
0.405985 4.14613
0.409021 4.17272
0.412187 4.19902
0.415489 4.22503
0.418931 4.25073
0.42252 4.27611
0.426264 4.30114
0.43017 4.32583
0.434247 4.35014
0.438505 4.37406
0.442956 4.39758
0.447612 4.42066
0.452487 4.44328
0.457596 4.46542
0.462958 4.48705
0.468591 4.50813
0.474518 4.52862
0.480762 4.5485
0.487353 4.56771
0.494321 4.5862
0.501703 4.60392
0.509538 4.6208
0.517873 4.63678
0.526763 4.65178
0.536267 4.6657
0.546459 4.67845
0.55742 4.68989
0.569249 4.6999
0.58206 4.70831
0.595989 4.71494
0.611199 4.71955
0.627887 4.72189
0.646289 4.72164
0.666696 4.71842
0.68947 4.71175
0.715058 4.70107
0.744028 4.68563
0.777106 4.66455
0.81523 4.63664
0.859635 4.60039
0.911964 4.55381
0.97444 4.49422
1.05012 4.41799
1.14325 4.32011
1.2598 4.19359
1.40816 4.02869
1.59977 3.81209
1.84899 3.52692
2.16968 3.15609
2.56309 2.69462
2.99458 2.17421
3.38176 1.67723
3.63924 1.29358
3.74474 1.05289
3.73458 0.925698
3.65599 0.869313
3.54259 0.852653
3.41356 0.857742
3.27896 0.875015
3.14393 0.89948
3.01105 0.928496
2.88161 0.960635
2.75622 0.995101
2.63512 1.03143
2.51838 1.06935
2.40596 1.10869
2.29774 1.14933
2.19362 1.19119
2.09344 1.2342
1.99708 1.27831
1.9044 1.32347
1.81527 1.36963
1.72957 1.41671
1.64721 1.46468
1.56807 1.51344
1.49208 1.56294
1.41917 1.61308
1.34928 1.66378
1.28235 1.71493
1.21833 1.76644
1.1572 1.8182
1.09892 1.87009
1.04346 1.922
0.990796 1.97382
0.940897 2.02543
0.893735 2.07674
0.849273 2.12764
0.80747 2.17804
0.768277 2.22785
0.731637 2.277
0.697485 2.32543
0.665746 2.3731
0.636338 2.41997
0.60917 2.46601
0.584147 2.5112
0.561166 2.55556
0.540121 2.59908
0.520904 2.64178
0.503405 2.68368
0.487515 2.7248
0.473124 2.76518
0.460128 2.80485
0.448423 2.84385
0.437912 2.88221
0.428499 2.91996
0.420097 2.95716
0.412622 2.99382
0.405995 3.02998
0.400144 3.06568
0.395002 3.10095
0.390507 3.13581
0.386601 3.17029
0.383233 3.20441
0.380355 3.2382
0.377924 3.27168
0.375901 3.30486
0.374251 3.33776
0.372941 3.37039
0.371942 3.40276
0.37123 3.4349
0.37078 3.4668
0.370572 3.49847
0.370588 3.52993
0.37081 3.56117
0.371225 3.59221
0.37182 3.62304
0.372582 3.65367
0.373503 3.6841
0.374573 3.71432
0.375785 3.74435
0.377133 3.77418
0.37861 3.80381
0.380213 3.83324
0.381938 3.86246
0.383782 3.89148
0.385742 3.92028
0.387817 3.94886
0.390006 3.97723
0.39231 4.00537
0.394728 4.03327
0.397262 4.06094
0.399913 4.08836
0.402683 4.11553
0.405575 4.14243
0.408593 4.16906
0.411741 4.1954
0.415024 4.22145
0.418446 4.24719
0.422014 4.27261
0.425736 4.2977
0.429619 4.32243
0.433672 4.3468
0.437905 4.37078
0.442328 4.39435
0.446955 4.41749
0.451799 4.44018
0.456875 4.46239
0.4622 4.48409
0.467794 4.50524
0.473679 4.52582
0.479878 4.54579
0.486419 4.56509
0.493333 4.58368
0.500655 4.60151
0.508425 4.61852
0.516688 4.63463
0.525497 4.64977
0.534913 4.66384
0.545005 4.67676
0.555854 4.68839
0.567556 4.69861
0.580224 4.70725
0.593989 4.71413
0.609011 4.71904
0.625481 4.72172
0.64363 4.72185
0.66374 4.71906
0.686161 4.7129
0.711329 4.70281
0.739792 4.68808
0.772251 4.66784
0.809611 4.64096
0.85306 4.60597
0.904174 4.56096
0.965086 4.50337
1.03871 4.4297
1.12912 4.33518
1.242 4.21313
1.38534 4.05425
1.57016 3.84575
1.8105 3.57116
2.12073 3.21296
2.50506 2.76327
2.93526 2.24713
3.33444 1.74087
3.61298 1.33801
3.73817 1.07844
3.74103 0.938194
3.66953 0.874202
3.55953 0.853366
3.43191 0.856156
3.2977 0.872115
3.16253 0.895779
3.02926 0.92427
2.8993 0.956035
2.77332 0.990212
2.65162 1.0263
2.53428 1.06402
2.42126 1.10317
2.31247 1.14363
2.20779 1.18532
2.10708 1.22818
2.0102 1.27215
1.91701 1.31716
1.8274 1.36318
1.74123 1.41014
1.65841 1.45799
1.57883 1.50665
1.50242 1.55605
1.42908 1.60611
1.35878 1.65673
1.29144 1.70783
1.22702 1.75929
1.16549 1.81102
1.10682 1.8629
1.05097 1.91482
0.997919 1.96665
0.947639 2.01831
0.9001 2.06966
0.855267 2.12062
0.813099 2.17109
0.773548 2.22099
0.736558 2.27024
0.702066 2.31877
0.669998 2.36655
0.640272 2.41353
0.6128 2.45968
0.587486 2.505
0.564229 2.54947
0.542922 2.59311
0.523459 2.63592
0.505729 2.67793
0.489622 2.71916
0.47503 2.75964
0.461847 2.7994
0.44997 2.83849
0.439299 2.87694
0.42974 2.91477
0.421203 2.95204
0.413604 2.98877
0.406864 3.025
0.40091 3.06077
0.395674 3.09609
0.391092 3.13101
0.387108 3.16554
0.383669 3.19971
0.380726 3.23355
0.378235 3.26706
0.376158 3.30028
0.374458 3.33322
0.373103 3.36589
0.372063 3.3983
0.371312 3.43047
0.370827 3.4624
0.370587 3.4941
0.370573 3.52559
0.370768 3.55686
0.371157 3.58793
0.371727 3.61878
0.372467 3.64944
0.373366 3.6799
0.374416 3.71015
0.375609 3.74021
0.376938 3.77007
0.378398 3.79972
0.379984 3.82918
0.381692 3.85843
0.383519 3.88747
0.385464 3.9163
0.387523 3.94492
0.389697 3.97332
0.391984 4.00149
0.394387 4.02943
0.396904 4.05713
0.399539 4.08458
0.402292 4.11178
0.405168 4.13872
0.408168 4.16539
0.411298 4.19177
0.414561 4.21786
0.417964 4.24365
0.421512 4.26911
0.425212 4.29425
0.429072 4.31903
0.433101 4.34345
0.437308 4.36748
0.441704 4.39111
0.446302 4.41431
0.451115 4.43707
0.456158 4.45934
0.461448 4.48111
0.467003 4.50235
0.472846 4.52301
0.479 4.54306
0.485492 4.56246
0.492353 4.58115
0.499616 4.59909
0.507321 4.61622
0.515513 4.63246
0.524243 4.64773
0.533571 4.66196
0.543565 4.67504
0.554304 4.68686
0.565882 4.69728
0.578408 4.70615
0.592013 4.71329
0.60685 4.71849
0.623107 4.72149
0.641008 4.72199
0.660828 4.71964
0.682905 4.71398
0.707663 4.70447
0.735632 4.69043
0.76749 4.67101
0.804108 4.64512
0.84663 4.61136
0.896571 4.56788
0.955973 4.5122
1.02763 4.44101
1.11542 4.34973
1.22477 4.23198
1.36332 4.07887
1.54162 3.87814
1.77336 3.61378
2.07325 3.26802
2.44799 2.83056
2.87537 2.3202
3.2847 1.80659
3.58368 1.38529
3.72923 1.10629
3.74608 0.95213
3.68236 0.879894
3.57615 0.854517
3.45015 0.854815
3.31642 0.869358
3.18117 0.892169
3.04753 0.920106
2.91706 0.95148
2.79051 0.985359
2.66821 1.02121
2.55026 1.05871
2.43665 1.09767
2.32728 1.13796
2.22204 1.17948
2.12078 1.22218
2.02338 1.266
1.92969 1.31087
1.83959 1.35676
1.75296 1.40359
1.66968 1.45132
1.58966 1.49987
1.51281 1.54917
1.43905 1.59914
1.36833 1.64969
1.30058 1.70073
1.23576 1.75215
1.17384 1.80385
1.11477 1.85572
1.05853 1.90763
1.00509 1.95949
0.954434 2.01117
0.906517 2.06258
0.861312 2.1136
0.818777 2.16414
0.778867 2.21412
0.741527 2.26346
0.706693 2.3121
0.674294 2.35999
0.64425 2.40708
0.616471 2.45335
0.590865 2.49878
0.567329 2.54337
0.545759 2.58712
0.526047 2.63004
0.508083 2.67216
0.491758 2.71349
0.476963 2.75408
0.463592 2.79394
0.451539 2.83312
0.440707 2.87165
0.431 2.90957
0.422327 2.94692
0.414603 2.98372
0.407749 3.02002
0.40169 3.05584
0.396358 3.09123
0.39169 3.1262
0.387626 3.16078
0.384114 3.195
0.381105 3.22888
0.378555 3.26244
0.376422 3.2957
0.374672 3.32868
0.373271 3.36138
0.372189 3.39383
0.3714 3.42603
0.370879 3.45799
0.370607 3.48973
0.370562 3.52125
0.370729 3.55255
0.371092 3.58364
0.371638 3.61453
0.372355 3.64521
0.373233 3.67569
0.374262 3.70598
0.375436 3.73606
0.376747 3.76595
0.378189 3.79563
0.379757 3.82511
0.381449 3.85439
0.38326 3.88347
0.385188 3.91233
0.387231 3.94097
0.389389 3.9694
0.391661 3.9976
0.394047 4.02557
0.396549 4.05331
0.399167 4.0808
0.401904 4.10803
0.404762 4.13501
0.407745 4.16171
0.410857 4.18814
0.414101 4.21427
0.417484 4.2401
0.421012 4.26561
0.42469 4.29079
0.428528 4.31562
0.432533 4.34009
0.436714 4.36418
0.441084 4.38787
0.445653 4.41113
0.450435 4.43395
0.455445 4.45629
0.4607 4.47813
0.466218 4.49944
0.47202 4.52019
0.478129 4.54032
0.484573 4.55981
0.49138 4.57861
0.498585 4.59666
0.506227 4.6139
0.514348 4.63026
0.523001 4.64568
0.532242 4.66006
0.542139 4.67331
0.55277 4.68531
0.564226 4.69593
0.576613 4.70502
0.59006 4.71242
0.604717 4.71789
0.620765 4.72122
0.638423 4.72209
0.657958 4.72015
0.679701 4.71497
0.704059 4.70603
0.731547 4.69267
0.762819 4.67406
0.798717 4.64914
0.840342 4.61657
0.889148 4.57456
0.947094 4.52075
1.01685 4.45195
1.10213 4.36377
1.20809 4.25015
1.34205 4.10258
1.51409 3.90931
1.73753 3.65483
2.02726 3.32129
2.39202 2.89636
2.81519 2.39315
3.23275 1.87417
3.55131 1.43543
3.7178 1.13657
3.74961 0.967615
3.69439 0.886461
3.59241 0.856145
3.46824 0.853739
3.33512 0.866756
3.19985 0.888655
3.06586 0.916006
2.93489 0.946973
2.80777 0.980544
2.68487 1.01614
2.56633 1.05343
2.45212 1.09219
2.34217 1.1323
2.23636 1.17366
2.13456 1.21621
2.03664 1.25987
1.94244 1.3046
1.85185 1.35035
1.76475 1.39705
1.68101 1.44466
1.60054 1.4931
1.52326 1.54231
1.44908 1.59219
1.37794 1.64267
1.30978 1.69364
1.24456 1.74502
1.18224 1.79668
1.12277 1.84853
1.06615 1.90045
1.01232 1.95232
0.961281 2.00403
0.912987 2.05548
0.867408 2.10656
0.824507 2.15718
0.784236 2.20724
0.746544 2.25667
0.711367 2.30541
0.678636 2.3534
0.648271 2.40061
0.620184 2.44699
0.594283 2.49254
0.570466 2.53725
0.548631 2.58111
