x T
1 80.05
0.962026 77.9601
0.925064 75.8701
0.889103 73.7802
0.854129 71.6902
0.82013 69.6003
0.787092 67.5103
0.755001 65.4204
0.723844 63.3304
0.693607 61.2405
0.664277 59.1505
0.635839 57.0606
0.60828 54.9706
0.581584 52.8807
0.555739 50.7907
0.530728 48.7008
0.506538 46.6108
0.483154 44.5209
0.460561 42.4309
0.438744 40.341
0.417689 38.2511
0.397379 36.1611
0.377801 34.0712
0.358939 31.9812
0.340778 29.8913
0.323303 27.8013
0.306498 25.7114
0.290348 23.6214
0.274838 21.5315
0.259953 19.4415
0.245677 17.3516
0.231994 15.2616
0.218891 13.1717
0.206351 11.0817
0.19436 8.99179
0.182902 6.90185
0.171962 4.8119
0.161526 2.72195
0.151578 0.632005
0.142104 -1.45794
0.133088 -3.54789
