ppm y
7 8.05117e-06
6.999 8.06407e-06
6.998 8.07702e-06
6.997 8.09001e-06
6.996 8.10303e-06
6.995 8.11609e-06
6.994 8.12919e-06
6.993 8.14233e-06
6.992 8.1555e-06
6.991 8.16872e-06
6.99 8.18197e-06
6.989 8.19527e-06
6.988 8.2086e-06
6.987 8.22198e-06
6.986 8.23539e-06
6.985 8.24884e-06
6.984 8.26233e-06
6.983 8.27587e-06
6.982 8.28944e-06
6.981 8.30306e-06
6.98 8.31671e-06
6.979 8.33041e-06
6.978 8.34415e-06
6.977 8.35792e-06
6.976 8.37175e-06
6.975 8.38561e-06
6.974 8.39951e-06
6.973 8.41346e-06
6.972 8.42745e-06
6.971 8.44148e-06
6.97 8.45555e-06
6.969 8.46967e-06
6.968 8.48383e-06
6.967 8.49803e-06
6.966 8.51228e-06
6.965 8.52657e-06
6.964 8.5409e-06
6.963 8.55528e-06
6.962 8.5697e-06
6.961 8.58416e-06
6.96 8.59868e-06
6.959 8.61323e-06
6.958 8.62783e-06
6.957 8.64248e-06
6.956 8.65717e-06
6.955 8.6719e-06
6.954 8.68669e-06
6.953 8.70151e-06
6.952 8.71639e-06
6.951 8.73131e-06
6.95 8.74628e-06
6.949 8.76129e-06
6.948 8.77635e-06
6.947 8.79146e-06
6.946 8.80662e-06
6.945 8.82182e-06
6.944 8.83707e-06
6.943 8.85237e-06
6.942 8.86772e-06
6.941 8.88312e-06
6.94 8.89856e-06
6.939 8.91406e-06
6.938 8.9296e-06
6.937 8.94519e-06
6.936 8.96083e-06
6.935 8.97653e-06
6.934 8.99227e-06
6.933 9.00806e-06
6.932 9.0239e-06
6.931 9.0398e-06
6.93 9.05574e-06
6.929 9.07174e-06
6.928 9.08779e-06
6.927 9.10389e-06
6.926 9.12004e-06
6.925 9.13624e-06
6.924 9.1525e-06
6.923 9.16881e-06
6.922 9.18517e-06
6.921 9.20158e-06
6.92 9.21805e-06
6.919 9.23458e-06
6.918 9.25115e-06
6.917 9.26778e-06
6.916 9.28447e-06
6.915 9.30121e-06
6.914 9.318e-06
6.913 9.33485e-06
6.912 9.35176e-06
6.911 9.36872e-06
6.91 9.38573e-06
6.909 9.40281e-06
6.908 9.41994e-06
6.907 9.43712e-06
6.906 9.45437e-06
6.905 9.47167e-06
6.904 9.48903e-06
6.903 9.50645e-06
6.902 9.52392e-06
6.901 9.54145e-06
6.9 9.55905e-06
6.899 9.5767e-06
6.898 9.59441e-06
6.897 9.61218e-06
6.896 9.63001e-06
6.895 9.6479e-06
6.894 9.66585e-06
6.893 9.68386e-06
6.892 9.70193e-06
6.891 9.72007e-06
6.89 9.73826e-06
6.889 9.75652e-06
6.888 9.77484e-06
6.887 9.79322e-06
6.886 9.81166e-06
6.885 9.83017e-06
6.884 9.84874e-06
6.883 9.86738e-06
6.882 9.88608e-06
6.881 9.90484e-06
6.88 9.92367e-06
6.879 9.94256e-06
6.878 9.96152e-06
6.877 9.98055e-06
6.876 9.99964e-06
6.875 1.00188e-05
6.874 1.0038e-05
6.873 1.00573e-05
6.872 1.00767e-05
6.871 1.00961e-05
6.87 1.01156e-05
6.869 1.01351e-05
6.868 1.01548e-05
6.867 1.01745e-05
6.866 1.01942e-05
6.865 1.02141e-05
6.864 1.0234e-05
6.863 1.0254e-05
6.862 1.0274e-05
6.861 1.02941e-05
6.86 1.03143e-05
6.859 1.03346e-05
6.858 1.03549e-05
6.857 1.03754e-05
6.856 1.03958e-05
6.855 1.04164e-05
6.854 1.0437e-05
6.853 1.04577e-05
6.852 1.04785e-05
6.851 1.04994e-05
6.85 1.05203e-05
6.849 1.05413e-05
6.848 1.05624e-05
6.847 1.05835e-05
6.846 1.06048e-05
6.845 1.06261e-05
6.844 1.06475e-05
6.843 1.06689e-05
6.842 1.06905e-05
6.841 1.07121e-05
6.84 1.07338e-05
6.839 1.07556e-05
6.838 1.07774e-05
6.837 1.07994e-05
6.836 1.08214e-05
6.835 1.08435e-05
6.834 1.08657e-05
6.833 1.0888e-05
6.832 1.09103e-05
6.831 1.09327e-05
6.83 1.09553e-05
6.829 1.09779e-05
6.828 1.10005e-05
6.827 1.10233e-05
6.826 1.10462e-05
6.825 1.10691e-05
6.824 1.10921e-05
6.823 1.11153e-05
6.822 1.11385e-05
6.821 1.11618e-05
6.82 1.11851e-05
6.819 1.12086e-05
6.818 1.12321e-05
6.817 1.12558e-05
6.816 1.12795e-05
6.815 1.13034e-05
6.814 1.13273e-05
6.813 1.13513e-05
6.812 1.13754e-05
6.811 1.13996e-05
6.81 1.14238e-05
6.809 1.14482e-05
6.808 1.14727e-05
6.807 1.14973e-05
6.806 1.15219e-05
6.805 1.15467e-05
6.804 1.15715e-05
6.803 1.15965e-05
6.802 1.16215e-05
6.801 1.16467e-05
6.8 1.16719e-05
6.799 1.16972e-05
6.798 1.17227e-05
6.797 1.17482e-05
6.796 1.17739e-05
6.795 1.17996e-05
6.794 1.18254e-05
6.793 1.18514e-05
6.792 1.18774e-05
6.791 1.19036e-05
6.79 1.19298e-05
6.789 1.19562e-05
6.788 1.19827e-05
6.787 1.20092e-05
6.786 1.20359e-05
6.785 1.20627e-05
6.784 1.20896e-05
6.783 1.21166e-05
6.782 1.21437e-05
6.781 1.21709e-05
6.78 1.21982e-05
6.779 1.22256e-05
6.778 1.22532e-05
6.777 1.22808e-05
6.776 1.23086e-05
6.775 1.23365e-05
6.774 1.23645e-05
6.773 1.23926e-05
6.772 1.24208e-05
6.771 1.24491e-05
6.77 1.24776e-05
6.769 1.25062e-05
6.768 1.25349e-05
6.767 1.25637e-05
6.766 1.25926e-05
6.765 1.26216e-05
6.764 1.26508e-05
6.763 1.26801e-05
6.762 1.27095e-05
6.761 1.2739e-05
6.76 1.27687e-05
6.759 1.27985e-05
6.758 1.28284e-05
6.757 1.28584e-05
6.756 1.28886e-05
6.755 1.29188e-05
6.754 1.29492e-05
6.753 1.29798e-05
6.752 1.30104e-05
6.751 1.30412e-05
6.75 1.30722e-05
6.749 1.31032e-05
6.748 1.31344e-05
6.747 1.31657e-05
6.746 1.31972e-05
6.745 1.32288e-05
6.744 1.32605e-05
6.743 1.32924e-05
6.742 1.33244e-05
6.741 1.33565e-05
6.74 1.33888e-05
6.739 1.34212e-05
6.738 1.34538e-05
6.737 1.34865e-05
6.736 1.35193e-05
6.735 1.35523e-05
6.734 1.35854e-05
6.733 1.36187e-05
6.732 1.36521e-05
6.731 1.36856e-05
6.73 1.37194e-05
6.729 1.37532e-05
6.728 1.37872e-05
6.727 1.38214e-05
6.726 1.38557e-05
6.725 1.38902e-05
6.724 1.39248e-05
6.723 1.39595e-05
6.722 1.39945e-05
6.721 1.40295e-05
6.72 1.40648e-05
6.719 1.41002e-05
6.718 1.41357e-05
6.717 1.41714e-05
6.716 1.42073e-05
6.715 1.42433e-05
6.714 1.42795e-05
6.713 1.43159e-05
6.712 1.43524e-05
6.711 1.43891e-05
6.71 1.4426e-05
6.709 1.4463e-05
6.708 1.45002e-05
6.707 1.45375e-05
6.706 1.45751e-05
6.705 1.46128e-05
6.704 1.46507e-05
6.703 1.46887e-05
6.702 1.4727e-05
6.701 1.47654e-05
6.7 1.48039e-05
6.699 1.48427e-05
6.698 1.48817e-05
6.697 1.49208e-05
6.696 1.49601e-05
6.695 1.49996e-05
6.694 1.50393e-05
6.693 1.50791e-05
6.692 1.51192e-05
6.691 1.51594e-05
6.69 1.51999e-05
6.689 1.52405e-05
6.688 1.52813e-05
6.687 1.53223e-05
6.686 1.53635e-05
6.685 1.54049e-05
6.684 1.54465e-05
6.683 1.54883e-05
6.682 1.55303e-05
6.681 1.55725e-05
6.68 1.56149e-05
6.679 1.56575e-05
6.678 1.57003e-05
6.677 1.57434e-05
6.676 1.57866e-05
6.675 1.583e-05
6.674 1.58737e-05
6.673 1.59175e-05
6.672 1.59616e-05
6.671 1.60059e-05
6.67 1.60504e-05
6.669 1.60951e-05
6.668 1.61401e-05
6.667 1.61852e-05
6.666 1.62306e-05
6.665 1.62763e-05
6.664 1.63221e-05
6.663 1.63682e-05
6.662 1.64145e-05
6.661 1.6461e-05
6.66 1.65078e-05
6.659 1.65548e-05
6.658 1.6602e-05
6.657 1.66495e-05
6.656 1.66972e-05
6.655 1.67451e-05
6.654 1.67933e-05
6.653 1.68418e-05
6.652 1.68904e-05
6.651 1.69394e-05
6.65 1.69885e-05
6.649 1.7038e-05
6.648 1.70877e-05
6.647 1.71376e-05
6.646 1.71878e-05
6.645 1.72382e-05
6.644 1.7289e-05
6.643 1.73399e-05
6.642 1.73912e-05
6.641 1.74427e-05
6.64 1.74945e-05
6.639 1.75465e-05
6.638 1.75988e-05
6.637 1.76514e-05
6.636 1.77043e-05
6.635 1.77574e-05
6.634 1.78108e-05
6.633 1.78645e-05
6.632 1.79185e-05
6.631 1.79728e-05
6.63 1.80273e-05
6.629 1.80822e-05
6.628 1.81373e-05
6.627 1.81928e-05
6.626 1.82485e-05
6.625 1.83045e-05
6.624 1.83609e-05
6.623 1.84175e-05
6.622 1.84744e-05
6.621 1.85317e-05
6.62 1.85892e-05
6.619 1.86471e-05
6.618 1.87053e-05
6.617 1.87638e-05
6.616 1.88226e-05
6.615 1.88818e-05
6.614 1.89412e-05
6.613 1.9001e-05
6.612 1.90611e-05
6.611 1.91216e-05
6.61 1.91824e-05
6.609 1.92435e-05
6.608 1.9305e-05
6.607 1.93668e-05
6.606 1.94289e-05
6.605 1.94914e-05
6.604 1.95543e-05
6.603 1.96175e-05
6.602 1.9681e-05
6.601 1.9745e-05
6.6 1.98092e-05
6.599 1.98739e-05
6.598 1.99389e-05
6.597 2.00043e-05
6.596 2.007e-05
6.595 2.01361e-05
6.594 2.02026e-05
6.593 2.02695e-05
6.592 2.03368e-05
6.591 2.04044e-05
6.59 2.04725e-05
6.589 2.05409e-05
6.588 2.06097e-05
6.587 2.0679e-05
6.586 2.07486e-05
6.585 2.08187e-05
6.584 2.08891e-05
6.583 2.096e-05
6.582 2.10313e-05
6.581 2.1103e-05
6.58 2.11751e-05
6.579 2.12476e-05
6.578 2.13206e-05
6.577 2.1394e-05
6.576 2.14679e-05
6.575 2.15422e-05
6.574 2.16169e-05
6.573 2.16921e-05
6.572 2.17677e-05
6.571 2.18438e-05
6.57 2.19203e-05
6.569 2.19973e-05
6.568 2.20748e-05
6.567 2.21528e-05
6.566 2.22312e-05
6.565 2.23101e-05
6.564 2.23895e-05
6.563 2.24693e-05
6.562 2.25497e-05
6.561 2.26305e-05
6.56 2.27119e-05
6.559 2.27938e-05
6.558 2.28761e-05
6.557 2.2959e-05
6.556 2.30424e-05
6.555 2.31263e-05
6.554 2.32107e-05
6.553 2.32957e-05
6.552 2.33812e-05
6.551 2.34672e-05
6.55 2.35538e-05
6.549 2.36409e-05
6.548 2.37286e-05
6.547 2.38168e-05
6.546 2.39056e-05
6.545 2.3995e-05
6.544 2.40849e-05
6.543 2.41755e-05
6.542 2.42665e-05
6.541 2.43582e-05
6.54 2.44505e-05
6.539 2.45434e-05
6.538 2.46369e-05
6.537 2.4731e-05
6.536 2.48257e-05
6.535 2.4921e-05
6.534 2.50169e-05
6.533 2.51135e-05
6.532 2.52107e-05
6.531 2.53086e-05
6.53 2.54071e-05
6.529 2.55062e-05
6.528 2.5606e-05
6.527 2.57065e-05
6.526 2.58077e-05
6.525 2.59095e-05
6.524 2.6012e-05
6.523 2.61152e-05
6.522 2.62191e-05
6.521 2.63237e-05
6.52 2.64291e-05
6.519 2.65351e-05
6.518 2.66419e-05
6.517 2.67493e-05
6.516 2.68576e-05
6.515 2.69665e-05
6.514 2.70762e-05
6.513 2.71867e-05
6.512 2.7298e-05
6.511 2.741e-05
6.51 2.75228e-05
6.509 2.76363e-05
6.508 2.77507e-05
6.507 2.78659e-05
6.506 2.79819e-05
6.505 2.80987e-05
6.504 2.82163e-05
6.503 2.83347e-05
6.502 2.8454e-05
6.501 2.85742e-05
6.5 2.86952e-05
6.499 2.88171e-05
6.498 2.89398e-05
6.497 2.90635e-05
6.496 2.9188e-05
6.495 2.93134e-05
6.494 2.94397e-05
6.493 2.9567e-05
6.492 2.96952e-05
6.491 2.98243e-05
6.49 2.99543e-05
6.489 3.00853e-05
6.488 3.02173e-05
6.487 3.03503e-05
6.486 3.04842e-05
6.485 3.06191e-05
6.484 3.07551e-05
6.483 3.0892e-05
6.482 3.103e-05
6.481 3.1169e-05
6.48 3.13091e-05
6.479 3.14502e-05
6.478 3.15924e-05
6.477 3.17357e-05
6.476 3.188e-05
6.475 3.20255e-05
6.474 3.2172e-05
6.473 3.23197e-05
6.472 3.24685e-05
6.471 3.26185e-05
6.47 3.27697e-05
6.469 3.2922e-05
6.468 3.30755e-05
6.467 3.32301e-05
6.466 3.3386e-05
6.465 3.35432e-05
6.464 3.37015e-05
6.463 3.38611e-05
6.462 3.4022e-05
6.461 3.41841e-05
6.46 3.43476e-05
6.459 3.45123e-05
6.458 3.46784e-05
6.457 3.48457e-05
6.456 3.50145e-05
6.455 3.51846e-05
6.454 3.5356e-05
6.453 3.55289e-05
6.452 3.57032e-05
6.451 3.58789e-05
6.45 3.6056e-05
6.449 3.62346e-05
6.448 3.64146e-05
6.447 3.65962e-05
6.446 3.67792e-05
6.445 3.69638e-05
6.444 3.71499e-05
6.443 3.73375e-05
6.442 3.75268e-05
6.441 3.77176e-05
6.44 3.791e-05
6.439 3.81041e-05
6.438 3.82998e-05
6.437 3.84971e-05
6.436 3.86962e-05
6.435 3.88969e-05
6.434 3.90994e-05
6.433 3.93036e-05
6.432 3.95096e-05
6.431 3.97174e-05
6.43 3.99269e-05
6.429 4.01383e-05
6.428 4.03516e-05
6.427 4.05667e-05
6.426 4.07837e-05
6.425 4.10026e-05
6.424 4.12235e-05
6.423 4.14463e-05
6.422 4.16711e-05
6.421 4.18979e-05
6.42 4.21267e-05
6.419 4.23577e-05
6.418 4.25906e-05
6.417 4.28257e-05
6.416 4.3063e-05
6.415 4.33023e-05
6.414 4.35439e-05
6.413 4.37877e-05
6.412 4.40337e-05
6.411 4.4282e-05
6.41 4.45326e-05
6.409 4.47855e-05
6.408 4.50408e-05
6.407 4.52985e-05
6.406 4.55586e-05
6.405 4.58211e-05
6.404 4.60861e-05
6.403 4.63536e-05
6.402 4.66236e-05
6.401 4.68963e-05
6.4 4.71715e-05
6.399 4.74494e-05
6.398 4.77299e-05
6.397 4.80132e-05
6.396 4.82992e-05
6.395 4.8588e-05
6.394 4.88796e-05
6.393 4.9174e-05
6.392 4.94714e-05
6.391 4.97716e-05
6.39 5.00749e-05
6.389 5.03811e-05
6.388 5.06905e-05
6.387 5.10029e-05
6.386 5.13184e-05
6.385 5.16371e-05
6.384 5.1959e-05
6.383 5.22842e-05
6.382 5.26127e-05
6.381 5.29446e-05
6.38 5.32798e-05
6.379 5.36185e-05
6.378 5.39607e-05
6.377 5.43064e-05
6.376 5.46557e-05
6.375 5.50087e-05
6.374 5.53654e-05
6.373 5.57258e-05
6.372 5.609e-05
6.371 5.6458e-05
6.37 5.683e-05
6.369 5.72059e-05
6.368 5.75859e-05
6.367 5.79699e-05
6.366 5.83581e-05
6.365 5.87505e-05
6.364 5.91471e-05
6.363 5.95481e-05
6.362 5.99534e-05
6.361 6.03632e-05
6.36 6.07775e-05
6.359 6.11964e-05
6.358 6.162e-05
6.357 6.20482e-05
6.356 6.24813e-05
6.355 6.29192e-05
6.354 6.33621e-05
6.353 6.381e-05
6.352 6.42629e-05
6.351 6.47211e-05
6.35 6.51845e-05
6.349 6.56532e-05
6.348 6.61273e-05
6.347 6.6607e-05
6.346 6.70922e-05
6.345 6.75831e-05
6.344 6.80797e-05
6.343 6.85822e-05
6.342 6.90907e-05
6.341 6.96051e-05
6.34 7.01258e-05
6.339 7.06526e-05
6.338 7.11858e-05
6.337 7.17254e-05
6.336 7.22716e-05
6.335 7.28244e-05
6.334 7.3384e-05
6.333 7.39504e-05
6.332 7.45239e-05
6.331 7.51044e-05
6.33 7.56921e-05
6.329 7.62872e-05
6.328 7.68898e-05
6.327 7.74999e-05
6.326 7.81177e-05
6.325 7.87434e-05
6.324 7.93771e-05
6.323 8.00189e-05
6.322 8.0669e-05
6.321 8.13274e-05
6.32 8.19945e-05
6.319 8.26702e-05
6.318 8.33547e-05
6.317 8.40483e-05
6.316 8.47511e-05
6.315 8.54631e-05
6.314 8.61847e-05
6.313 8.69159e-05
6.312 8.7657e-05
6.311 8.84081e-05
6.31 8.91694e-05
6.309 8.99411e-05
6.308 9.07234e-05
6.307 9.15164e-05
6.306 9.23204e-05
6.305 9.31356e-05
6.304 9.39622e-05
6.303 9.48004e-05
6.302 9.56504e-05
6.301 9.65125e-05
6.3 9.73869e-05
6.299 9.82737e-05
6.298 9.91733e-05
6.297 0.000100086
6.296 0.000101012
6.295 0.000101951
6.294 0.000102904
6.293 0.000103872
6.292 0.000104853
6.291 0.000105849
6.29 0.00010686
6.289 0.000107886
6.288 0.000108928
6.287 0.000109986
6.286 0.00011106
6.285 0.00011215
6.284 0.000113257
6.283 0.000114381
6.282 0.000115523
6.281 0.000116682
6.28 0.00011786
6.279 0.000119057
6.278 0.000120273
6.277 0.000121508
6.276 0.000122763
6.275 0.000124038
6.274 0.000125334
6.273 0.000126652
6.272 0.000127991
6.271 0.000129352
6.27 0.000130736
6.269 0.000132143
6.268 0.000133573
6.267 0.000135028
6.266 0.000136508
6.265 0.000138013
6.264 0.000139544
6.263 0.000141101
6.262 0.000142686
6.261 0.000144298
6.26 0.000145939
6.259 0.000147609
6.258 0.000149309
6.257 0.000151039
6.256 0.0001528
6.255 0.000154594
6.254 0.00015642
6.253 0.00015828
6.252 0.000160175
6.251 0.000162104
6.25 0.00016407
6.249 0.000166073
6.248 0.000168114
6.247 0.000170194
6.246 0.000172314
6.245 0.000174475
6.244 0.000176678
6.243 0.000178924
6.242 0.000181215
6.241 0.000183551
6.24 0.000185934
6.239 0.000188365
6.238 0.000190845
6.237 0.000193376
6.236 0.000195958
6.235 0.000198595
6.234 0.000201286
6.233 0.000204034
6.232 0.00020684
6.231 0.000209705
6.23 0.000212632
6.229 0.000215623
6.228 0.000218678
6.227 0.0002218
6.226 0.000224991
6.225 0.000228254
6.224 0.000231589
6.223 0.000235
6.222 0.000238488
6.221 0.000242056
6.22 0.000245707
6.219 0.000249442
6.218 0.000253266
6.217 0.000257179
6.216 0.000261187
6.215 0.00026529
6.214 0.000269493
6.213 0.000273798
6.212 0.00027821
6.211 0.000282731
6.21 0.000287365
6.209 0.000292116
6.208 0.000296988
6.207 0.000301986
6.206 0.000307112
6.205 0.000312373
6.204 0.000317773
6.203 0.000323316
6.202 0.000329008
6.201 0.000334853
6.2 0.000340859
6.199 0.00034703
6.198 0.000353373
6.197 0.000359895
6.196 0.000366601
6.195 0.000373499
6.194 0.000380597
6.193 0.000387901
6.192 0.000395421
6.191 0.000403165
6.19 0.000411142
6.189 0.000419361
6.188 0.000427832
6.187 0.000436566
6.186 0.000445573
6.185 0.000454865
6.184 0.000464455
6.183 0.000474355
6.182 0.000484578
6.181 0.000495139
6.18 0.000506053
6.179 0.000517336
6.178 0.000529004
6.177 0.000541075
6.176 0.000553569
6.175 0.000566505
6.174 0.000579904
6.173 0.000593789
6.172 0.000608182
6.171 0.000623111
6.17 0.0006386
6.169 0.000654679
6.168 0.000671379
6.167 0.00068873
6.166 0.000706768
6.165 0.00072553
6.164 0.000745054
6.163 0.000765382
6.162 0.00078656
6.161 0.000808635
6.16 0.000831658
6.159 0.000855685
6.158 0.000880774
6.157 0.00090699
6.156 0.0009344
6.155 0.000963078
6.154 0.000993104
6.153 0.00102456
6.152 0.00105755
6.151 0.00109216
6.15 0.0011285
6.149 0.0011667
6.148 0.00120688
6.147 0.00124917
6.146 0.00129374
6.145 0.00134074
6.144 0.00139036
6.143 0.00144279
6.142 0.00149826
6.141 0.00155698
6.14 0.00161924
6.139 0.00168532
6.138 0.00175552
6.137 0.00183022
6.136 0.00190979
6.135 0.00199466
6.134 0.00208533
6.133 0.00218232
6.132 0.00228623
6.131 0.00239775
6.13 0.00251763
6.129 0.00264671
6.128 0.00278597
6.127 0.0029365
6.126 0.00309954
6.125 0.00327652
6.124 0.00346905
6.123 0.00367901
6.122 0.00390856
6.121 0.00416019
6.12 0.00443682
6.119 0.00474184
6.118 0.00507924
6.117 0.00545376
6.116 0.00587098
6.115 0.00633759
6.114 0.00686163
6.113 0.00745282
6.112 0.008123
6.111 0.00888671
6.11 0.00976194
6.109 0.0107711
6.108 0.0119426
6.107 0.0133123
6.106 0.0149266
6.105 0.0168458
6.104 0.0191493
6.103 0.0219432
6.102 0.0253708
6.101 0.029629
6.1 0.0349918
6.099 0.0418445
6.098 0.0507351
6.097 0.0624417
6.096 0.0780506
6.095 0.0989892
6.094 0.126828
6.093 0.162338
6.092 0.202921
6.091 0.23873
6.09 0.25365
6.089 0.23873
6.088 0.202921
6.087 0.162338
6.086 0.126828
6.085 0.0989893
6.084 0.0780506
6.083 0.0624418
6.082 0.0507352
6.081 0.0418447
6.08 0.0349919
6.079 0.0296292
6.078 0.0253709
6.077 0.0219433
6.076 0.0191495
6.075 0.016846
6.074 0.0149268
6.073 0.0133125
6.072 0.0119428
6.071 0.0107714
6.07 0.00976219
6.069 0.00888698
6.068 0.00812328
6.067 0.00745311
6.066 0.00686193
6.065 0.00633791
6.064 0.00587131
6.063 0.0054541
6.062 0.0050796
6.061 0.00474221
6.06 0.0044372
6.059 0.00416059
6.058 0.00390897
6.057 0.00367943
6.056 0.00346949
6.055 0.00327696
6.054 0.0031
6.053 0.00293697
6.052 0.00278646
6.051 0.00264721
6.05 0.00251814
6.049 0.00239828
6.048 0.00228677
6.047 0.00218287
6.046 0.00208589
6.045 0.00199524
6.044 0.00191038
6.043 0.00183082
6.042 0.00175614
6.041 0.00168594
6.04 0.00161988
6.039 0.00155764
6.038 0.00149892
6.037 0.00144347
6.036 0.00139105
6.035 0.00134145
6.034 0.00129446
6.033 0.00124991
6.032 0.00120762
6.031 0.00116746
6.03 0.00112927
6.029 0.00109294
6.028 0.00105834
6.027 0.00102537
6.026 0.000993925
6.025 0.000963912
6.024 0.000935247
6.023 0.000907849
6.022 0.000881647
6.021 0.00085657
6.02 0.000832556
6.019 0.000809546
6.018 0.000787484
6.017 0.000766319
6.016 0.000746004
6.015 0.000726492
6.014 0.000707744
6.013 0.000689719
6.012 0.00067238
6.011 0.000655694
6.01 0.000639628
6.009 0.000624151
6.008 0.000609236
6.007 0.000594855
6.006 0.000580983
6.005 0.000567597
6.004 0.000554674
6.003 0.000542193
6.002 0.000530135
6.001 0.000518479
6 0.000507209
5.999 0.000496308
5.998 0.00048576
5.997 0.00047555
5.996 0.000465663
5.995 0.000456087
5.994 0.000446807
5.993 0.000437813
5.992 0.000429092
5.991 0.000420634
5.99 0.000412428
5.989 0.000404465
5.988 0.000396734
5.987 0.000389227
5.986 0.000381935
5.985 0.00037485
5.984 0.000367965
5.983 0.000361272
5.982 0.000354764
5.981 0.000348434
5.98 0.000342276
5.979 0.000336283
5.978 0.00033045
5.977 0.000324771
5.976 0.000319241
5.975 0.000313855
5.974 0.000308607
5.973 0.000303493
5.972 0.000298509
5.971 0.00029365
5.97 0.000288912
5.969 0.000284291
5.968 0.000279783
5.967 0.000275384
5.966 0.000271092
5.965 0.000266902
5.964 0.000262812
5.963 0.000258818
5.962 0.000254917
5.961 0.000251107
5.96 0.000247385
5.959 0.000243747
5.958 0.000240192
5.957 0.000236717
5.956 0.000233319
5.955 0.000229997
5.954 0.000226748
5.953 0.00022357
5.952 0.000220461
5.951 0.000217419
5.95 0.000214442
5.949 0.000211528
5.948 0.000208675
5.947 0.000205883
5.946 0.000203148
5.945 0.00020047
5.944 0.000197847
5.943 0.000195277
5.942 0.00019276
5.941 0.000190293
5.94 0.000187875
5.939 0.000185506
5.938 0.000183183
5.937 0.000180905
5.936 0.000178672
5.935 0.000176482
5.934 0.000174335
5.933 0.000172228
5.932 0.000170161
5.931 0.000168134
5.93 0.000166144
5.929 0.000164192
5.928 0.000162275
5.927 0.000160394
5.926 0.000158548
5.925 0.000156735
5.924 0.000154954
5.923 0.000153206
5.922 0.000151489
5.921 0.000149803
5.92 0.000148146
5.919 0.000146519
5.918 0.00014492
5.917 0.000143348
5.916 0.000141804
5.915 0.000140287
5.914 0.000138795
5.913 0.000137329
5.912 0.000135887
5.911 0.00013447
5.91 0.000133077
5.909 0.000131706
5.908 0.000130358
5.907 0.000129033
5.906 0.000127729
5.905 0.000126446
5.904 0.000125184
5.903 0.000123943
5.902 0.000122721
5.901 0.000121519
5.9 0.000120336
5.899 0.000119172
5.898 0.000118025
5.897 0.000116897
5.896 0.000115786
5.895 0.000114693
5.894 0.000113616
5.893 0.000112556
5.892 0.000111512
5.891 0.000110484
5.89 0.000109471
5.889 0.000108474
5.888 0.000107491
5.887 0.000106523
5.886 0.00010557
5.885 0.00010463
5.884 0.000103704
5.883 0.000102792
5.882 0.000101893
5.881 0.000101007
5.88 0.000100134
5.879 9.92731e-05
5.878 9.84247e-05
5.877 9.75884e-05
5.876 9.67639e-05
5.875 9.5951e-05
5.874 9.51495e-05
5.873 9.43591e-05
5.872 9.35798e-05
5.871 9.28113e-05
5.87 9.20533e-05
5.869 9.13057e-05
5.868 9.05684e-05
5.867 8.98411e-05
5.866 8.91236e-05
5.865 8.84158e-05
5.864 8.77175e-05
5.863 8.70286e-05
5.862 8.63488e-05
5.861 8.5678e-05
5.86 8.50161e-05
5.859 8.43629e-05
5.858 8.37183e-05
5.857 8.30821e-05
5.856 8.24542e-05
5.855 8.18343e-05
5.854 8.12225e-05
5.853 8.06186e-05
5.852 8.00223e-05
5.851 7.94337e-05
5.85 7.88525e-05
5.849 7.82787e-05
5.848 7.77121e-05
5.847 7.71526e-05
5.846 7.66001e-05
5.845 7.60545e-05
5.844 7.55156e-05
5.843 7.49835e-05
5.842 7.44578e-05
5.841 7.39386e-05
5.84 7.34258e-05
5.839 7.29192e-05
5.838 7.24188e-05
5.837 7.19244e-05
5.836 7.14359e-05
5.835 7.09533e-05
5.834 7.04765e-05
5.833 7.00054e-05
5.832 6.95398e-05
5.831 6.90798e-05
5.83 6.86252e-05
5.829 6.81759e-05
5.828 6.77319e-05
5.827 6.72931e-05
5.826 6.68594e-05
5.825 6.64307e-05
5.824 6.60069e-05
5.823 6.5588e-05
5.822 6.5174e-05
5.821 6.47646e-05
5.82 6.436e-05
5.819 6.39599e-05
5.818 6.35643e-05
5.817 6.31732e-05
5.816 6.27866e-05
5.815 6.24042e-05
5.814 6.20261e-05
5.813 6.16523e-05
5.812 6.12825e-05
5.811 6.09169e-05
5.81 6.05553e-05
5.809 6.01977e-05
5.808 5.9844e-05
5.807 5.94941e-05
5.806 5.91481e-05
5.805 5.88058e-05
5.804 5.84673e-05
5.803 5.81324e-05
5.802 5.78011e-05
5.801 5.74733e-05
5.8 5.71491e-05
5.799 5.68283e-05
5.798 5.65109e-05
5.797 5.61969e-05
5.796 5.58862e-05
5.795 5.55788e-05
5.794 5.52746e-05
5.793 5.49736e-05
5.792 5.46758e-05
5.791 5.4381e-05
5.79 5.40894e-05
5.789 5.38007e-05
5.788 5.3515e-05
5.787 5.32323e-05
5.786 5.29525e-05
5.785 5.26755e-05
5.784 5.24014e-05
5.783 5.213e-05
5.782 5.18615e-05
5.781 5.15956e-05
5.78 5.13324e-05
5.779 5.10719e-05
5.778 5.0814e-05
5.777 5.05587e-05
5.776 5.0306e-05
5.775 5.00557e-05
5.774 4.9808e-05
5.773 4.95627e-05
5.772 4.93199e-05
5.771 4.90794e-05
5.77 4.88413e-05
5.769 4.86056e-05
5.768 4.83721e-05
5.767 4.8141e-05
5.766 4.79121e-05
5.765 4.76854e-05
5.764 4.7461e-05
5.763 4.72387e-05
5.762 4.70185e-05
5.761 4.68005e-05
5.76 4.65846e-05
5.759 4.63707e-05
5.758 4.61589e-05
5.757 4.59491e-05
5.756 4.57413e-05
5.755 4.55355e-05
5.754 4.53316e-05
5.753 4.51297e-05
5.752 4.49297e-05
5.751 4.47316e-05
5.75 4.45353e-05
5.749 4.43408e-05
5.748 4.41482e-05
5.747 4.39574e-05
5.746 4.37684e-05
5.745 4.35811e-05
5.744 4.33955e-05
5.743 4.32117e-05
5.742 4.30296e-05
5.741 4.28491e-05
5.74 4.26704e-05
5.739 4.24932e-05
5.738 4.23177e-05
5.737 4.21438e-05
5.736 4.19715e-05
5.735 4.18007e-05
5.734 4.16315e-05
5.733 4.14638e-05
5.732 4.12977e-05
5.731 4.1133e-05
5.73 4.09699e-05
5.729 4.08082e-05
5.728 4.0648e-05
5.727 4.04892e-05
5.726 4.03318e-05
5.725 4.01758e-05
5.724 4.00212e-05
5.723 3.9868e-05
5.722 3.97162e-05
5.721 3.95657e-05
5.72 3.94166e-05
5.719 3.92687e-05
5.718 3.91222e-05
5.717 3.8977e-05
5.716 3.8833e-05
5.715 3.86903e-05
5.714 3.85489e-05
5.713 3.84087e-05
5.712 3.82697e-05
5.711 3.8132e-05
5.71 3.79954e-05
5.709 3.78601e-05
5.708 3.77259e-05
5.707 3.75928e-05
5.706 3.7461e-05
5.705 3.73302e-05
5.704 3.72006e-05
5.703 3.70722e-05
5.702 3.69448e-05
5.701 3.68185e-05
5.7 3.66933e-05
5.699 3.65692e-05
5.698 3.64462e-05
5.697 3.63242e-05
5.696 3.62032e-05
5.695 3.60833e-05
5.694 3.59644e-05
5.693 3.58465e-05
5.692 3.57296e-05
5.691 3.56137e-05
5.69 3.54988e-05
5.689 3.53848e-05
5.688 3.52719e-05
5.687 3.51599e-05
5.686 3.50488e-05
5.685 3.49387e-05
5.684 3.48294e-05
5.683 3.47212e-05
5.682 3.46138e-05
5.681 3.45073e-05
5.68 3.44017e-05
5.679 3.4297e-05
5.678 3.41932e-05
5.677 3.40903e-05
5.676 3.39882e-05
5.675 3.38869e-05
5.674 3.37865e-05
5.673 3.3687e-05
5.672 3.35882e-05
5.671 3.34903e-05
5.67 3.33932e-05
5.669 3.32969e-05
5.668 3.32015e-05
5.667 3.31068e-05
5.666 3.30129e-05
5.665 3.29197e-05
5.664 3.28274e-05
5.663 3.27357e-05
5.662 3.26449e-05
5.661 3.25548e-05
5.66 3.24655e-05
5.659 3.23768e-05
5.658 3.2289e-05
5.657 3.22018e-05
5.656 3.21154e-05
5.655 3.20296e-05
5.654 3.19446e-05
5.653 3.18603e-05
5.652 3.17766e-05
5.651 3.16937e-05
5.65 3.16114e-05
5.649 3.15298e-05
5.648 3.14489e-05
5.647 3.13686e-05
5.646 3.1289e-05
5.645 3.12101e-05
5.644 3.11318e-05
5.643 3.10541e-05
5.642 3.09771e-05
5.641 3.09007e-05
5.64 3.08249e-05
5.639 3.07498e-05
5.638 3.06752e-05
5.637 3.06013e-05
5.636 3.0528e-05
5.635 3.04552e-05
5.634 3.03831e-05
5.633 3.03116e-05
5.632 3.02406e-05
5.631 3.01702e-05
5.63 3.01004e-05
5.629 3.00312e-05
5.628 2.99625e-05
5.627 2.98944e-05
5.626 2.98269e-05
5.625 2.97599e-05
5.624 2.96934e-05
5.623 2.96275e-05
5.622 2.95621e-05
5.621 2.94973e-05
5.62 2.9433e-05
5.619 2.93692e-05
5.618 2.9306e-05
5.617 2.92432e-05
5.616 2.9181e-05
5.615 2.91193e-05
5.614 2.90581e-05
5.613 2.89974e-05
5.612 2.89372e-05
5.611 2.88775e-05
5.61 2.88183e-05
5.609 2.87595e-05
5.608 2.87013e-05
5.607 2.86435e-05
5.606 2.85862e-05
5.605 2.85294e-05
5.604 2.8473e-05
5.603 2.84171e-05
5.602 2.83617e-05
5.601 2.83067e-05
5.6 2.82522e-05
5.599 2.81981e-05
5.598 2.81445e-05
5.597 2.80913e-05
5.596 2.80386e-05
5.595 2.79863e-05
5.594 2.79345e-05
5.593 2.7883e-05
5.592 2.7832e-05
5.591 2.77814e-05
5.59 2.77313e-05
5.589 2.76816e-05
5.588 2.76322e-05
5.587 2.75833e-05
5.586 2.75348e-05
5.585 2.74868e-05
5.584 2.74391e-05
5.583 2.73918e-05
5.582 2.73449e-05
5.581 2.72984e-05
5.58 2.72523e-05
5.579 2.72066e-05
5.578 2.71613e-05
5.577 2.71164e-05
5.576 2.70718e-05
5.575 2.70277e-05
5.574 2.69839e-05
5.573 2.69404e-05
5.572 2.68974e-05
5.571 2.68547e-05
5.57 2.68124e-05
5.569 2.67705e-05
5.568 2.67289e-05
5.567 2.66876e-05
5.566 2.66468e-05
5.565 2.66063e-05
5.564 2.65661e-05
5.563 2.65263e-05
5.562 2.64868e-05
5.561 2.64477e-05
5.56 2.64089e-05
5.559 2.63705e-05
5.558 2.63324e-05
5.557 2.62946e-05
5.556 2.62572e-05
5.555 2.62201e-05
5.554 2.61833e-05
5.553 2.61469e-05
5.552 2.61108e-05
5.551 2.6075e-05
5.55 2.60395e-05
5.549 2.60044e-05
5.548 2.59696e-05
5.547 2.5935e-05
5.546 2.59008e-05
5.545 2.58669e-05
5.544 2.58334e-05
5.543 2.58001e-05
5.542 2.57671e-05
5.541 2.57344e-05
5.54 2.57021e-05
5.539 2.567e-05
5.538 2.56383e-05
5.537 2.56068e-05
5.536 2.55756e-05
5.535 2.55447e-05
5.534 2.55141e-05
5.533 2.54838e-05
5.532 2.54538e-05
5.531 2.54241e-05
5.53 2.53946e-05
5.529 2.53655e-05
5.528 2.53366e-05
5.527 2.5308e-05
5.526 2.52797e-05
5.525 2.52516e-05
5.524 2.52239e-05
5.523 2.51964e-05
5.522 2.51691e-05
5.521 2.51422e-05
5.52 2.51155e-05
5.519 2.5089e-05
5.518 2.50629e-05
5.517 2.5037e-05
5.516 2.50113e-05
5.515 2.4986e-05
5.514 2.49608e-05
5.513 2.4936e-05
5.512 2.49114e-05
5.511 2.4887e-05
5.51 2.48629e-05
5.509 2.48391e-05
5.508 2.48155e-05
5.507 2.47922e-05
5.506 2.47691e-05
5.505 2.47462e-05
5.504 2.47236e-05
5.503 2.47013e-05
5.502 2.46791e-05
5.501 2.46573e-05
5.5 2.46356e-05
5.499 2.46142e-05
5.498 2.45931e-05
5.497 2.45722e-05
5.496 2.45515e-05
5.495 2.4531e-05
5.494 2.45108e-05
5.493 2.44908e-05
5.492 2.4471e-05
5.491 2.44515e-05
5.49 2.44322e-05
5.489 2.44131e-05
5.488 2.43943e-05
5.487 2.43757e-05
5.486 2.43573e-05
5.485 2.43391e-05
5.484 2.43211e-05
5.483 2.43034e-05
5.482 2.42859e-05
5.481 2.42686e-05
5.48 2.42515e-05
5.479 2.42346e-05
5.478 2.4218e-05
5.477 2.42015e-05
5.476 2.41853e-05
5.475 2.41693e-05
5.474 2.41535e-05
5.473 2.41379e-05
5.472 2.41225e-05
5.471 2.41074e-05
5.47 2.40924e-05
5.469 2.40776e-05
5.468 2.40631e-05
5.467 2.40487e-05
5.466 2.40346e-05
5.465 2.40206e-05
5.464 2.40069e-05
5.463 2.39933e-05
5.462 2.398e-05
5.461 2.39668e-05
5.46 2.39539e-05
5.459 2.39411e-05
5.458 2.39286e-05
5.457 2.39162e-05
5.456 2.39041e-05
5.455 2.38921e-05
5.454 2.38803e-05
5.453 2.38687e-05
5.452 2.38573e-05
5.451 2.38461e-05
5.45 2.38351e-05
5.449 2.38243e-05
5.448 2.38137e-05
5.447 2.38032e-05
5.446 2.37929e-05
5.445 2.37829e-05
5.444 2.3773e-05
5.443 2.37633e-05
5.442 2.37537e-05
5.441 2.37444e-05
5.44 2.37352e-05
5.439 2.37263e-05
5.438 2.37175e-05
5.437 2.37089e-05
5.436 2.37004e-05
5.435 2.36922e-05
5.434 2.36841e-05
5.433 2.36762e-05
5.432 2.36685e-05
5.431 2.36609e-05
5.43 2.36535e-05
5.429 2.36463e-05
5.428 2.36393e-05
5.427 2.36325e-05
5.426 2.36258e-05
5.425 2.36193e-05
5.424 2.36129e-05
5.423 2.36068e-05
5.422 2.36008e-05
5.421 2.3595e-05
5.42 2.35893e-05
5.419 2.35838e-05
5.418 2.35785e-05
5.417 2.35734e-05
5.416 2.35684e-05
5.415 2.35636e-05
5.414 2.35589e-05
5.413 2.35544e-05
5.412 2.35501e-05
5.411 2.3546e-05
5.41 2.3542e-05
5.409 2.35381e-05
5.408 2.35345e-05
5.407 2.3531e-05
5.406 2.35276e-05
5.405 2.35244e-05
5.404 2.35214e-05
5.403 2.35186e-05
5.402 2.35159e-05
5.401 2.35133e-05
5.4 2.35109e-05
5.399 2.35087e-05
5.398 2.35067e-05
5.397 2.35048e-05
5.396 2.3503e-05
5.395 2.35014e-05
5.394 2.35e-05
5.393 2.34987e-05
5.392 2.34976e-05
5.391 2.34966e-05
5.39 2.34958e-05
5.389 2.34951e-05
5.388 2.34946e-05
5.387 2.34942e-05
5.386 2.3494e-05
5.385 2.3494e-05
5.384 2.34941e-05
5.383 2.34943e-05
5.382 2.34947e-05
5.381 2.34953e-05
5.38 2.3496e-05
5.379 2.34969e-05
5.378 2.34979e-05
5.377 2.3499e-05
5.376 2.35003e-05
5.375 2.35018e-05
5.374 2.35034e-05
5.373 2.35051e-05
5.372 2.3507e-05
5.371 2.35091e-05
5.37 2.35112e-05
5.369 2.35136e-05
5.368 2.35161e-05
5.367 2.35187e-05
5.366 2.35215e-05
5.365 2.35244e-05
5.364 2.35274e-05
5.363 2.35306e-05
5.362 2.3534e-05
5.361 2.35375e-05
5.36 2.35411e-05
5.359 2.35449e-05
5.358 2.35488e-05
5.357 2.35529e-05
5.356 2.35571e-05
5.355 2.35615e-05
5.354 2.3566e-05
5.353 2.35706e-05
5.352 2.35754e-05
5.351 2.35803e-05
5.35 2.35854e-05
5.349 2.35906e-05
5.348 2.35959e-05
5.347 2.36014e-05
5.346 2.3607e-05
5.345 2.36128e-05
5.344 2.36187e-05
5.343 2.36247e-05
5.342 2.36309e-05
5.341 2.36372e-05
5.34 2.36437e-05
5.339 2.36503e-05
5.338 2.3657e-05
5.337 2.36639e-05
5.336 2.36709e-05
5.335 2.36781e-05
5.334 2.36853e-05
5.333 2.36928e-05
5.332 2.37003e-05
5.331 2.3708e-05
5.33 2.37159e-05
5.329 2.37238e-05
5.328 2.37319e-05
5.327 2.37402e-05
5.326 2.37486e-05
5.325 2.37571e-05
5.324 2.37657e-05
5.323 2.37745e-05
5.322 2.37834e-05
5.321 2.37925e-05
5.32 2.38017e-05
5.319 2.3811e-05
5.318 2.38205e-05
5.317 2.38301e-05
5.316 2.38398e-05
5.315 2.38497e-05
5.314 2.38597e-05
5.313 2.38698e-05
5.312 2.38801e-05
5.311 2.38905e-05
5.31 2.3901e-05
5.309 2.39117e-05
5.308 2.39225e-05
5.307 2.39334e-05
5.306 2.39445e-05
5.305 2.39557e-05
5.304 2.3967e-05
5.303 2.39785e-05
5.302 2.39901e-05
5.301 2.40018e-05
5.3 2.40137e-05
5.299 2.40257e-05
5.298 2.40378e-05
5.297 2.40501e-05
5.296 2.40625e-05
5.295 2.4075e-05
5.294 2.40877e-05
5.293 2.41005e-05
5.292 2.41134e-05
5.291 2.41265e-05
5.29 2.41397e-05
5.289 2.4153e-05
5.288 2.41664e-05
5.287 2.418e-05
5.286 2.41937e-05
5.285 2.42076e-05
5.284 2.42216e-05
5.283 2.42357e-05
5.282 2.42499e-05
5.281 2.42643e-05
5.28 2.42788e-05
5.279 2.42935e-05
5.278 2.43082e-05
5.277 2.43231e-05
5.276 2.43382e-05
5.275 2.43533e-05
5.274 2.43686e-05
5.273 2.43841e-05
5.272 2.43996e-05
5.271 2.44153e-05
5.27 2.44311e-05
5.269 2.44471e-05
5.268 2.44632e-05
5.267 2.44794e-05
5.266 2.44958e-05
5.265 2.45122e-05
5.264 2.45288e-05
5.263 2.45456e-05
5.262 2.45625e-05
5.261 2.45795e-05
5.26 2.45966e-05
5.259 2.46139e-05
5.258 2.46313e-05
5.257 2.46488e-05
5.256 2.46665e-05
5.255 2.46843e-05
5.254 2.47022e-05
5.253 2.47203e-05
5.252 2.47385e-05
5.251 2.47568e-05
5.25 2.47753e-05
5.249 2.47939e-05
5.248 2.48126e-05
5.247 2.48314e-05
5.246 2.48504e-05
5.245 2.48695e-05
5.244 2.48888e-05
5.243 2.49082e-05
5.242 2.49277e-05
5.241 2.49473e-05
5.24 2.49671e-05
5.239 2.4987e-05
5.238 2.50071e-05
5.237 2.50273e-05
5.236 2.50476e-05
5.235 2.5068e-05
5.234 2.50886e-05
5.233 2.51093e-05
5.232 2.51302e-05
5.231 2.51512e-05
5.23 2.51723e-05
5.229 2.51935e-05
5.228 2.52149e-05
5.227 2.52364e-05
5.226 2.52581e-05
5.225 2.52799e-05
5.224 2.53018e-05
5.223 2.53238e-05
5.222 2.5346e-05
5.221 2.53684e-05
5.22 2.53908e-05
5.219 2.54134e-05
5.218 2.54361e-05
5.217 2.5459e-05
5.216 2.5482e-05
5.215 2.55051e-05
5.214 2.55284e-05
5.213 2.55518e-05
5.212 2.55754e-05
5.211 2.5599e-05
5.21 2.56229e-05
5.209 2.56468e-05
5.208 2.56709e-05
5.207 2.56951e-05
5.206 2.57195e-05
5.205 2.5744e-05
5.204 2.57686e-05
5.203 2.57934e-05
5.202 2.58183e-05
5.201 2.58434e-05
5.2 2.58686e-05
5.199 2.58939e-05
5.198 2.59194e-05
5.197 2.5945e-05
5.196 2.59707e-05
5.195 2.59966e-05
5.194 2.60226e-05
5.193 2.60488e-05
5.192 2.60751e-05
5.191 2.61015e-05
5.19 2.61281e-05
5.189 2.61548e-05
5.188 2.61817e-05
5.187 2.62087e-05
5.186 2.62358e-05
5.185 2.62631e-05
5.184 2.62905e-05
5.183 2.63181e-05
5.182 2.63458e-05
5.181 2.63737e-05
5.18 2.64017e-05
5.179 2.64298e-05
5.178 2.64581e-05
5.177 2.64865e-05
5.176 2.65151e-05
5.175 2.65438e-05
5.174 2.65726e-05
5.173 2.66016e-05
5.172 2.66308e-05
5.171 2.66601e-05
5.17 2.66895e-05
5.169 2.67191e-05
5.168 2.67488e-05
5.167 2.67787e-05
5.166 2.68087e-05
5.165 2.68389e-05
5.164 2.68692e-05
5.163 2.68996e-05
5.162 2.69302e-05
5.161 2.6961e-05
5.16 2.69919e-05
5.159 2.70229e-05
5.158 2.70541e-05
5.157 2.70855e-05
5.156 2.7117e-05
5.155 2.71486e-05
5.154 2.71804e-05
5.153 2.72123e-05
5.152 2.72444e-05
5.151 2.72767e-05
5.15 2.73091e-05
5.149 2.73416e-05
5.148 2.73743e-05
5.147 2.74072e-05
5.146 2.74402e-05
5.145 2.74733e-05
5.144 2.75066e-05
5.143 2.75401e-05
5.142 2.75737e-05
5.141 2.76075e-05
5.14 2.76414e-05
5.139 2.76754e-05
5.138 2.77097e-05
5.137 2.77441e-05
5.136 2.77786e-05
5.135 2.78133e-05
5.134 2.78482e-05
5.133 2.78832e-05
5.132 2.79183e-05
5.131 2.79537e-05
5.13 2.79892e-05
5.129 2.80248e-05
5.128 2.80606e-05
5.127 2.80966e-05
5.126 2.81327e-05
5.125 2.8169e-05
5.124 2.82054e-05
5.123 2.8242e-05
5.122 2.82788e-05
5.121 2.83157e-05
5.12 2.83528e-05
5.119 2.839e-05
5.118 2.84274e-05
5.117 2.8465e-05
5.116 2.85028e-05
5.115 2.85407e-05
5.114 2.85787e-05
5.113 2.8617e-05
5.112 2.86554e-05
5.111 2.86939e-05
5.11 2.87327e-05
5.109 2.87716e-05
5.108 2.88106e-05
5.107 2.88499e-05
5.106 2.88893e-05
5.105 2.89288e-05
5.104 2.89686e-05
5.103 2.90085e-05
5.102 2.90486e-05
5.101 2.90888e-05
5.1 2.91292e-05
5.099 2.91698e-05
5.098 2.92106e-05
5.097 2.92515e-05
5.096 2.92926e-05
5.095 2.93339e-05
5.094 2.93754e-05
5.093 2.9417e-05
5.092 2.94588e-05
5.091 2.95008e-05
5.09 2.9543e-05
5.089 2.95853e-05
5.088 2.96278e-05
5.087 2.96705e-05
5.086 2.97134e-05
5.085 2.97564e-05
5.084 2.97997e-05
5.083 2.98431e-05
5.082 2.98867e-05
5.081 2.99304e-05
5.08 2.99744e-05
5.079 3.00185e-05
5.078 3.00628e-05
5.077 3.01074e-05
5.076 3.0152e-05
5.075 3.01969e-05
5.074 3.0242e-05
5.073 3.02872e-05
5.072 3.03326e-05
5.071 3.03782e-05
5.07 3.0424e-05
5.069 3.047e-05
5.068 3.05162e-05
5.067 3.05626e-05
5.066 3.06091e-05
5.065 3.06559e-05
5.064 3.07028e-05
5.063 3.07499e-05
5.062 3.07973e-05
5.061 3.08448e-05
5.06 3.08925e-05
5.059 3.09404e-05
5.058 3.09885e-05
5.057 3.10368e-05
5.056 3.10853e-05
5.055 3.1134e-05
5.054 3.11828e-05
5.053 3.12319e-05
5.052 3.12812e-05
5.051 3.13307e-05
5.05 3.13804e-05
5.049 3.14302e-05
5.048 3.14803e-05
5.047 3.15306e-05
5.046 3.15811e-05
5.045 3.16318e-05
5.044 3.16827e-05
5.043 3.17338e-05
5.042 3.17851e-05
5.041 3.18366e-05
5.04 3.18883e-05
5.039 3.19403e-05
5.038 3.19924e-05
5.037 3.20448e-05
5.036 3.20973e-05
5.035 3.21501e-05
5.034 3.22031e-05
5.033 3.22563e-05
5.032 3.23097e-05
5.031 3.23633e-05
5.03 3.24172e-05
5.029 3.24712e-05
5.028 3.25255e-05
5.027 3.258e-05
5.026 3.26347e-05
5.025 3.26896e-05
5.024 3.27448e-05
5.023 3.28001e-05
5.022 3.28557e-05
5.021 3.29115e-05
5.02 3.29675e-05
5.019 3.30238e-05
5.018 3.30803e-05
5.017 3.3137e-05
5.016 3.31939e-05
5.015 3.32511e-05
5.014 3.33085e-05
5.013 3.33661e-05
5.012 3.34239e-05
5.011 3.3482e-05
5.01 3.35403e-05
5.009 3.35989e-05
5.008 3.36577e-05
5.007 3.37167e-05
5.006 3.37759e-05
5.005 3.38354e-05
5.004 3.38951e-05
5.003 3.39551e-05
5.002 3.40153e-05
5.001 3.40757e-05
5 3.41364e-05
4.999 3.41973e-05
4.998 3.42585e-05
4.997 3.43199e-05
4.996 3.43816e-05
4.995 3.44435e-05
4.994 3.45056e-05
4.993 3.4568e-05
4.992 3.46306e-05
4.991 3.46935e-05
4.99 3.47567e-05
4.989 3.48201e-05
4.988 3.48837e-05
4.987 3.49476e-05
4.986 3.50118e-05
4.985 3.50762e-05
4.984 3.51409e-05
4.983 3.52058e-05
4.982 3.5271e-05
4.981 3.53364e-05
4.98 3.54021e-05
4.979 3.54681e-05
4.978 3.55343e-05
4.977 3.56008e-05
4.976 3.56676e-05
4.975 3.57346e-05
4.974 3.58019e-05
4.973 3.58695e-05
4.972 3.59373e-05
4.971 3.60055e-05
4.97 3.60738e-05
4.969 3.61425e-05
4.968 3.62114e-05
4.967 3.62806e-05
4.966 3.63501e-05
4.965 3.64199e-05
4.964 3.64899e-05
4.963 3.65602e-05
4.962 3.66308e-05
4.961 3.67017e-05
4.96 3.67729e-05
4.959 3.68444e-05
4.958 3.69161e-05
4.957 3.69882e-05
4.956 3.70605e-05
4.955 3.71331e-05
4.954 3.7206e-05
4.953 3.72792e-05
4.952 3.73527e-05
4.951 3.74265e-05
4.95 3.75006e-05
4.949 3.7575e-05
4.948 3.76496e-05
4.947 3.77246e-05
4.946 3.77999e-05
4.945 3.78755e-05
4.944 3.79514e-05
4.943 3.80276e-05
4.942 3.81041e-05
4.941 3.81809e-05
4.94 3.82581e-05
4.939 3.83355e-05
4.938 3.84133e-05
4.937 3.84914e-05
4.936 3.85698e-05
4.935 3.86485e-05
4.934 3.87275e-05
4.933 3.88068e-05
4.932 3.88865e-05
4.931 3.89665e-05
4.93 3.90468e-05
4.929 3.91275e-05
4.928 3.92084e-05
4.927 3.92898e-05
4.926 3.93714e-05
4.925 3.94534e-05
4.924 3.95357e-05
4.923 3.96183e-05
4.922 3.97013e-05
4.921 3.97846e-05
4.92 3.98683e-05
4.919 3.99523e-05
4.918 4.00366e-05
4.917 4.01213e-05
4.916 4.02063e-05
4.915 4.02917e-05
4.914 4.03775e-05
4.913 4.04635e-05
4.912 4.055e-05
4.911 4.06368e-05
4.91 4.07239e-05
4.909 4.08115e-05
4.908 4.08993e-05
4.907 4.09876e-05
4.906 4.10762e-05
4.905 4.11652e-05
4.904 4.12545e-05
4.903 4.13442e-05
4.902 4.14343e-05
4.901 4.15247e-05
4.9 4.16156e-05
4.899 4.17068e-05
4.898 4.17984e-05
4.897 4.18903e-05
4.896 4.19827e-05
4.895 4.20754e-05
4.894 4.21685e-05
4.893 4.2262e-05
4.892 4.23559e-05
4.891 4.24502e-05
4.89 4.25449e-05
4.889 4.264e-05
4.888 4.27354e-05
4.887 4.28313e-05
4.886 4.29276e-05
4.885 4.30243e-05
4.884 4.31214e-05
4.883 4.32189e-05
4.882 4.33168e-05
4.881 4.34151e-05
4.88 4.35138e-05
4.879 4.3613e-05
4.878 4.37126e-05
4.877 4.38126e-05
4.876 4.3913e-05
4.875 4.40138e-05
4.874 4.41151e-05
4.873 4.42168e-05
4.872 4.43189e-05
4.871 4.44215e-05
4.87 4.45245e-05
4.869 4.46279e-05
4.868 4.47318e-05
4.867 4.48361e-05
4.866 4.49409e-05
4.865 4.50461e-05
4.864 4.51518e-05
4.863 4.52579e-05
4.862 4.53645e-05
4.861 4.54715e-05
4.86 4.5579e-05
4.859 4.56869e-05
4.858 4.57954e-05
4.857 4.59042e-05
4.856 4.60136e-05
4.855 4.61234e-05
4.854 4.62337e-05
4.853 4.63445e-05
4.852 4.64558e-05
4.851 4.65675e-05
4.85 4.66797e-05
4.849 4.67924e-05
4.848 4.69056e-05
4.847 4.70193e-05
4.846 4.71335e-05
4.845 4.72482e-05
4.844 4.73634e-05
4.843 4.74791e-05
4.842 4.75953e-05
4.841 4.7712e-05
4.84 4.78292e-05
4.839 4.79469e-05
4.838 4.80652e-05
4.837 4.8184e-05
4.836 4.83033e-05
4.835 4.84231e-05
4.834 4.85434e-05
4.833 4.86643e-05
4.832 4.87857e-05
4.831 4.89077e-05
4.83 4.90302e-05
4.829 4.91532e-05
4.828 4.92768e-05
4.827 4.94009e-05
4.826 4.95256e-05
4.825 4.96509e-05
4.824 4.97767e-05
4.823 4.9903e-05
4.822 5.003e-05
4.821 5.01575e-05
4.82 5.02855e-05
4.819 5.04142e-05
4.818 5.05434e-05
4.817 5.06732e-05
4.816 5.08036e-05
4.815 5.09346e-05
4.814 5.10662e-05
4.813 5.11983e-05
4.812 5.13311e-05
4.811 5.14645e-05
4.81 5.15985e-05
4.809 5.1733e-05
4.808 5.18682e-05
4.807 5.20041e-05
4.806 5.21405e-05
4.805 5.22776e-05
4.804 5.24152e-05
4.803 5.25536e-05
4.802 5.26925e-05
4.801 5.28321e-05
4.8 5.29723e-05
4.799 5.31132e-05
4.798 5.32547e-05
4.797 5.33969e-05
4.796 5.35397e-05
4.795 5.36832e-05
4.794 5.38274e-05
4.793 5.39722e-05
4.792 5.41177e-05
4.791 5.42639e-05
4.79 5.44108e-05
4.789 5.45583e-05
4.788 5.47066e-05
4.787 5.48555e-05
4.786 5.50051e-05
4.785 5.51555e-05
4.784 5.53065e-05
4.783 5.54583e-05
4.782 5.56107e-05
4.781 5.57639e-05
4.78 5.59178e-05
4.779 5.60724e-05
4.778 5.62278e-05
4.777 5.63839e-05
4.776 5.65408e-05
4.775 5.66983e-05
4.774 5.68567e-05
4.773 5.70158e-05
4.772 5.71756e-05
4.771 5.73363e-05
4.77 5.74976e-05
4.769 5.76598e-05
4.768 5.78228e-05
4.767 5.79865e-05
4.766 5.8151e-05
4.765 5.83163e-05
4.764 5.84824e-05
4.763 5.86493e-05
4.762 5.88171e-05
4.761 5.89856e-05
4.76 5.9155e-05
4.759 5.93251e-05
4.758 5.94961e-05
4.757 5.9668e-05
4.756 5.98407e-05
4.755 6.00142e-05
4.754 6.01886e-05
4.753 6.03638e-05
4.752 6.05399e-05
4.751 6.07169e-05
4.75 6.08947e-05
4.749 6.10735e-05
4.748 6.12531e-05
4.747 6.14336e-05
4.746 6.16149e-05
4.745 6.17972e-05
4.744 6.19804e-05
4.743 6.21646e-05
4.742 6.23496e-05
4.741 6.25355e-05
4.74 6.27224e-05
4.739 6.29103e-05
4.738 6.3099e-05
4.737 6.32888e-05
4.736 6.34794e-05
4.735 6.36711e-05
4.734 6.38637e-05
4.733 6.40573e-05
4.732 6.42519e-05
4.731 6.44474e-05
4.73 6.4644e-05
4.729 6.48415e-05
4.728 6.50401e-05
4.727 6.52397e-05
4.726 6.54403e-05
4.725 6.56419e-05
4.724 6.58446e-05
4.723 6.60483e-05
4.722 6.62531e-05
4.721 6.64589e-05
4.72 6.66658e-05
4.719 6.68738e-05
4.718 6.70828e-05
4.717 6.72929e-05
4.716 6.75042e-05
4.715 6.77165e-05
4.714 6.79299e-05
4.713 6.81445e-05
4.712 6.83602e-05
4.711 6.8577e-05
4.71 6.87949e-05
4.709 6.9014e-05
4.708 6.92343e-05
4.707 6.94557e-05
4.706 6.96783e-05
4.705 6.99021e-05
4.704 7.01271e-05
4.703 7.03532e-05
4.702 7.05806e-05
4.701 7.08092e-05
4.7 7.1039e-05
4.699 7.12701e-05
4.698 7.15024e-05
4.697 7.17359e-05
4.696 7.19707e-05
4.695 7.22068e-05
4.694 7.24441e-05
4.693 7.26828e-05
4.692 7.29227e-05
4.691 7.31639e-05
4.69 7.34065e-05
4.689 7.36503e-05
4.688 7.38956e-05
4.687 7.41421e-05
4.686 7.439e-05
4.685 7.46393e-05
4.684 7.48899e-05
4.683 7.5142e-05
4.682 7.53954e-05
4.681 7.56502e-05
4.68 7.59065e-05
4.679 7.61641e-05
4.678 7.64232e-05
4.677 7.66838e-05
4.676 7.69458e-05
4.675 7.72093e-05
4.674 7.74742e-05
4.673 7.77407e-05
4.672 7.80086e-05
4.671 7.82781e-05
4.67 7.85491e-05
4.669 7.88216e-05
4.668 7.90957e-05
4.667 7.93713e-05
4.666 7.96485e-05
4.665 7.99273e-05
4.664 8.02076e-05
4.663 8.04896e-05
4.662 8.07732e-05
4.661 8.10585e-05
4.66 8.13453e-05
4.659 8.16339e-05
4.658 8.19241e-05
4.657 8.2216e-05
4.656 8.25096e-05
4.655 8.28049e-05
4.654 8.31019e-05
4.653 8.34007e-05
4.652 8.37012e-05
4.651 8.40035e-05
4.65 8.43075e-05
4.649 8.46134e-05
4.648 8.4921e-05
4.647 8.52305e-05
4.646 8.55418e-05
4.645 8.5855e-05
4.644 8.617e-05
4.643 8.64869e-05
4.642 8.68057e-05
4.641 8.71264e-05
4.64 8.7449e-05
4.639 8.77736e-05
4.638 8.81001e-05
4.637 8.84286e-05
4.636 8.87591e-05
4.635 8.90916e-05
4.634 8.94262e-05
4.633 8.97627e-05
4.632 9.01013e-05
4.631 9.0442e-05
4.63 9.07848e-05
4.629 9.11296e-05
4.628 9.14766e-05
4.627 9.18258e-05
4.626 9.21771e-05
4.625 9.25306e-05
4.624 9.28862e-05
4.623 9.32441e-05
4.622 9.36042e-05
4.621 9.39666e-05
4.62 9.43312e-05
4.619 9.46981e-05
4.618 9.50674e-05
4.617 9.54389e-05
4.616 9.58128e-05
4.615 9.61891e-05
4.614 9.65678e-05
4.613 9.69488e-05
4.612 9.73323e-05
4.611 9.77183e-05
4.61 9.81067e-05
4.609 9.84976e-05
4.608 9.8891e-05
4.607 9.9287e-05
4.606 9.96855e-05
4.605 0.000100087
4.604 0.00010049
4.603 0.000100897
4.602 0.000101306
4.601 0.000101717
4.6 0.000102132
4.599 0.000102549
4.598 0.000102968
4.597 0.000103391
4.596 0.000103816
4.595 0.000104245
4.594 0.000104676
4.593 0.000105109
4.592 0.000105546
4.591 0.000105986
4.59 0.000106429
4.589 0.000106874
4.588 0.000107323
4.587 0.000107774
4.586 0.000108229
4.585 0.000108687
4.584 0.000109148
4.583 0.000109612
4.582 0.000110079
4.581 0.00011055
4.58 0.000111023
4.579 0.0001115
4.578 0.00011198
4.577 0.000112464
4.576 0.000112951
4.575 0.000113441
4.574 0.000113935
4.573 0.000114432
4.572 0.000114932
4.571 0.000115436
4.57 0.000115944
4.569 0.000116455
4.568 0.00011697
4.567 0.000117488
4.566 0.000118011
4.565 0.000118536
4.564 0.000119066
4.563 0.0001196
4.562 0.000120137
4.561 0.000120678
4.56 0.000121223
4.559 0.000121772
4.558 0.000122325
4.557 0.000122882
4.556 0.000123443
4.555 0.000124008
4.554 0.000124577
4.553 0.000125151
4.552 0.000125728
4.551 0.00012631
4.55 0.000126896
4.549 0.000127487
4.548 0.000128082
4.547 0.000128681
4.546 0.000129285
4.545 0.000129894
4.544 0.000130507
4.543 0.000131124
4.542 0.000131746
4.541 0.000132373
4.54 0.000133005
4.539 0.000133642
4.538 0.000134283
4.537 0.000134929
4.536 0.000135581
4.535 0.000136237
4.534 0.000136899
4.533 0.000137565
4.532 0.000138237
4.531 0.000138914
4.53 0.000139596
4.529 0.000140283
4.528 0.000140976
4.527 0.000141675
4.526 0.000142379
4.525 0.000143088
4.524 0.000143803
4.523 0.000144524
4.522 0.000145251
4.521 0.000145983
4.52 0.000146722
4.519 0.000147466
4.518 0.000148216
4.517 0.000148972
4.516 0.000149735
4.515 0.000150504
4.514 0.000151279
4.513 0.00015206
4.512 0.000152848
4.511 0.000153642
4.51 0.000154443
4.509 0.00015525
4.508 0.000156064
4.507 0.000156885
4.506 0.000157713
4.505 0.000158548
4.504 0.00015939
4.503 0.000160239
4.502 0.000161095
4.501 0.000161958
4.5 0.000162829
4.499 0.000163707
4.498 0.000164593
4.497 0.000165486
4.496 0.000166387
4.495 0.000167296
4.494 0.000168213
4.493 0.000169137
4.492 0.00017007
4.491 0.000171011
4.49 0.00017196
4.489 0.000172918
4.488 0.000173884
4.487 0.000174858
4.486 0.000175842
4.485 0.000176834
4.484 0.000177835
4.483 0.000178845
4.482 0.000179864
4.481 0.000180892
4.48 0.000181929
4.479 0.000182976
4.478 0.000184033
4.477 0.000185099
4.476 0.000186175
4.475 0.000187261
4.474 0.000188357
4.473 0.000189463
4.472 0.00019058
4.471 0.000191707
4.47 0.000192844
4.469 0.000193992
4.468 0.000195151
4.467 0.000196321
4.466 0.000197502
4.465 0.000198695
4.464 0.000199898
4.463 0.000201114
4.462 0.000202341
4.461 0.00020358
4.46 0.00020483
4.459 0.000206093
4.458 0.000207369
4.457 0.000208657
4.456 0.000209957
4.455 0.000211271
4.454 0.000212597
4.453 0.000213936
4.452 0.000215289
4.451 0.000216656
4.45 0.000218036
4.449 0.00021943
4.448 0.000220838
4.447 0.00022226
4.446 0.000223697
4.445 0.000225149
4.444 0.000226615
4.443 0.000228097
4.442 0.000229594
4.441 0.000231106
4.44 0.000232635
4.439 0.000234179
4.438 0.000235739
4.437 0.000237316
4.436 0.00023891
4.435 0.00024052
4.434 0.000242147
4.433 0.000243792
4.432 0.000245455
4.431 0.000247135
4.43 0.000248834
4.429 0.000250551
4.428 0.000252287
4.427 0.000254042
4.426 0.000255816
4.425 0.00025761
4.424 0.000259423
4.423 0.000261257
4.422 0.000263111
4.421 0.000264986
4.42 0.000266882
4.419 0.000268799
4.418 0.000270738
4.417 0.000272699
4.416 0.000274683
4.415 0.000276689
4.414 0.000278718
4.413 0.000280771
4.412 0.000282848
4.411 0.000284949
4.41 0.000287074
4.409 0.000289225
4.408 0.000291401
4.407 0.000293602
4.406 0.00029583
4.405 0.000298085
4.404 0.000300366
4.403 0.000302676
4.402 0.000305013
4.401 0.000307378
4.4 0.000309773
4.399 0.000312196
4.398 0.00031465
4.397 0.000317134
4.396 0.000319649
4.395 0.000322195
4.394 0.000324774
4.393 0.000327384
4.392 0.000330028
4.391 0.000332705
4.39 0.000335417
4.389 0.000338163
4.388 0.000340945
4.387 0.000343762
4.386 0.000346617
4.385 0.000349508
4.384 0.000352437
4.383 0.000355406
4.382 0.000358413
4.381 0.00036146
4.38 0.000364548
4.379 0.000367678
4.378 0.00037085
4.377 0.000374064
4.376 0.000377323
4.375 0.000380626
4.374 0.000383974
4.373 0.000387369
4.372 0.000390811
4.371 0.000394301
4.37 0.00039784
4.369 0.000401429
4.368 0.000405069
4.367 0.00040876
4.366 0.000412504
4.365 0.000416302
4.364 0.000420155
4.363 0.000424064
4.362 0.00042803
4.361 0.000432054
4.36 0.000436137
4.359 0.000440281
4.358 0.000444487
4.357 0.000448755
4.356 0.000453088
4.355 0.000457487
4.354 0.000461952
4.353 0.000466486
4.352 0.000471089
4.351 0.000475764
4.35 0.000480511
4.349 0.000485333
4.348 0.00049023
4.347 0.000495205
4.346 0.000500258
4.345 0.000505393
4.344 0.00051061
4.343 0.000515911
4.342 0.000521299
4.341 0.000526774
4.34 0.000532339
4.339 0.000537997
4.338 0.000543748
4.337 0.000549596
4.336 0.000555542
4.335 0.000561588
4.334 0.000567738
4.333 0.000573993
4.332 0.000580355
4.331 0.000586828
4.33 0.000593413
4.329 0.000600114
4.328 0.000606933
4.327 0.000613873
4.326 0.000620937
4.325 0.000628129
4.324 0.00063545
4.323 0.000642904
4.322 0.000650495
4.321 0.000658226
4.32 0.0006661
4.319 0.000674121
4.318 0.000682293
4.317 0.000690619
4.316 0.000699104
4.315 0.000707751
4.314 0.000716565
4.313 0.00072555
4.312 0.000734711
4.311 0.000744052
4.31 0.000753579
4.309 0.000763295
4.308 0.000773206
4.307 0.000783318
4.306 0.000793636
4.305 0.000804166
4.304 0.000814913
4.303 0.000825883
4.302 0.000837084
4.301 0.000848521
4.3 0.000860201
4.299 0.000872131
4.298 0.000884319
4.297 0.000896771
4.296 0.000909497
4.295 0.000922503
4.294 0.000935798
4.293 0.000949391
4.292 0.000963291
4.291 0.000977507
4.29 0.000992049
4.289 0.00100693
4.288 0.00102215
4.287 0.00103773
4.286 0.00105368
4.285 0.00107002
4.284 0.00108674
4.283 0.00110387
4.282 0.00112142
4.281 0.0011394
4.28 0.00115783
4.279 0.00117672
4.278 0.00119609
4.277 0.00121596
4.276 0.00123633
4.275 0.00125724
4.274 0.00127869
4.273 0.00130071
4.272 0.00132332
4.271 0.00134654
4.27 0.00137038
4.269 0.00139488
4.268 0.00142006
4.267 0.00144595
4.266 0.00147256
4.265 0.00149993
4.264 0.00152809
4.263 0.00155706
4.262 0.00158689
4.261 0.0016176
4.26 0.00164923
4.259 0.00168182
4.258 0.0017154
4.257 0.00175001
4.256 0.00178571
4.255 0.00182253
4.254 0.00186053
4.253 0.00189975
4.252 0.00194024
4.251 0.00198207
4.25 0.00202529
4.249 0.00206997
4.248 0.00211617
4.247 0.00216396
4.246 0.00221341
4.245 0.00226461
4.244 0.00231764
4.243 0.00237258
4.242 0.00242953
4.241 0.00248859
4.24 0.00254986
4.239 0.00261346
4.238 0.0026795
4.237 0.00274812
4.236 0.00281945
4.235 0.00289363
4.234 0.00297082
4.233 0.00305118
4.232 0.00313488
4.231 0.00322213
4.23 0.00331312
4.229 0.00340807
4.228 0.0035072
4.227 0.00361078
4.226 0.00371907
4.225 0.00383236
4.224 0.00395096
4.223 0.00407522
4.222 0.00420549
4.221 0.00434218
4.22 0.0044857
4.219 0.00463652
4.218 0.00479516
4.217 0.00496215
4.216 0.00513809
4.215 0.00532363
4.214 0.00551949
4.213 0.00572644
4.212 0.00594534
4.211 0.00617712
4.21 0.00642281
4.209 0.00668355
4.208 0.0069606
4.207 0.00725532
4.206 0.00756927
4.205 0.00790414
4.204 0.00826183
4.203 0.00864446
4.202 0.00905441
4.201 0.00949431
4.2 0.00996716
4.199 0.0104763
4.198 0.0110256
4.197 0.0116193
4.196 0.0122623
4.195 0.0129603
4.194 0.0137196
4.193 0.0145476
4.192 0.0154529
4.191 0.0164451
4.19 0.017536
4.189 0.0187387
4.188 0.0200692
4.187 0.0215459
4.186 0.023191
4.185 0.0250308
4.184 0.027097
4.183 0.0294279
4.182 0.0320702
4.181 0.0350813
4.18 0.038532
4.179 0.0425108
4.178 0.0471292
4.177 0.0525294
4.176 0.0588937
4.175 0.06646
4.174 0.0755413
4.173 0.0865555
4.172 0.100068
4.171 0.116856
4.17 0.137997
4.169 0.165013
4.168 0.200062
4.167 0.246212
4.166 0.307746
4.165 0.390291
4.164 0.500039
4.163 0.640028
4.162 0.800015
4.161 0.941181
4.16 1
4.159 0.941182
4.158 0.800017
4.157 0.64003
4.156 0.500042
4.155 0.390295
4.154 0.307751
4.153 0.246218
4.152 0.200068
4.151 0.16502
4.15 0.138005
4.149 0.116865
4.148 0.100078
4.147 0.0865662
4.146 0.0755528
4.145 0.0664723
4.144 0.0589069
4.143 0.0525433
4.142 0.047144
4.141 0.0425264
4.14 0.0385484
4.139 0.0350986
4.138 0.0320884
4.137 0.0294469
4.136 0.0271168
4.135 0.0250514
4.134 0.0232124
4.133 0.0215682
4.132 0.0200923
4.131 0.0187627
4.13 0.0175608
4.129 0.0164708
4.128 0.0154794
4.127 0.014575
4.126 0.0137479
4.125 0.0129894
4.124 0.0122923
4.123 0.0116502
4.122 0.0110573
4.121 0.0105089
4.12 0.0100006
4.119 0.00952863
4.118 0.0090896
4.117 0.00868053
4.116 0.00829878
4.115 0.00794197
4.114 0.00760799
4.113 0.00729494
4.112 0.00700111
4.111 0.00672496
4.11 0.00646512
4.109 0.00622034
4.108 0.00598946
4.107 0.00577148
4.106 0.00556544
4.105 0.0053705
4.104 0.00518588
4.103 0.00501087
4.102 0.00484481
4.101 0.00468711
4.1 0.00453723
4.099 0.00439465
4.098 0.00425891
4.097 0.00412959
4.096 0.0040063
4.095 0.00388866
4.094 0.00377633
4.093 0.00366902
4.092 0.00356642
4.091 0.00346826
4.09 0.00337431
4.089 0.00328431
4.088 0.00319806
4.087 0.00311536
4.086 0.00303601
4.085 0.00295984
4.084 0.00288668
4.083 0.00281638
4.082 0.00274879
4.081 0.00268379
4.08 0.00262124
4.079 0.00256102
4.078 0.00250302
4.077 0.00244713
4.076 0.00239326
4.075 0.00234131
4.074 0.0022912
4.073 0.00224284
4.072 0.00219615
4.071 0.00215106
4.07 0.0021075
4.069 0.0020654
4.068 0.00202471
4.067 0.00198535
4.066 0.00194728
4.065 0.00191044
4.064 0.00187478
4.063 0.00184025
4.062 0.00180682
4.061 0.00177443
4.06 0.00174304
4.059 0.00171262
4.058 0.00168312
4.057 0.00165452
4.056 0.00162678
4.055 0.00159987
4.054 0.00157375
4.053 0.0015484
4.052 0.00152379
4.051 0.0014999
4.05 0.0014767
4.049 0.00145416
4.048 0.00143226
4.047 0.00141098
4.046 0.0013903
4.045 0.0013702
4.044 0.00135065
4.043 0.00133165
4.042 0.00131318
4.041 0.00129521
4.04 0.00127772
4.039 0.00126072
4.038 0.00124417
4.037 0.00122808
4.036 0.00121241
4.035 0.00119716
4.034 0.00118232
4.033 0.00116787
4.032 0.00115381
4.031 0.00114012
4.03 0.00112679
4.029 0.00111381
4.028 0.00110117
4.027 0.00108887
4.026 0.00107688
4.025 0.00106521
4.024 0.00105385
4.023 0.00104278
4.022 0.00103201
4.021 0.00102151
4.02 0.00101129
4.019 0.00100134
4.018 0.000991646
4.017 0.00098221
4.016 0.000973022
4.015 0.000964077
4.014 0.000955369
4.013 0.000946892
4.012 0.000938641
4.011 0.000930611
4.01 0.000922797
4.009 0.000915194
4.008 0.000907798
4.007 0.000900603
4.006 0.000893607
4.005 0.000886805
4.004 0.000880192
4.003 0.000873766
4.002 0.000867522
4.001 0.000861457
4 0.000855567
3.999 0.00084985
3.998 0.000844302
3.997 0.00083892
3.996 0.000833701
3.995 0.000828642
3.994 0.000823741
3.993 0.000818996
3.992 0.000814403
3.991 0.000809961
3.99 0.000805666
3.989 0.000801517
3.988 0.000797513
3.987 0.00079365
3.986 0.000789926
3.985 0.000786341
3.984 0.000782893
3.983 0.000779579
3.982 0.000776398
3.981 0.000773348
3.98 0.000770429
3.979 0.000767639
3.978 0.000764976
3.977 0.000762439
3.976 0.000760028
3.975 0.000757741
3.974 0.000755577
3.973 0.000753535
3.972 0.000751614
3.971 0.000749814
3.97 0.000748134
3.969 0.000746573
3.968 0.000745131
3.967 0.000743806
3.966 0.000742599
3.965 0.000741509
3.964 0.000740536
3.963 0.00073968
3.962 0.000738939
3.961 0.000738315
3.96 0.000737807
3.959 0.000737414
3.958 0.000737138
3.957 0.000736977
3.956 0.000736933
3.955 0.000737004
3.954 0.000737193
3.953 0.000737498
3.952 0.000737921
3.951 0.000738461
3.95 0.000739119
3.949 0.000739896
3.948 0.000740793
3.947 0.00074181
3.946 0.000742947
3.945 0.000744206
3.944 0.000745588
3.943 0.000747094
3.942 0.000748724
3.941 0.00075048
3.94 0.000752363
3.939 0.000754374
3.938 0.000756515
3.937 0.000758787
3.936 0.000761191
3.935 0.00076373
3.934 0.000766404
3.933 0.000769216
3.932 0.000772167
3.931 0.000775259
3.93 0.000778495
3.929 0.000781877
3.928 0.000785406
3.927 0.000789085
3.926 0.000792917
3.925 0.000796903
3.924 0.000801048
3.923 0.000805353
3.922 0.000809821
3.921 0.000814456
3.92 0.000819261
3.919 0.000824238
3.918 0.000829392
3.917 0.000834725
3.916 0.000840242
3.915 0.000845947
3.914 0.000851843
3.913 0.000857934
3.912 0.000864226
3.911 0.000870722
3.91 0.000877428
3.909 0.000884348
3.908 0.000891487
3.907 0.00089885
3.906 0.000906444
3.905 0.000914274
3.904 0.000922346
3.903 0.000930666
3.902 0.000939241
3.901 0.000948077
3.9 0.000957183
3.899 0.000966564
3.898 0.000976228
3.897 0.000986185
3.896 0.000996441
3.895 0.00100701
3.894 0.00101789
3.893 0.0010291
3.892 0.00104064
3.891 0.00105254
3.89 0.00106479
3.889 0.00107741
3.888 0.00109041
3.887 0.00110381
3.886 0.00111761
3.885 0.00113183
3.884 0.00114648
3.883 0.00116158
3.882 0.00117714
3.881 0.00119318
3.88 0.00120971
3.879 0.00122676
3.878 0.00124434
3.877 0.00126247
3.876 0.00128116
3.875 0.00130045
3.874 0.00132035
3.873 0.00134089
3.872 0.00136209
3.871 0.00138397
3.87 0.00140656
3.869 0.0014299
3.868 0.001454
3.867 0.00147891
3.866 0.00150465
3.865 0.00153126
3.864 0.00155877
3.863 0.00158722
3.862 0.00161666
3.861 0.00164712
3.86 0.00167866
3.859 0.00171131
3.858 0.00174513
3.857 0.00178017
3.856 0.00181649
3.855 0.00185415
3.854 0.0018932
3.853 0.00193373
3.852 0.00197579
3.851 0.00201947
3.85 0.00206484
3.849 0.00211199
3.848 0.00216101
3.847 0.002212
3.846 0.00226506
3.845 0.0023203
3.844 0.00237783
3.843 0.00243779
3.842 0.00250031
3.841 0.00256552
3.84 0.0026336
3.839 0.00270469
3.838 0.00277897
3.837 0.00285665
3.836 0.00293792
3.835 0.003023
3.834 0.00311213
3.833 0.00320557
3.832 0.00330359
3.831 0.00340651
3.83 0.00351463
3.829 0.00362832
3.828 0.00374795
3.827 0.00387395
3.826 0.00400677
3.825 0.0041469
3.824 0.00429489
3.823 0.00445133
3.822 0.00461686
3.821 0.00479221
3.82 0.00497814
3.819 0.00517554
3.818 0.00538534
3.817 0.00560861
3.816 0.0058465
3.815 0.00610033
3.814 0.00637153
3.813 0.00666172
3.812 0.00697269
3.811 0.00730646
3.81 0.00766532
3.809 0.00805181
3.808 0.00846884
3.807 0.00891967
3.806 0.00940806
3.805 0.00993824
3.804 0.0105151
3.803 0.0111443
3.802 0.0118322
3.801 0.0125864
3.8 0.0134155
3.799 0.0143299
3.798 0.0153414
3.797 0.0164643
3.796 0.0177152
3.795 0.0191144
3.794 0.0206858
3.793 0.0224588
3.792 0.0244686
3.791 0.0267591
3.79 0.0293841
3.789 0.0324111
3.788 0.0359248
3.787 0.0400334
3.786 0.0448757
3.785 0.0506327
3.784 0.0575426
3.783 0.0659234
3.782 0.0762057
3.781 0.0889798
3.78 0.105067
3.779 0.125625
3.778 0.152296
3.777 0.187416
3.776 0.234241
3.775 0.297057
3.774 0.380573
3.773 0.487102
3.772 0.608851
3.771 0.716275
3.77 0.761035
3.769 0.716274
3.768 0.608848
3.767 0.487099
3.766 0.380569
3.765 0.297051
3.764 0.234235
3.763 0.187408
3.762 0.152288
3.761 0.125615
3.76 0.105057
3.759 0.0889679
3.758 0.0761927
3.757 0.0659094
3.756 0.0575274
3.755 0.0506164
3.754 0.0448583
3.753 0.0400149
3.752 0.0359053
3.751 0.0323905
3.75 0.0293624
3.749 0.0267363
3.748 0.0244447
3.747 0.0224337
3.746 0.0206597
3.745 0.0190872
3.744 0.0176869
3.743 0.0164348
3.742 0.0153109
3.741 0.0142982
3.74 0.0133828
3.739 0.0125525
3.738 0.0117972
3.737 0.0111081
3.736 0.0104778
3.735 0.00989983
3.734 0.00936851
3.733 0.00887899
3.732 0.00842701
3.731 0.00800884
3.73 0.0076212
3.729 0.0072612
3.728 0.00692626
3.727 0.00661413
3.726 0.00632278
3.725 0.00605042
3.724 0.00579542
3.723 0.00555635
3.722 0.0053319
3.721 0.00512091
3.72 0.00492233
3.719 0.0047352
3.718 0.00455866
3.717 0.00439193
3.716 0.00423428
3.715 0.00408508
3.714 0.00394373
3.713 0.00380969
3.712 0.00368246
3.711 0.00356159
3.71 0.00344666
3.709 0.00333729
3.708 0.00323313
3.707 0.00313385
3.706 0.00303914
3.705 0.00294874
3.704 0.00286238
3.703 0.00277983
3.702 0.00270087
3.701 0.00262529
3.7 0.00255289
3.699 0.00248351
3.698 0.00241698
3.697 0.00235314
3.696 0.00229185
3.695 0.00223298
3.694 0.00217639
3.693 0.00212198
3.692 0.00206963
3.691 0.00201923
3.69 0.0019707
3.689 0.00192394
3.688 0.00187887
3.687 0.0018354
3.686 0.00179346
3.685 0.00175298
3.684 0.0017139
3.683 0.00167614
3.682 0.00163964
3.681 0.00160436
3.68 0.00157024
3.679 0.00153723
3.678 0.00150527
3.677 0.00147433
3.676 0.00144437
3.675 0.00141533
3.674 0.00138719
3.673 0.00135991
3.672 0.00133345
3.671 0.00130778
3.67 0.00128286
3.669 0.00125868
3.668 0.00123519
3.667 0.00121238
3.666 0.00119022
3.665 0.00116868
3.664 0.00114773
3.663 0.00112737
3.662 0.00110756
3.661 0.00108829
3.66 0.00106954
3.659 0.00105128
3.658 0.0010335
3.657 0.00101619
3.656 0.000999329
3.655 0.000982897
3.654 0.000966883
3.653 0.000951272
3.652 0.000936051
3.651 0.000921206
3.65 0.000906726
3.649 0.000892599
3.648 0.000878812
3.647 0.000865356
3.646 0.000852219
3.645 0.000839391
3.644 0.000826863
3.643 0.000814625
3.642 0.000802668
3.641 0.000790984
3.64 0.000779565
3.639 0.000768401
3.638 0.000757486
3.637 0.000746813
3.636 0.000736373
3.635 0.000726161
3.634 0.000716169
3.633 0.000706391
3.632 0.000696821
3.631 0.000687454
3.63 0.000678283
3.629 0.000669302
3.628 0.000660508
3.627 0.000651893
3.626 0.000643455
3.625 0.000635186
3.624 0.000627084
3.623 0.000619144
3.622 0.00061136
3.621 0.00060373
3.62 0.000596248
3.619 0.000588912
3.618 0.000581717
3.617 0.00057466
3.616 0.000567736
3.615 0.000560944
3.614 0.000554279
3.613 0.000547738
3.612 0.000541318
3.611 0.000535016
3.61 0.000528829
3.609 0.000522755
3.608 0.00051679
3.607 0.000510932
3.606 0.000505178
3.605 0.000499526
3.604 0.000493973
3.603 0.000488518
3.602 0.000483157
3.601 0.000477889
3.6 0.000472711
3.599 0.000467621
3.598 0.000462618
3.597 0.000457699
3.596 0.000452862
3.595 0.000448106
3.594 0.000443428
3.593 0.000438828
3.592 0.000434303
3.591 0.000429851
3.59 0.000425471
3.589 0.000421162
3.588 0.000416921
3.587 0.000412748
3.586 0.000408641
3.585 0.000404598
3.584 0.000400618
3.583 0.0003967
3.582 0.000392843
3.581 0.000389045
3.58 0.000385305
3.579 0.000381622
3.578 0.000377994
3.577 0.000374421
3.576 0.000370902
3.575 0.000367435
3.574 0.000364019
3.573 0.000360653
3.572 0.000357336
3.571 0.000354068
3.57 0.000350847
3.569 0.000347673
3.568 0.000344544
3.567 0.000341459
3.566 0.000338418
3.565 0.000335421
3.564 0.000332465
3.563 0.00032955
3.562 0.000326676
3.561 0.000323842
3.56 0.000321047
3.559 0.00031829
3.558 0.00031557
3.557 0.000312888
3.556 0.000310242
3.555 0.000307631
3.554 0.000305055
3.553 0.000302513
3.552 0.000300005
3.551 0.000297529
3.55 0.000295087
3.549 0.000292676
3.548 0.000290296
3.547 0.000287947
3.546 0.000285629
3.545 0.000283339
3.544 0.00028108
3.543 0.000278848
3.542 0.000276645
3.541 0.00027447
3.54 0.000272322
3.539 0.0002702
3.538 0.000268105
3.537 0.000266035
3.536 0.000263991
3.535 0.000261972
3.534 0.000259978
3.533 0.000258007
3.532 0.000256061
3.531 0.000254138
3.53 0.000252237
3.529 0.00025036
3.528 0.000248504
3.527 0.000246671
3.526 0.000244859
3.525 0.000243068
3.524 0.000241298
3.523 0.000239549
3.522 0.000237819
3.521 0.00023611
3.52 0.00023442
3.519 0.00023275
3.518 0.000231098
3.517 0.000229465
3.516 0.000227851
3.515 0.000226254
3.514 0.000224676
3.513 0.000223115
3.512 0.000221571
3.511 0.000220044
3.51 0.000218534
3.509 0.000217041
3.508 0.000215563
3.507 0.000214102
3.506 0.000212657
3.505 0.000211227
3.504 0.000209812
3.503 0.000208413
3.502 0.000207028
3.501 0.000205658
3.5 0.000204303
3.499 0.000202962
3.498 0.000201634
3.497 0.000200321
3.496 0.000199021
3.495 0.000197735
3.494 0.000196462
3.493 0.000195202
3.492 0.000193955
3.491 0.000192721
3.49 0.000191499
3.489 0.000190289
3.488 0.000189092
3.487 0.000187907
3.486 0.000186733
3.485 0.000185572
3.484 0.000184422
3.483 0.000183283
3.482 0.000182155
3.481 0.000181039
3.48 0.000179933
3.479 0.000178838
3.478 0.000177754
3.477 0.00017668
3.476 0.000175617
3.475 0.000174563
3.474 0.00017352
3.473 0.000172487
3.472 0.000171464
3.471 0.00017045
3.47 0.000169446
3.469 0.000168451
3.468 0.000167466
3.467 0.00016649
3.466 0.000165523
3.465 0.000164565
3.464 0.000163615
3.463 0.000162675
3.462 0.000161743
3.461 0.00016082
3.46 0.000159905
3.459 0.000158998
3.458 0.000158099
3.457 0.000157209
3.456 0.000156327
3.455 0.000155452
3.454 0.000154586
3.453 0.000153727
3.452 0.000152875
3.451 0.000152031
3.45 0.000151195
3.449 0.000150366
3.448 0.000149544
3.447 0.00014873
3.446 0.000147922
3.445 0.000147122
3.444 0.000146328
3.443 0.000145541
3.442 0.000144761
3.441 0.000143988
3.44 0.000143221
3.439 0.000142461
3.438 0.000141707
3.437 0.000140959
3.436 0.000140218
3.435 0.000139483
3.434 0.000138754
3.433 0.000138031
3.432 0.000137315
3.431 0.000136604
3.43 0.000135899
3.429 0.0001352
3.428 0.000134506
3.427 0.000133819
3.426 0.000133137
3.425 0.00013246
3.424 0.000131789
3.423 0.000131123
3.422 0.000130463
3.421 0.000129808
3.42 0.000129158
3.419 0.000128514
3.418 0.000127874
3.417 0.00012724
3.416 0.00012661
3.415 0.000125986
3.414 0.000125367
3.413 0.000124752
3.412 0.000124142
3.411 0.000123537
3.41 0.000122937
3.409 0.000122341
3.408 0.00012175
3.407 0.000121163
3.406 0.000120581
3.405 0.000120004
3.404 0.00011943
3.403 0.000118862
3.402 0.000118297
3.401 0.000117737
3.4 0.000117181
3.399 0.000116629
3.398 0.000116081
3.397 0.000115538
3.396 0.000114998
3.395 0.000114463
3.394 0.000113931
3.393 0.000113404
3.392 0.00011288
3.391 0.00011236
3.39 0.000111844
3.389 0.000111332
3.388 0.000110823
3.387 0.000110318
3.386 0.000109817
3.385 0.00010932
3.384 0.000108826
3.383 0.000108335
3.382 0.000107848
3.381 0.000107365
3.38 0.000106885
3.379 0.000106408
3.378 0.000105935
3.377 0.000105466
3.376 0.000104999
3.375 0.000104536
3.374 0.000104076
3.373 0.000103619
3.372 0.000103166
3.371 0.000102715
3.37 0.000102268
3.369 0.000101824
3.368 0.000101383
3.367 0.000100945
3.366 0.00010051
3.365 0.000100078
3.364 9.96487e-05
3.363 9.92225e-05
3.362 9.87993e-05
3.361 9.83789e-05
3.36 9.79613e-05
3.359 9.75466e-05
3.358 9.71347e-05
3.357 9.67255e-05
3.356 9.63191e-05
3.355 9.59154e-05
3.354 9.55144e-05
3.353 9.51161e-05
3.352 9.47204e-05
3.351 9.43273e-05
3.35 9.39368e-05
3.349 9.35489e-05
3.348 9.31635e-05
3.347 9.27807e-05
3.346 9.24003e-05
3.345 9.20224e-05
3.344 9.1647e-05
3.343 9.1274e-05
3.342 9.09035e-05
3.341 9.05353e-05
3.34 9.01695e-05
3.339 8.9806e-05
3.338 8.94449e-05
3.337 8.90861e-05
3.336 8.87296e-05
3.335 8.83753e-05
3.334 8.80233e-05
3.333 8.76735e-05
3.332 8.73259e-05
3.331 8.69805e-05
3.33 8.66373e-05
3.329 8.62962e-05
3.328 8.59573e-05
3.327 8.56205e-05
3.326 8.52857e-05
3.325 8.49531e-05
3.324 8.46225e-05
3.323 8.42939e-05
3.322 8.39674e-05
3.321 8.36429e-05
3.32 8.33204e-05
3.319 8.29998e-05
3.318 8.26812e-05
3.317 8.23646e-05
3.316 8.20498e-05
3.315 8.1737e-05
3.314 8.14261e-05
3.313 8.1117e-05
3.312 8.08099e-05
3.311 8.05045e-05
3.31 8.0201e-05
3.309 7.98993e-05
3.308 7.95994e-05
3.307 7.93013e-05
3.306 7.9005e-05
3.305 7.87104e-05
3.304 7.84175e-05
3.303 7.81264e-05
3.302 7.7837e-05
3.301 7.75493e-05
3.3 7.72633e-05
3.299 7.6979e-05
3.298 7.66963e-05
3.297 7.64152e-05
3.296 7.61358e-05
3.295 7.58581e-05
3.294 7.55819e-05
3.293 7.53073e-05
3.292 7.50343e-05
3.291 7.47629e-05
3.29 7.4493e-05
3.289 7.42246e-05
3.288 7.39578e-05
3.287 7.36926e-05
3.286 7.34288e-05
3.285 7.31665e-05
3.284 7.29057e-05
3.283 7.26464e-05
3.282 7.23885e-05
3.281 7.21321e-05
3.28 7.18771e-05
3.279 7.16236e-05
3.278 7.13715e-05
3.277 7.11207e-05
3.276 7.08714e-05
3.275 7.06235e-05
3.274 7.03769e-05
3.273 7.01317e-05
3.272 6.98878e-05
3.271 6.96453e-05
3.27 6.94041e-05
3.269 6.91642e-05
3.268 6.89257e-05
3.267 6.86885e-05
3.266 6.84525e-05
3.265 6.82178e-05
3.264 6.79844e-05
3.263 6.77523e-05
3.262 6.75214e-05
3.261 6.72918e-05
3.26 6.70634e-05
3.259 6.68362e-05
3.258 6.66102e-05
3.257 6.63855e-05
3.256 6.61619e-05
3.255 6.59396e-05
3.254 6.57184e-05
3.253 6.54984e-05
3.252 6.52795e-05
3.251 6.50618e-05
3.25 6.48453e-05
3.249 6.46299e-05
3.248 6.44156e-05
3.247 6.42025e-05
3.246 6.39905e-05
3.245 6.37795e-05
3.244 6.35697e-05
3.243 6.3361e-05
3.242 6.31533e-05
3.241 6.29467e-05
3.24 6.27412e-05
3.239 6.25368e-05
3.238 6.23334e-05
3.237 6.2131e-05
3.236 6.19297e-05
3.235 6.17294e-05
3.234 6.15302e-05
3.233 6.13319e-05
3.232 6.11347e-05
3.231 6.09385e-05
3.23 6.07432e-05
3.229 6.0549e-05
3.228 6.03557e-05
3.227 6.01634e-05
3.226 5.99721e-05
3.225 5.97817e-05
3.224 5.95923e-05
3.223 5.94038e-05
3.222 5.92163e-05
3.221 5.90297e-05
3.22 5.8844e-05
3.219 5.86593e-05
3.218 5.84754e-05
3.217 5.82925e-05
3.216 5.81105e-05
3.215 5.79294e-05
3.214 5.77491e-05
3.213 5.75698e-05
3.212 5.73913e-05
3.211 5.72137e-05
3.21 5.7037e-05
3.209 5.68611e-05
3.208 5.66861e-05
3.207 5.6512e-05
3.206 5.63386e-05
3.205 5.61662e-05
3.204 5.59945e-05
3.203 5.58237e-05
3.202 5.56537e-05
3.201 5.54845e-05
3.2 5.53161e-05
3.199 5.51486e-05
3.198 5.49818e-05
3.197 5.48158e-05
3.196 5.46506e-05
3.195 5.44862e-05
3.194 5.43226e-05
3.193 5.41598e-05
3.192 5.39977e-05
3.191 5.38364e-05
3.19 5.36758e-05
3.189 5.3516e-05
3.188 5.3357e-05
3.187 5.31986e-05
3.186 5.30411e-05
3.185 5.28842e-05
3.184 5.27281e-05
3.183 5.25728e-05
3.182 5.24181e-05
3.181 5.22642e-05
3.18 5.21109e-05
3.179 5.19584e-05
3.178 5.18066e-05
3.177 5.16555e-05
3.176 5.15051e-05
3.175 5.13553e-05
3.174 5.12063e-05
3.173 5.10579e-05
3.172 5.09102e-05
3.171 5.07632e-05
3.17 5.06168e-05
3.169 5.04711e-05
3.168 5.03261e-05
3.167 5.01817e-05
3.166 5.0038e-05
3.165 4.98949e-05
3.164 4.97525e-05
3.163 4.96107e-05
3.162 4.94695e-05
3.161 4.9329e-05
3.16 4.91891e-05
3.159 4.90498e-05
3.158 4.89112e-05
3.157 4.87731e-05
3.156 4.86357e-05
3.155 4.84989e-05
3.154 4.83627e-05
3.153 4.82271e-05
3.152 4.80921e-05
3.151 4.79576e-05
3.15 4.78238e-05
3.149 4.76906e-05
3.148 4.75579e-05
3.147 4.74258e-05
3.146 4.72943e-05
3.145 4.71634e-05
3.144 4.7033e-05
3.143 4.69032e-05
3.142 4.6774e-05
3.141 4.66453e-05
3.14 4.65172e-05
3.139 4.63897e-05
3.138 4.62626e-05
3.137 4.61362e-05
3.136 4.60102e-05
3.135 4.58849e-05
3.134 4.576e-05
3.133 4.56357e-05
3.132 4.55119e-05
3.131 4.53887e-05
3.13 4.52659e-05
3.129 4.51437e-05
3.128 4.5022e-05
3.127 4.49008e-05
3.126 4.47802e-05
3.125 4.466e-05
3.124 4.45403e-05
3.123 4.44212e-05
3.122 4.43025e-05
3.121 4.41844e-05
3.12 4.40667e-05
3.119 4.39496e-05
3.118 4.38329e-05
3.117 4.37167e-05
3.116 4.3601e-05
3.115 4.34857e-05
3.114 4.3371e-05
3.113 4.32567e-05
3.112 4.31429e-05
3.111 4.30296e-05
3.11 4.29167e-05
3.109 4.28043e-05
3.108 4.26924e-05
3.107 4.25809e-05
3.106 4.24698e-05
3.105 4.23593e-05
3.104 4.22492e-05
3.103 4.21395e-05
3.102 4.20303e-05
3.101 4.19215e-05
3.1 4.18131e-05
3.099 4.17052e-05
3.098 4.15978e-05
3.097 4.14907e-05
3.096 4.13841e-05
3.095 4.12779e-05
3.094 4.11722e-05
3.093 4.10669e-05
3.092 4.0962e-05
3.091 4.08575e-05
3.09 4.07534e-05
3.089 4.06498e-05
3.088 4.05466e-05
3.087 4.04437e-05
3.086 4.03413e-05
3.085 4.02393e-05
3.084 4.01377e-05
3.083 4.00365e-05
3.082 3.99357e-05
3.081 3.98353e-05
3.08 3.97353e-05
3.079 3.96357e-05
3.078 3.95364e-05
3.077 3.94376e-05
3.076 3.93391e-05
3.075 3.92411e-05
3.074 3.91434e-05
3.073 3.90461e-05
3.072 3.89492e-05
3.071 3.88526e-05
3.07 3.87564e-05
3.069 3.86606e-05
3.068 3.85652e-05
3.067 3.84701e-05
3.066 3.83754e-05
3.065 3.82811e-05
3.064 3.81871e-05
3.063 3.80935e-05
3.062 3.80003e-05
3.061 3.79074e-05
3.06 3.78149e-05
3.059 3.77227e-05
3.058 3.76308e-05
3.057 3.75394e-05
3.056 3.74482e-05
3.055 3.73574e-05
3.054 3.7267e-05
3.053 3.71769e-05
3.052 3.70871e-05
3.051 3.69977e-05
3.05 3.69086e-05
3.049 3.68199e-05
3.048 3.67315e-05
3.047 3.66434e-05
3.046 3.65556e-05
3.045 3.64682e-05
3.044 3.63811e-05
3.043 3.62943e-05
3.042 3.62079e-05
3.041 3.61217e-05
3.04 3.60359e-05
3.039 3.59504e-05
3.038 3.58653e-05
3.037 3.57804e-05
3.036 3.56959e-05
3.035 3.56116e-05
3.034 3.55277e-05
3.033 3.54441e-05
3.032 3.53608e-05
3.031 3.52778e-05
3.03 3.51951e-05
3.029 3.51127e-05
3.028 3.50306e-05
3.027 3.49488e-05
3.026 3.48673e-05
3.025 3.47861e-05
3.024 3.47052e-05
3.023 3.46246e-05
3.022 3.45443e-05
3.021 3.44643e-05
3.02 3.43845e-05
3.019 3.43051e-05
3.018 3.42259e-05
3.017 3.4147e-05
3.016 3.40684e-05
3.015 3.39901e-05
3.014 3.39121e-05
3.013 3.38344e-05
3.012 3.37569e-05
3.011 3.36797e-05
3.01 3.36028e-05
3.009 3.35261e-05
3.008 3.34497e-05
3.007 3.33736e-05
3.006 3.32978e-05
3.005 3.32223e-05
3.004 3.3147e-05
3.003 3.30719e-05
3.002 3.29972e-05
3.001 3.29227e-05
3 3.28484e-05
