E i
0.3 -1
0.303958 -1
0.307917 -1
0.311875 -1
0.315833 -1
0.319792 -1
0.32375 -1
0.327708 -1
0.331667 -1
0.335625 -1
0.339583 -1
0.343542 -1
0.3475 -1
0.351458 -1
0.355417 -1
0.359375 -1
0.363333 -1
0.367292 -1
0.37125 -1
0.375208 -1
0.379167 -1
0.383125 -0.999999
0.387083 -0.999999
0.391042 -0.999999
0.395 -0.999999
0.398958 -0.999999
0.402917 -0.999999
0.406875 -0.999999
0.410833 -0.999998
0.414792 -0.999998
0.41875 -0.999998
0.422708 -0.999997
0.426667 -0.999997
0.430625 -0.999996
0.434583 -0.999996
0.438542 -0.999995
0.4425 -0.999994
0.446458 -0.999993
0.450417 -0.999992
0.454375 -0.999991
0.458333 -0.999989
0.462292 -0.999987
0.46625 -0.999985
0.470208 -0.999983
0.474167 -0.99998
0.478125 -0.999977
0.482083 -0.999973
0.486042 -0.999968
0.49 -0.999963
0.493958 -0.999957
0.497917 -0.99995
0.501875 -0.999941
0.505833 -0.999932
0.509792 -0.99992
0.51375 -0.999907
0.517708 -0.999891
0.521667 -0.999873
0.525625 -0.999852
0.529583 -0.999827
0.533542 -0.999799
0.5375 -0.999765
0.541458 -0.999726
0.545417 -0.99968
0.549375 -0.999627
0.553333 -0.999565
0.557292 -0.999493
0.56125 -0.999408
0.565208 -0.999309
0.569167 -0.999194
0.573125 -0.99906
0.577083 -0.998904
0.581042 -0.998722
0.585 -0.998509
0.588958 -0.998261
0.592917 -0.997971
0.596875 -0.997634
0.600833 -0.99724
0.604792 -0.996781
0.60875 -0.996246
0.612708 -0.995622
0.616667 -0.994894
0.620625 -0.994046
0.624583 -0.993058
0.628542 -0.991907
0.6325 -0.990565
0.636458 -0.989002
0.640417 -0.987182
0.644375 -0.985063
0.648333 -0.982596
0.652292 -0.979727
0.65625 -0.97639
0.660208 -0.972511
0.664167 -0.968006
0.668125 -0.962776
0.672083 -0.95671
0.676042 -0.94968
0.68 -0.941544
0.683958 -0.932137
0.687917 -0.921278
0.691875 -0.908764
0.695833 -0.89437
0.699792 -0.87785
0.70375 -0.858939
0.707708 -0.837353
0.711667 -0.812797
0.715625 -0.784968
0.719583 -0.753564
0.723542 -0.718298
0.7275 -0.678909
0.731458 -0.635181
0.735417 -0.586964
0.739375 -0.534189
0.743333 -0.476894
0.747292 -0.415238
0.75125 -0.349515
0.755208 -0.280163
0.759167 -0.207757
0.763125 -0.133001
0.767083 -0.0567
0.771042 0.020269
0.775 0.0969984
0.778958 0.172592
0.782917 0.246206
0.786875 0.317084
0.790833 0.38459
0.794792 0.448218
0.79875 0.507606
0.802708 0.562534
0.806667 0.612908
0.810625 0.658748
0.814583 0.700168
0.818542 0.737357
0.8225 0.770556
0.826458 0.800042
0.830417 0.82611
0.834375 0.849065
0.838333 0.869207
0.842292 0.886825
0.84625 0.902195
0.850208 0.91557
0.854167 0.927186
0.858125 0.937257
0.862083 0.945974
0.866042 0.953508
0.87 0.960014
0.873958 0.965625
0.877917 0.970461
0.881875 0.974625
0.885833 0.978209
0.889792 0.981291
0.89375 0.983941
0.897708 0.986218
0.901667 0.988174
0.905625 0.989854
0.909583 0.991297
0.913542 0.992535
0.9175 0.993597
0.921458 0.994509
0.925417 0.995291
0.929375 0.995962
0.933333 0.996538
0.937292 0.997031
0.94125 0.997455
0.945208 0.997818
0.949167 0.998129
0.953125 0.998396
0.957083 0.998625
0.961042 0.998821
0.965 0.998989
0.968958 0.999134
0.972917 0.999257
0.976875 0.999363
0.980833 0.999454
0.984792 0.999532
0.98875 0.999599
0.992708 0.999656
0.996667 0.999705
1.00063 0.999747
1.00458 0.999783
1.00854 0.999814
1.0125 0.999841
1.01646 0.999864
1.02042 0.999883
1.02438 0.9999
1.02833 0.999914
1.03229 0.999926
1.03625 0.999937
1.04021 0.999946
1.04417 0.999954
1.04812 0.99996
1.05208 0.999966
1.05604 0.999971
1.06 0.999975
1.06396 0.999979
1.06792 0.999982
1.07187 0.999984
1.07583 0.999986
1.07979 0.999988
1.08375 0.99999
1.08771 0.999991
1.09167 0.999993
1.09562 0.999994
1.09958 0.999995
1.10354 0.999995
1.1075 0.999996
1.11146 0.999997
1.11542 0.999997
1.11937 0.999998
1.12333 0.999998
1.12729 0.999998
1.13125 0.999998
1.13521 0.999999
1.13917 0.999999
1.14312 0.999999
1.14708 0.999999
1.15104 0.999999
1.155 0.999999
1.15896 0.999999
1.16292 1
1.16687 1
1.17083 1
1.17479 1
1.17875 1
1.18271 1
1.18667 1
1.19063 1
1.19458 1
1.19854 1
1.2025 1
1.20646 1
1.21042 1
1.21437 1
1.21833 1
1.22229 1
1.22625 1
1.23021 1
1.23417 1
1.23812 1
1.24208 1
1.24604 1
1.25 1
