ratio O3ppb
0 0
0.05 0.870745
0.1 1.74149
0.15 2.61223
0.2 3.48298
0.25 4.35372
0.3 5.22447
0.35 6.09521
0.4 6.96596
0.45 7.8367
0.5 8.70745
0.55 9.57819
0.6 10.4489
0.65 11.3197
0.7 12.1904
0.75 13.0612
0.8 13.9319
0.85 14.8027
0.9 15.6734
0.95 16.5442
1 17.4149
1.05 18.2856
1.1 19.1564
1.15 20.0271
1.2 20.8979
1.25 21.7686
1.3 22.6394
1.35 23.5101
1.4 24.3809
1.45 25.2516
1.5 26.1223
1.55 26.9931
1.6 27.8638
1.65 28.7346
1.7 29.6053
1.75 30.4761
1.8 31.3468
1.85 32.2176
1.9 33.0883
1.95 33.959
2 34.8298
2.05 35.7005
2.1 36.5713
2.15 37.442
2.2 38.3128
2.25 39.1835
2.3 40.0543
2.35 40.925
2.4 41.7958
2.45 42.6665
2.5 43.5372
2.55 44.408
2.6 45.2787
2.65 46.1495
2.7 47.0202
2.75 47.891
2.8 48.7617
2.85 49.6325
2.9 50.5032
2.95 51.3739
3 52.2447
3.05 53.1154
3.1 53.9862
3.15 54.8569
3.2 55.7277
3.25 56.5984
3.3 57.4692
3.35 58.3399
3.4 59.2106
3.45 60.0814
3.5 60.9521
3.55 61.8229
3.6 62.6936
3.65 63.5644
3.7 64.4351
3.75 65.3059
3.8 66.1766
3.85 67.0474
3.9 67.9181
3.95 68.7888
4 69.6596
