x y
0.5 1
0.50005 0.99005
0.500199 0.980201
0.500446 0.970454
0.50079 0.96081
0.50123 0.951269
0.501767 0.941831
0.502398 0.932499
0.503123 0.923271
0.503942 0.914149
0.504853 0.905132
0.505857 0.896222
0.506953 0.887418
0.50814 0.87872
0.509418 0.87013
0.510786 0.861646
0.512245 0.853268
0.513793 0.844998
0.51543 0.836835
0.517157 0.828778
0.518972 0.820828
0.520876 0.812984
0.522868 0.805247
0.524949 0.797616
0.527118 0.790091
0.529375 0.782671
0.53172 0.775357
0.534153 0.768147
0.536674 0.761043
0.539282 0.754043
0.541979 0.747147
0.544764 0.740354
0.547637 0.733665
0.550598 0.727079
0.553648 0.720595
0.556786 0.714213
0.560013 0.707933
0.563329 0.701754
0.566733 0.695675
0.570228 0.689697
0.573811 0.683819
0.577485 0.67804
0.581248 0.672359
0.585102 0.666777
0.589047 0.661293
0.593083 0.655907
0.59721 0.650617
0.601429 0.645424
0.605741 0.640327
0.610144 0.635326
0.614641 0.63042
0.619231 0.625608
0.623914 0.620891
0.628692 0.616268
0.633565 0.611738
0.638532 0.607301
0.643595 0.602957
0.648754 0.598705
0.654009 0.594545
0.659361 0.590477
0.66481 0.586499
0.670357 0.582613
0.676002 0.578817
0.681746 0.575111
0.687589 0.571496
0.693531 0.56797
0.699574 0.564533
0.705717 0.561186
0.711961 0.557927
0.718307 0.554757
0.724754 0.551676
0.731304 0.548683
0.737956 0.545779
0.744712 0.542963
0.751571 0.540234
0.758534 0.537594
0.765601 0.535042
0.772773 0.532578
0.780049 0.530201
0.787431 0.527913
0.794919 0.525713
0.802512 0.523601
0.810212 0.521577
0.818017 0.519641
0.825929 0.517794
0.833948 0.516036
0.842074 0.514367
0.850306 0.512787
0.858645 0.511296
0.867091 0.509896
0.875643 0.508586
0.884303 0.507366
0.893069 0.506238
0.901941 0.505201
0.91092 0.504256
0.920004 0.503404
0.929195 0.502646
0.93849 0.501981
0.94789 0.501411
0.957394 0.500936
0.967002 0.500557
0.976712 0.500276
0.986525 0.500092
0.996439 0.500006
1.00645 0.500021
1.01657 0.500136
1.02678 0.500353
1.03709 0.500672
1.04749 0.501096
1.05799 0.501624
1.06858 0.50226
1.07927 0.503003
1.09004 0.503855
1.1009 0.504818
1.11184 0.505893
1.12287 0.507082
1.13398 0.508386
1.14517 0.509807
1.15643 0.511347
1.16777 0.513007
1.17918 0.51479
1.19066 0.516697
1.2022 0.518731
1.2138 0.520894
1.22546 0.523187
1.23717 0.525613
1.24893 0.528174
1.26074 0.530873
1.27259 0.533711
1.28447 0.536693
1.29639 0.539819
1.30834 0.543094
1.3203 0.546518
1.33228 0.550097
1.34428 0.553831
1.35627 0.557724
1.36827 0.56178
1.38025 0.566001
1.39223 0.57039
1.40418 0.574951
1.4161 0.579686
1.42798 0.5846
1.43982 0.589695
1.45161 0.594976
1.46334 0.600445
1.47499 0.606105
1.48657 0.611962
1.49807 0.618017
1.50946 0.624275
1.52075 0.63074
1.53192 0.637415
1.54296 0.644303
1.55387 0.651409
1.56463 0.658736
1.57522 0.666288
1.58565 0.674068
1.59589 0.68208
1.60594 0.690327
1.61578 0.698813
1.6254 0.707541
1.63479 0.716514
1.64393 0.725735
1.65282 0.735208
1.66144 0.744934
1.66977 0.754918
1.6778 0.76516
1.68552 0.775663
1.69292 0.78643
1.69998 0.797461
1.70669 0.808759
1.71303 0.820323
1.719 0.832156
1.72457 0.844256
1.72974 0.856624
1.73448 0.86926
1.7388 0.882162
1.74268 0.895329
1.74609 0.908759
1.74904 0.922449
1.75152 0.936396
1.7535 0.950596
1.75498 0.965045
1.75595 0.979738
1.7564 0.994668
1.75632 1.00983
1.7557 1.02522
1.75455 1.04082
1.75284 1.05663
1.75057 1.07263
1.74775 1.08883
1.74436 1.1052
1.74041 1.12173
1.73589 1.13841
1.7308 1.15523
1.72514 1.17218
1.71892 1.18923
1.71213 1.20637
1.70479 1.22359
1.69689 1.24086
1.68844 1.25817
1.67945 1.2755
1.66994 1.29283
1.6599 1.31014
1.64935 1.3274
1.6383 1.34461
1.62677 1.36173
1.61477 1.37874
1.60231 1.39563
1.58942 1.41236
1.5761 1.42892
1.56238 1.44528
1.54828 1.46142
1.53381 1.47732
1.519 1.49296
1.50387 1.50831
1.48843 1.52335
1.47272 1.53806
1.45674 1.55243
1.44053 1.56642
1.42411 1.58002
1.4075 1.59322
1.39072 1.60599
1.3738 1.61831
1.35675 1.63018
1.33961 1.64157
1.32238 1.65247
1.3051 1.66287
1.28778 1.67276
1.27045 1.68213
1.25313 1.69096
1.23582 1.69925
1.21857 1.70698
1.20137 1.71417
1.18425 1.72079
1.16723 1.72685
1.15032 1.73234
1.13354 1.73726
1.1169 1.74162
1.10041 1.74541
1.08409 1.74863
1.06795 1.75129
1.052 1.75339
1.03625 1.75494
1.02071 1.75594
1.00539 1.7564
0.990296 1.75632
0.975434 1.75572
0.960812 1.7546
0.946435 1.75297
0.932308 1.75085
0.918435 1.74823
0.904821 1.74515
0.891467 1.74159
0.878377 1.73759
0.865552 1.73315
0.852994 1.72827
0.840704 1.72299
0.828682 1.7173
0.816928 1.71122
0.805441 1.70477
0.794221 1.69796
0.783267 1.6908
0.772577 1.68331
0.76215 1.67549
0.751984 1.66737
0.742075 1.65896
0.732423 1.65026
0.723024 1.6413
0.713875 1.63208
0.704974 1.62262
0.696317 1.61294
0.687901 1.60303
0.679722 1.59293
0.671778 1.58263
0.664065 1.57215
0.656579 1.56151
0.649317 1.55071
0.642275 1.53976
0.635449 1.52868
0.628836 1.51747
0.622432 1.50615
0.616233 1.49473
0.610236 1.48321
0.604437 1.47161
0.598832 1.45993
0.593419 1.44818
0.588193 1.43638
0.58315 1.42453
0.578289 1.41263
0.573605 1.4007
0.569094 1.38874
0.564754 1.37676
0.560582 1.36477
0.556574 1.35278
0.552727 1.34078
0.549038 1.32879
0.545505 1.31682
0.542125 1.30486
0.538894 1.29292
0.53581 1.28101
0.53287 1.26913
0.530072 1.2573
0.527414 1.2455
0.524892 1.23375
0.522505 1.22206
0.52025 1.21041
0.518126 1.19883
0.516129 1.18731
0.514258 1.17585
0.512511 1.16446
0.510886 1.15315
0.509381 1.1419
0.507994 1.13074
0.506724 1.11965
0.505568 1.10865
0.504526 1.09773
0.503595 1.08689
0.502775 1.07614
0.502064 1.06549
0.501459 1.05492
0.500961 1.04445
0.500568 1.03407
0.500279 1.02379
0.500092 1.01361
0.500006 1.00353
0.500021 0.993541
0.500135 0.983656
0.500348 0.973873
0.500658 0.964193
0.501064 0.954615
0.501567 0.945141
0.502165 0.935772
0.502857 0.926507
0.503643 0.917348
0.504522 0.908294
0.505493 0.899346
0.506557 0.890505
0.507712 0.88177
0.508958 0.873141
0.510294 0.86462
0.511721 0.856205
0.513237 0.847897
0.514843 0.839696
0.516539 0.831602
0.518323 0.823614
0.520196 0.815733
0.522157 0.807958
0.524207 0.80029
0.526344 0.792727
0.52857 0.785271
0.530884 0.777919
0.533286 0.770673
0.535776 0.763532
0.538354 0.756495
0.54102 0.749562
0.543774 0.742734
0.546616 0.736008
0.549546 0.729386
0.552564 0.722866
0.555671 0.716448
0.558867 0.710132
0.562151 0.703917
0.565525 0.697804
0.568987 0.69179
0.57254 0.685877
0.576181 0.680063
0.579913 0.674348
0.583736 0.668731
0.587648 0.663213
0.591652 0.657792
0.595747 0.652468
0.599934 0.647241
0.604213 0.64211
0.608584 0.637075
0.613048 0.632136
0.617605 0.627291
0.622255 0.622541
0.627 0.617884
0.631839 0.613322
0.636773 0.608852
0.641802 0.604476
0.646927 0.600191
0.652148 0.595999
0.657466 0.591898
0.66288 0.587889
0.668393 0.583971
0.674003 0.580143
0.679713 0.576406
0.685521 0.572758
0.691428 0.569201
0.697435 0.565733
0.703543 0.562354
0.709752 0.559064
0.716061 0.555863
0.722473 0.552751
0.728987 0.549727
0.735603 0.546791
0.742322 0.543944
0.749145 0.541185
0.756071 0.538514
0.763101 0.53593
0.770236 0.533435
0.777476 0.531028
0.784821 0.528708
0.792271 0.526477
0.799827 0.524334
0.807489 0.522279
0.815258 0.520312
0.823132 0.518434
0.831113 0.516645
0.839201 0.514944
0.847396 0.513333
0.855697 0.511811
0.864106 0.510378
0.872621 0.509036
0.881242 0.507785
0.889971 0.506624
0.898806 0.505555
0.907747 0.504578
0.916795 0.503694
0.925948 0.502902
0.935206 0.502204
0.944569 0.501601
0.954037 0.501092
0.963608 0.50068
0.973282 0.500364
0.983059 0.500145
0.992938 0.500025
1.00292 0.500004
1.013 0.500084
1.02317 0.500265
1.03345 0.500548
1.04382 0.500935
1.05428 0.501426
1.06484 0.502024
1.07549 0.502729
1.08624 0.503542
1.09706 0.504466
1.10798 0.505502
1.11898 0.50665
1.13006 0.507913
1.14122 0.509293
1.15246 0.510791
1.16377 0.512409
1.17516 0.514148
1.18661 0.516012
1.19813 0.518001
1.20971 0.520118
1.22135 0.522364
1.23304 0.524743
1.24479 0.527257
1.25658 0.529907
1.26841 0.532696
1.28029 0.535627
1.29219 0.538702
1.30413 0.541924
1.31609 0.545296
1.32806 0.548819
1.34005 0.552498
1.35205 0.556336
1.36405 0.560334
1.37604 0.564496
1.38801 0.568826
1.39997 0.573326
1.41191 0.577999
1.4238 0.58285
1.43566 0.587881
1.44747 0.593096
1.45922 0.598498
1.4709 0.604091
1.48251 0.609878
1.49403 0.615863
1.50546 0.622049
1.51679 0.628441
1.528 0.635041
1.53909 0.641854
1.55005 0.648883
1.56086 0.656132
1.57151 0.663604
1.582 0.671303
1.59231 0.679233
1.60243 0.687397
1.61234 0.695799
1.62204 0.704441
1.63151 0.713327
1.64074 0.722461
1.64972 0.731845
1.65844 0.741482
1.66687 0.751374
1.67501 0.761525
1.68284 0.771936
1.69035 0.78261
1.69754 0.793548
1.70437 0.804752
1.71084 0.816222
1.71694 0.82796
1.72265 0.839966
1.72796 0.85224
1.73286 0.864782
1.73733 0.87759
1.74136 0.890664
1.74494 0.904002
1.74806 0.917601
1.7507 0.931458
1.75286 0.945569
1.75451 0.959931
1.75567 0.974539
1.7563 0.989386
1.75641 1.00447
1.75598 1.01978
1.75502 1.0353
1.7535 1.05104
1.75144 1.06698
1.74881 1.08311
1.74562 1.09942
1.74187 1.11589
1.73755 1.13252
1.73266 1.1493
1.7272 1.1662
1.72117 1.18322
1.71459 1.20033
1.70744 1.21752
1.69973 1.23477
1.69148 1.25207
1.68268 1.2694
1.67335 1.28673
1.66349 1.30405
1.65312 1.32133
1.64225 1.33856
1.63088 1.35571
1.61905 1.37277
1.60675 1.3897
1.59401 1.40649
1.58084 1.42311
1.56726 1.43954
1.55329 1.45577
1.53895 1.47175
1.52425 1.48749
1.50923 1.50294
1.4939 1.51809
1.47828 1.53292
1.46239 1.54741
1.44627 1.56154
1.42992 1.57528
1.41337 1.58862
1.39665 1.60154
1.37977 1.61402
1.36277 1.62605
1.34565 1.63761
1.32845 1.64869
1.31119 1.65927
1.29388 1.66934
1.27655 1.67889
1.25922 1.68791
1.24191 1.69639
1.22464 1.70432
1.20742 1.7117
1.19027 1.71852
1.17321 1.72478
1.15626 1.73047
1.13943 1.7356
1.12274 1.74015
1.1062 1.74414
1.08982 1.74756
1.07361 1.75042
1.05759 1.75272
1.04177 1.75446
1.02616 1.75565
1.01076 1.7563
0.995583 1.75641
0.980638 1.75599
0.965931 1.75505
0.951467 1.7536
0.937252 1.75165
0.923289 1.74921
0.909583 1.74629
0.896138 1.7429
0.882955 1.73905
0.870036 1.73476
0.857384 1.73004
0.845 1.72489
0.832883 1.71935
0.821034 1.71341
0.809454 1.70709
0.79814 1.7004
0.787093 1.69336
0.77631 1.68598
0.765791 1.67828
0.755533 1.67026
0.745534 1.66195
0.735791 1.65335
0.726303 1.64448
0.717067 1.63535
0.708079 1.62598
0.699336 1.61637
0.690836 1.60654
0.682574 1.59651
0.674548 1.58628
0.666754 1.57586
0.659189 1.56527
0.651848 1.55453
0.644729 1.54363
0.637827 1.53259
0.63114 1.52143
0.624662 1.51015
0.618391 1.49876
0.612324 1.48727
0.606455 1.4757
0.600783 1.46405
0.595303 1.45232
0.590011 1.44054
0.584905 1.4287
0.57998 1.41682
0.575233 1.4049
0.570662 1.39295
0.566263 1.38098
0.562032 1.369
0.557966 1.357
0.554063 1.345
0.550319 1.33301
0.546731 1.32103
0.543297 1.30906
0.540014 1.29712
0.536879 1.2852
0.533888 1.27331
0.531041 1.26146
0.528334 1.24965
0.525764 1.23788
0.52333 1.22617
0.521029 1.21451
0.518859 1.2029
0.516817 1.19136
0.514902 1.17988
0.513112 1.16846
0.511444 1.15712
0.509897 1.14585
0.508469 1.13466
0.507158 1.12354
0.505962 1.11251
0.50488 1.10156
0.50391 1.09069
0.503051 1.07992
0.502302 1.06923
0.50166 1.05863
0.501125 1.04813
0.500695 1.03772
0.500369 1.0274
0.500146 1.01718
0.500025 1.00706
0.500004 0.997044
0.500084 0.987124
0.500262 0.977305
0.500537 0.967589
0.50091 0.957975
0.501379 0.948464
0.501944 0.939058
0.502603 0.929756
0.503356 0.92056
0.504202 0.911469
0.505141 0.902484
0.506172 0.893605
0.507295 0.884832
0.508509 0.876166
0.509814 0.867607
0.511209 0.859155
0.512693 0.850809
0.514268 0.842571
0.515932 0.834439
0.517685 0.826414
0.519526 0.818495
0.521456 0.810683
0.523475 0.802977
0.525582 0.795377
0.527777 0.787883
0.53006 0.780495
0.532431 0.773212
0.53489 0.766034
0.537437 0.75896
0.540072 0.751991
0.542794 0.745125
0.545605 0.738364
0.548504 0.731705
0.551492 0.725149
0.554568 0.718695
0.557732 0.712344
0.560985 0.706093
0.564327 0.699944
0.567758 0.693895
0.571279 0.687947
0.574889 0.682098
0.578589 0.676348
0.58238 0.670697
0.586261 0.665144
0.590232 0.659689
0.594295 0.654331
0.59845 0.64907
0.602696 0.643905
0.607035 0.638837
0.611466 0.633864
0.61599 0.628986
0.620607 0.624202
0.625319 0.619513
0.630125 0.614917
0.635025 0.610415
0.640021 0.606006
0.645112 0.601689
0.650299 0.597464
0.655583 0.593331
0.660963 0.58929
0.666441 0.58534
0.672017 0.58148
0.677692 0.577711
0.683465 0.574032
0.689337 0.570443
0.695309 0.566943
0.701382 0.563533
0.707555 0.560212
0.713829 0.55698
0.720204 0.553836
0.726682 0.550781
0.733262 0.547815
0.739945 0.544936
0.746731 0.542146
0.753621 0.539444
0.760615 0.53683
0.767713 0.534303
0.774916 0.531865
0.782224 0.529515
0.789637 0.527253
0.797156 0.525078
0.80478 0.522992
0.812511 0.520994
0.820348 0.519085
0.828292 0.517264
0.836342 0.515532
0.844499 0.51389
0.852763 0.512336
0.861134 0.510872
0.869611 0.509498
0.878195 0.508215
0.886886 0.507022
0.895684 0.505921
0.904588 0.504912
0.913598 0.503994
0.922714 0.50317
0.931935 0.502439
0.941261 0.501802
0.950692 0.50126
0.960227 0.500814
0.969865 0.500464
0.979606 0.500211
0.989449 0.500056
0.999393 0.5
1.00944 0.500044
1.01958 0.500189
1.02982 0.500436
1.04016 0.500787
1.05059 0.501241
1.06112 0.501801
1.07174 0.502468
1.08244 0.503244
1.09324 0.504128
1.10413 0.505124
1.1151 0.506233
1.12615 0.507456
1.13728 0.508794
1.1485 0.51025
1.15978 0.511825
1.17114 0.513522
1.18257 0.515342
1.19407 0.517286
1.20563 0.519358
1.21724 0.521559
1.22892 0.523891
1.24065 0.526356
1.25242 0.528958
1.26424 0.531698
1.2761 0.534579
1.288 0.537603
1.29993 0.540773
1.31188 0.544092
1.32385 0.547561
1.33583 0.551186
1.34783 0.554967
1.35982 0.558908
1.37182 0.563012
1.3838 0.567282
1.39577 0.571722
1.40771 0.576334
1.41962 0.581122
1.43149 0.586089
1.44332 0.591239
1.45509 0.596575
1.4668 0.6021
1.47843 0.607818
1.48999 0.613733
1.50145 0.619848
1.51281 0.626167
1.52407 0.632694
1.5352 0.639431
1.54621 0.646384
1.55707 0.653555
1.56778 0.660948
1.57833 0.668567
1.5887 0.676415
1.59889 0.684496
1.60887 0.692814
1.61865 0.701371
1.6282 0.710171
1.63752 0.719217
1.64659 0.728513
1.6554 0.73806
1.66393 0.747863
1.67218 0.757922
1.68012 0.768242
1.68775 0.778823
1.69505 0.789668
1.702 0.800778
1.70861 0.812154
1.71484 0.823798
1.72069 0.835709
1.72614 0.847889
1.73119 0.860337
1.73581 0.873051
1.74 0.886032
1.74374 0.899277
1.74702 0.912784
1.74983 0.926551
1.75215 0.940573
1.75399 0.954848
1.75532 0.969369
1.75614 0.984133
1.75643 0.999133
1.75619 1.01436
1.75542 1.02981
1.7541 1.04548
1.75223 1.06134
1.7498 1.07741
1.74681 1.09365
1.74325 1.11007
1.73913 1.12665
1.73444 1.14338
1.72918 1.16024
1.72336 1.17721
1.71697 1.19429
1.71002 1.21146
1.70251 1.22869
1.69444 1.24598
1.68584 1.2633
1.67669 1.28063
1.66702 1.29796
1.65683 1.31525
1.64613 1.3325
1.63494 1.34969
1.62327 1.36678
1.61113 1.38375
1.59854 1.40059
1.58552 1.41728
1.57208 1.43378
1.55825 1.45008
1.54404 1.46615
1.52946 1.48198
1.51456 1.49753
1.49933 1.51279
1.48381 1.52774
1.46801 1.54235
1.45197 1.55661
1.43569 1.57049
1.41921 1.58397
1.40255 1.59704
1.38573 1.60968
1.36876 1.62187
1.35169 1.6336
1.33451 1.64485
1.31727 1.6556
1.29998 1.66586
1.28265 1.67559
1.26532 1.6848
1.248 1.69347
1.23071 1.70159
1.21347 1.70917
1.19629 1.71619
1.1792 1.72264
1.16221 1.72853
1.14534 1.73386
1.1286 1.73861
1.112 1.7428
1.09556 1.74642
1.0793 1.74948
1.06321 1.75197
1.04732 1.75391
1.03163 1.75529
1.01615 1.75613
1.0009 1.75643
0.985872 1.7562
0.97108 1.75544
0.95653 1.75417
0.942227 1.75239
0.928175 1.75012
0.914378 1.74737
0.900841 1.74414
0.887565 1.74046
0.874553 1.73632
0.861807 1.73175
0.849328 1.72675
0.837117 1.72134
0.825175 1.71554
0.8135 1.70935
0.802092 1.70279
0.790951 1.69588
0.780075 1.68862
0.769464 1.68103
0.759114 1.67312
0.749024 1.66491
0.739192 1.65641
0.729614 1.64763
0.72029 1.63859
0.711215 1.62931
0.702386 1.61978
0.6938 1.61003
0.685455 1.60006
0.677347 1.5899
0.669471 1.57955
0.661826 1.56902
0.654407 1.55833
0.64721 1.54748
0.640232 1.53649
0.633469 1.52537
0.626918 1.51413
0.620575 1.50278
0.614437 1.49133
0.608499 1.47978
0.602758 1.46816
0.59721 1.45646
0.591852 1.44469
0.586681 1.43288
0.581693 1.42101
0.576884 1.4091
0.572252 1.39716
0.567792 1.3852
0.563502 1.37322
0.559379 1.36122
0.555418 1.34923
0.551619 1.33723
0.547977 1.32525
0.544489 1.31327
0.541153 1.30132
0.537965 1.28939
0.534925 1.27749
0.532027 1.26563
0.529271 1.2538
0.526653 1.24202
0.524172 1.23029
0.521824 1.21861
0.519608 1.20698
0.517521 1.19541
0.515562 1.18391
0.513728 1.17247
0.512017 1.16111
0.510428 1.14981
0.508958 1.13859
0.507606 1.12745
0.50637 1.11638
0.505248 1.1054
0.504239 1.09451
0.503341 1.0837
0.502553 1.07298
0.501874 1.06235
0.501301 1.05181
0.500834 1.04137
0.500472 1.03102
0.500213 1.02077
0.500056 1.01062
0.5 1.00056
0.500044 0.990605
0.500188 0.98075
0.500429 0.970997
0.500768 0.961347
0.501203 0.9518
0.501734 0.942357
0.50236 0.933018
0.50308 0.923785
0.503893 0.914657
0.5048 0.905634
0.505799 0.896718
0.506889 0.887908
0.508071 0.879205
0.509344 0.870608
0.510707 0.862118
0.512161 0.853735
0.513704 0.845458
0.515336 0.837289
0.517058 0.829226
0.518868 0.82127
0.520767 0.813421
0.522754 0.805677
0.52483 0.79804
0.526994 0.790509
0.529246 0.783084
0.531586 0.775763
0.534014 0.768548
