n N diam_nm fsurf
1 13 0.865127 0.923077
2 55 1.44188 0.763636
3 147 2.01863 0.62585
4 309 2.59538 0.524272
5 561 3.17213 0.449198
6 923 3.74889 0.392199
7 1415 4.32564 0.347703
8 2057 4.90239 0.312105
9 2869 5.47914 0.283025
10 3871 6.05589 0.258848
11 5083 6.63264 0.238442
12 6525 7.2094 0.220996
13 8217 7.78615 0.205915
14 10179 8.3629 0.19275
15 12431 8.93965 0.18116
16 14993 9.5164 0.17088
17 17885 10.0932 0.1617
18 21127 10.6699 0.153453
19 24739 11.2467 0.146004
20 28741 11.8234 0.139244
21 33153 12.4002 0.13308
22 37995 12.9769 0.127438
23 43287 13.5537 0.122254
24 49049 14.1304 0.117474
25 55301 14.7072 0.113054
26 62063 15.2839 0.108954
27 69355 15.8607 0.10514
28 77197 16.4374 0.101584
29 85609 17.0142 0.0982607
30 94611 17.5909 0.0951475
