col e
1 -1
1 1
2 -1.61803
2 -0.618034
2 0.618034
2 1.61803
3 -1.87939
3 -1.53209
3 -1
3 -0.347296
3 0.347296
3 1
3 1.53209
3 1.87939
4 -1.96595
4 -1.86494
4 -1.70043
4 -1.47802
4 -1.20527
4 -0.891477
4 -0.547326
4 -0.184537
4 0.184537
4 0.547326
4 0.891477
4 1.20527
4 1.47802
4 1.70043
4 1.86494
4 1.96595
5 -1.99766
5 -1.99066
5 -1.97901
5 -1.96274
5 -1.94188
5 -1.91649
5 -1.88662
5 -1.85235
5 -1.81375
5 -1.77091
5 -1.72394
5 -1.67294
5 -1.61803
5 -1.55935
5 -1.49702
5 -1.4312
5 -1.36203
5 -1.28968
5 -1.21433
5 -1.13613
5 -1.05528
5 -0.971967
5 -0.886383
5 -0.798729
5 -0.70921
5 -0.618034
5 -0.525415
5 -0.431568
5 -0.336714
5 -0.241073
5 -0.14487
5 -0.0483275
5 0.0483275
5 0.14487
5 0.241073
5 0.336714
5 0.431568
5 0.525415
5 0.618034
5 0.70921
5 0.798729
5 0.886383
5 0.971967
5 1.05528
5 1.13613
5 1.21433
5 1.28968
5 1.36203
5 1.4312
5 1.49702
5 1.55935
5 1.61803
5 1.67294
5 1.72394
5 1.77091
5 1.81375
5 1.85235
5 1.88662
5 1.91649
5 1.94188
5 1.96274
5 1.97901
5 1.99066
5 1.99766
