t q0 q1 q2 q4
0 1 1 1 1
0.25 0.97531 0.963194 0.951229 0.927743
0.5 0.951229 0.927743 0.904837 0.860708
0.75 0.927743 0.893597 0.860708 0.798516
1 0.904837 0.860708 0.818731 0.740818
1.25 0.882497 0.829029 0.778801 0.687289
1.5 0.860708 0.798516 0.740818 0.637628
1.75 0.839457 0.769126 0.704688 0.591555
2 0.818731 0.740818 0.67032 0.548812
2.25 0.798516 0.713552 0.637628 0.509156
2.5 0.778801 0.687289 0.606531 0.472367
2.75 0.759572 0.661993 0.57695 0.438235
3 0.740818 0.637628 0.548812 0.40657
3.25 0.722527 0.61416 0.522046 0.377192
3.5 0.704688 0.591555 0.496585 0.349938
3.75 0.687289 0.569783 0.472367 0.324652
4 0.67032 0.548812 0.449329 0.301194
4.25 0.65377 0.528612 0.427415 0.279431
4.5 0.637628 0.509156 0.40657 0.25924
4.75 0.621885 0.490417 0.386741 0.240508
5 0.606531 0.472367 0.367879 0.22313
5.25 0.591555 0.454981 0.349938 0.207008
5.5 0.57695 0.438235 0.332871 0.19205
5.75 0.562705 0.422105 0.316637 0.178173
6 0.548812 0.40657 0.301194 0.165299
6.25 0.535261 0.391606 0.286505 0.153355
6.5 0.522046 0.377192 0.272532 0.142274
6.75 0.509156 0.36331 0.25924 0.131994
7 0.496585 0.349938 0.246597 0.122456
7.25 0.484325 0.337058 0.23457 0.113608
7.5 0.472367 0.324652 0.22313 0.105399
7.75 0.460704 0.312703 0.212248 0.0977834
8 0.449329 0.301194 0.201897 0.090718
8.25 0.438235 0.290109 0.19205 0.084163
8.5 0.427415 0.279431 0.182684 0.0780817
8.75 0.416862 0.269146 0.173774 0.0724398
9 0.40657 0.25924 0.165299 0.0672055
9.25 0.396531 0.249699 0.157237 0.0623495
9.5 0.386741 0.240508 0.149569 0.0578443
9.75 0.377192 0.231656 0.142274 0.0536647
10 0.367879 0.22313 0.135335 0.0497871
10.25 0.358796 0.214918 0.128735 0.0461896
10.5 0.349938 0.207008 0.122456 0.0428521
10.75 0.341298 0.199389 0.116484 0.0397558
11 0.332871 0.19205 0.110803 0.0368832
11.25 0.324652 0.184981 0.105399 0.0342181
11.5 0.316637 0.178173 0.100259 0.0317456
11.75 0.308819 0.171615 0.0953692 0.0294518
12 0.301194 0.165299 0.090718 0.0273237
12.25 0.293758 0.159215 0.0862936 0.0253494
12.5 0.286505 0.153355 0.082085 0.0235177
12.75 0.279431 0.147711 0.0780817 0.0218184
13 0.272532 0.142274 0.0742736 0.0202419
13.25 0.265803 0.137038 0.0706512 0.0187793
13.5 0.25924 0.131994 0.0672055 0.0174224
13.75 0.25284 0.127136 0.0639279 0.0161635
14 0.246597 0.122456 0.0608101 0.0149956
14.25 0.240508 0.117949 0.0578443 0.013912
14.5 0.23457 0.113608 0.0550232 0.0129068
14.75 0.228779 0.109427 0.0523397 0.0119742
15 0.22313 0.105399 0.0497871 0.011109
15.25 0.217621 0.10152 0.0473589 0.0103063
15.5 0.212248 0.0977834 0.0450492 0.0095616
15.75 0.207008 0.0941845 0.0428521 0.00887071
16 0.201897 0.090718 0.0407622 0.00822975
16.25 0.196912 0.087379 0.0387742 0.00763509
16.5 0.19205 0.084163 0.0368832 0.00708341
16.75 0.187308 0.0810653 0.0350844 0.00657159
17 0.182684 0.0780817 0.0333733 0.00609675
17.25 0.178173 0.0752078 0.0317456 0.00565622
17.5 0.173774 0.0724398 0.0301974 0.00524752
17.75 0.169483 0.0697736 0.0287246 0.00486835
18 0.165299 0.0672055 0.0273237 0.00451658
18.25 0.161218 0.064732 0.0259911 0.00419023
18.5 0.157237 0.0623495 0.0247235 0.00388746
18.75 0.153355 0.0600547 0.0235177 0.00360656
19 0.149569 0.0578443 0.0223708 0.00334597
19.25 0.145876 0.0557153 0.0212797 0.0031042
19.5 0.142274 0.0536647 0.0202419 0.0028799
19.75 0.138761 0.0516895 0.0192547 0.00267181
20 0.135335 0.0497871 0.0183156 0.00247875
20.25 0.131994 0.0479546 0.0174224 0.00229965
20.5 0.128735 0.0461896 0.0165727 0.00213348
20.75 0.125556 0.0444896 0.0157644 0.00197932
21 0.122456 0.0428521 0.0149956 0.0018363
21.25 0.119433 0.0412749 0.0142642 0.00170362
21.5 0.116484 0.0397558 0.0135686 0.00158052
21.75 0.113608 0.0382925 0.0129068 0.00146632
22 0.110803 0.0368832 0.0122773 0.00136037
22.25 0.108067 0.0355257 0.0116786 0.00126207
22.5 0.105399 0.0342181 0.011109 0.00117088
22.75 0.102797 0.0329587 0.0105672 0.00108628
23 0.100259 0.0317456 0.0100518 0.00100779
23.25 0.0977834 0.0305772 0.0095616 0.000934966
23.5 0.0953692 0.0294518 0.00909528 0.000867409
23.75 0.0930145 0.0283678 0.0086517 0.000804733
24 0.090718 0.0273237 0.00822975 0.000746586
24.25 0.0884781 0.0263181 0.00782838 0.00069264
24.5 0.0862936 0.0253494 0.00744658 0.000642592
24.75 0.084163 0.0244164 0.00708341 0.000596161
25 0.082085 0.0235177 0.00673795 0.000553084
25.25 0.0800583 0.0226522 0.00640933 0.00051312
25.5 0.0780817 0.0218184 0.00609675 0.000476044
25.75 0.0761538 0.0210154 0.0057994 0.000441647
26 0.0742736 0.0202419 0.00551656 0.000409735
26.25 0.0724398 0.0194969 0.00524752 0.000380129
26.5 0.0706512 0.0187793 0.00499159 0.000352662
26.75 0.0689068 0.0180881 0.00474815 0.00032718
27 0.0672055 0.0174224 0.00451658 0.000303539
27.25 0.0655462 0.0167811 0.0042963 0.000281606
27.5 0.0639279 0.0161635 0.00408677 0.000261259
27.75 0.0623495 0.0155686 0.00388746 0.000242381
28 0.0608101 0.0149956 0.00369786 0.000224867
28.25 0.0593087 0.0144437 0.00351752 0.000208619
28.5 0.0578443 0.013912 0.00334597 0.000193545
28.75 0.0564161 0.0134 0.00318278 0.00017956
29 0.0550232 0.0129068 0.00302755 0.000166586
29.25 0.0536647 0.0124318 0.0028799 0.000154549
29.5 0.0523397 0.0119742 0.00273944 0.000143382
29.75 0.0510474 0.0115335 0.00260584 0.000133021
30 0.0497871 0.011109 0.00247875 0.00012341
30.25 0.0485578 0.0107001 0.00235786 0.000114493
30.5 0.0473589 0.0103063 0.00224287 0.00010622
30.75 0.0461896 0.00992697 0.00213348 9.85447e-05
31 0.0450492 0.0095616 0.00202943 9.14242e-05
31.25 0.0439369 0.00920968 0.00193045 8.48182e-05
31.5 0.0428521 0.00887071 0.0018363 7.86896e-05
31.75 0.0417941 0.00854422 0.00174675 7.30037e-05
32 0.0407622 0.00822975 0.00166156 6.77287e-05
32.25 0.0397558 0.00792685 0.00158052 6.28349e-05
32.5 0.0387742 0.00763509 0.00150344 5.82947e-05
32.75 0.0378169 0.00735408 0.00143012 5.40825e-05
33 0.0368832 0.00708341 0.00136037 5.01747e-05
33.25 0.0359725 0.0068227 0.00129402 4.65492e-05
33.5 0.0350844 0.00657159 0.00123091 4.31857e-05
33.75 0.0342181 0.00632972 0.00117088 4.00653e-05
34 0.0333733 0.00609675 0.00111378 3.71703e-05
34.25 0.0325493 0.00587235 0.00105946 3.44845e-05
34.5 0.0317456 0.00565622 0.00100779 3.19928e-05
34.75 0.0309618 0.00544804 0.000958635 2.96811e-05
35 0.0301974 0.00524752 0.000911882 2.75364e-05
35.25 0.0294518 0.00505438 0.000867409 2.55468e-05
35.5 0.0287246 0.00486835 0.000825105 2.37008e-05
35.75 0.0280154 0.00468917 0.000784864 2.19883e-05
36 0.0273237 0.00451658 0.000746586 2.03995e-05
36.25 0.0266491 0.00435035 0.000710174 1.89255e-05
36.5 0.0259911 0.00419023 0.000675539 1.7558e-05
36.75 0.0253494 0.004036 0.000642592 1.62893e-05
37 0.0247235 0.00388746 0.000611253 1.51123e-05
37.25 0.0241131 0.00374438 0.000581442 1.40204e-05
37.5 0.0235177 0.00360656 0.000553084 1.30073e-05
37.75 0.0229371 0.00347382 0.00052611 1.20674e-05
38 0.0223708 0.00334597 0.000500451 1.11955e-05
38.25 0.0218184 0.00322282 0.000476044 1.03865e-05
38.5 0.0212797 0.0031042 0.000452827 9.63604e-06
38.75 0.0207543 0.00298995 0.000430743 8.93978e-06
39 0.0202419 0.0028799 0.000409735 8.29382e-06
39.25 0.0197421 0.0027739 0.000389752 7.69454e-06
39.5 0.0192547 0.00267181 0.000370744 7.13856e-06
39.75 0.0187793 0.00257347 0.000352662 6.62275e-06
40 0.0183156 0.00247875 0.000335463 6.14421e-06
40.25 0.0178634 0.00238752 0.000319102 5.70025e-06
40.5 0.0174224 0.00229965 0.000303539 5.28837e-06
40.75 0.0169922 0.00221501 0.000288735 4.90625e-06
41 0.0165727 0.00213348 0.000274654 4.55174e-06
41.25 0.0161635 0.00205496 0.000261259 4.22285e-06
41.5 0.0157644 0.00197932 0.000248517 3.91772e-06
41.75 0.0153752 0.00190647 0.000236397 3.63464e-06
42 0.0149956 0.0018363 0.000224867 3.37202e-06
42.25 0.0146253 0.00176872 0.0002139 3.12837e-06
42.5 0.0142642 0.00170362 0.000203468 2.90232e-06
42.75 0.013912 0.00164092 0.000193545 2.69261e-06
43 0.0135686 0.00158052 0.000184106 2.49805e-06
43.25 0.0132336 0.00152235 0.000175127 2.31755e-06
43.5 0.0129068 0.00146632 0.000166586 2.15009e-06
43.75 0.0125881 0.00141235 0.000158461 1.99473e-06
44 0.0122773 0.00136037 0.000150733 1.8506e-06
44.25 0.0119742 0.0013103 0.000143382 1.71688e-06
44.5 0.0116786 0.00126207 0.000136389 1.59283e-06
44.75 0.0113902 0.00121562 0.000129737 1.47774e-06
45 0.011109 0.00117088 0.00012341 1.37096e-06
45.25 0.0108347 0.00112778 0.000117391 1.2719e-06
45.5 0.0105672 0.00108628 0.000111666 1.18e-06
45.75 0.0103063 0.00104629 0.00010622 1.09473e-06
46 0.0100518 0.00100779 0.000101039 1.01563e-06
46.25 0.00980366 0.000970693 9.61117e-05 9.42245e-07
46.5 0.0095616 0.000934966 9.14242e-05 8.74162e-07
46.75 0.00932553 0.000900554 8.69654e-05 8.10998e-07
47 0.00909528 0.000867409 8.27241e-05 7.52398e-07
47.25 0.00887071 0.000835483 7.86896e-05 6.98033e-07
47.5 0.0086517 0.000804733 7.48518e-05 6.47595e-07
47.75 0.00843808 0.000775114 7.12013e-05 6.00802e-07
48 0.00822975 0.000746586 6.77287e-05 5.5739e-07
48.25 0.00802655 0.000719107 6.44256e-05 5.17115e-07
48.5 0.00782838 0.00069264 6.12835e-05 4.7975e-07
48.75 0.00763509 0.000667147 5.82947e-05 4.45085e-07
49 0.00744658 0.000642592 5.54516e-05 4.12925e-07
49.25 0.00726273 0.000618941 5.27472e-05 3.83088e-07
49.5 0.00708341 0.000596161 5.01747e-05 3.55408e-07
49.75 0.00690852 0.000574219 4.77276e-05 3.29727e-07
50 0.00673795 0.000553084 4.53999e-05 3.05902e-07
