E i
-1.1 2.13541e-08
-1.095 2.41973e-08
-1.09 2.74192e-08
-1.085 3.107e-08
-1.08 3.52069e-08
-1.075 3.98947e-08
-1.07 4.52066e-08
-1.065 5.12258e-08
-1.06 5.80464e-08
-1.055 6.57752e-08
-1.05 7.45331e-08
-1.045 8.4457e-08
-1.04 9.57023e-08
-1.035 1.08445e-07
-1.03 1.22884e-07
-1.025 1.39246e-07
-1.02 1.57786e-07
-1.015 1.78796e-07
-1.01 2.02602e-07
-1.005 2.29578e-07
-1 2.60146e-07
-0.995 2.94784e-07
-0.99 3.34034e-07
-0.985 3.7851e-07
-0.98 4.28908e-07
-0.975 4.86017e-07
-0.97 5.50729e-07
-0.965 6.24058e-07
-0.96 7.0715e-07
-0.955 8.01306e-07
-0.95 9.07999e-07
-0.945 1.0289e-06
-0.94 1.16589e-06
-0.935 1.32113e-06
-0.93 1.49704e-06
-0.925 1.69636e-06
-0.92 1.92223e-06
-0.915 2.17818e-06
-0.91 2.4682e-06
-0.905 2.79683e-06
-0.9 3.16923e-06
-0.895 3.5912e-06
-0.89 4.06937e-06
-0.885 4.6112e-06
-0.88 5.22517e-06
-0.875 5.92089e-06
-0.87 6.70925e-06
-0.865 7.60258e-06
-0.86 8.61485e-06
-0.855 9.7619e-06
-0.85 1.10617e-05
-0.845 1.25345e-05
-0.84 1.42035e-05
-0.835 1.60947e-05
-0.83 1.82376e-05
-0.825 2.0666e-05
-0.82 2.34176e-05
-0.815 2.65356e-05
-0.81 3.00688e-05
-0.805 3.40724e-05
-0.8 3.86091e-05
-0.795 4.37498e-05
-0.79 4.9575e-05
-0.785 5.61759e-05
-0.78 6.36556e-05
-0.775 7.21313e-05
-0.77 8.17354e-05
-0.765 9.26184e-05
-0.76 0.00010495
-0.755 0.000118924
-0.75 0.000134759
-0.745 0.000152702
-0.74 0.000173034
-0.735 0.000196073
-0.73 0.00022218
-0.725 0.000251763
-0.72 0.000285285
-0.715 0.00032327
-0.71 0.000366313
-0.705 0.000415087
-0.7 0.000470355
-0.695 0.000532982
-0.69 0.000603948
-0.685 0.000684362
-0.68 0.000775484
-0.675 0.000878739
-0.67 0.000995741
-0.665 0.00112832
-0.66 0.00127856
-0.655 0.0014488
-0.65 0.0016417
-0.645 0.00186029
-0.64 0.00210798
-0.635 0.00238866
-0.63 0.00270671
-0.625 0.0030671
-0.62 0.00347548
-0.615 0.00393823
-0.61 0.0044626
-0.605 0.00505679
-0.6 0.0057301
-0.595 0.00649305
-0.59 0.00735759
-0.585 0.00833724
-0.58 0.00944733
-0.575 0.0107052
-0.57 0.0121306
-0.565 0.0137458
-0.56 0.015576
-0.555 0.0176499
-0.55 0.02
-0.545 0.022663
-0.54 0.0256805
-0.535 0.0290998
-0.53 0.0329744
-0.525 0.0373649
-0.52 0.04234
-0.515 0.0479775
-0.51 0.0543656
-0.505 0.0616043
-0.5 0.0698069
-0.495 0.0791015
-0.49 0.0896338
-0.485 0.101568
-0.48 0.115092
-0.475 0.130416
-0.47 0.147781
-0.465 0.167458
-0.46 0.189755
-0.455 0.21502
-0.45 0.24365
-0.445 0.276091
-0.44 0.312853
-0.435 0.354508
-0.43 0.401711
-0.425 0.455198
-0.42 0.515807
-0.415 0.584486
-0.41 0.662309
-0.405 0.750494
-0.4 0.850422
-0.395 0.963654
-0.39 1.09196
-0.385 1.23736
-0.38 1.40211
-0.375 1.5888
-0.37 1.80034
-0.365 2.04006
-0.36 2.31169
-0.355 2.61948
-0.35 2.96826
-0.345 3.36348
-0.34 3.81133
-0.335 4.3188
-0.33 4.89384
-0.325 5.54545
-0.32 6.28381
-0.315 7.12049
-0.31 8.06858
-0.305 9.14289
-0.3 10
-0.295 10
-0.29 10
-0.285 10
-0.28 10
-0.275 10
-0.27 10
-0.265 10
-0.26 10
-0.255 10
-0.25 10
-0.245 10
-0.24 10
-0.235 10
-0.23 10
-0.225 10
-0.22 10
-0.215 10
-0.21 10
-0.205 10
-0.2 10
-0.195 10
-0.19 10
-0.185 10
-0.18 10
-0.175 10
-0.17 10
-0.165 10
-0.16 10
-0.155 10
-0.15 10
-0.145 10
-0.14 10
-0.135 10
-0.13 10
-0.125 10
-0.12 10
-0.115 10
-0.11 10
-0.105 10
-0.1 10
-0.095 10
-0.09 10
-0.085 10
-0.08 10
-0.075 10
-0.07 10
-0.065 10
-0.06 10
-0.055 10
-0.05 10
-0.045 10
-0.04 10
-0.035 10
-0.03 10
-0.025 10
-0.02 10
-0.015 10
-0.01 10
-0.005 10
0 10
0.005 10
0.01 10
0.015 10
0.02 10
0.025 10
0.03 10
0.035 10
0.04 10
0.045 10
0.05 10
0.055 10
0.06 10
0.065 10
0.07 10
0.075 10
0.08 10
0.085 10
0.09 10
0.095 10
0.1 10
0.105 10
0.11 10
0.115 10
0.12 10
0.125 10
0.13 10
0.135 10
0.14 10
0.145 10
0.15 10
0.155 10
0.16 10
0.165 10
0.17 10
0.175 10
0.18 10
0.185 10
0.19 10
0.195 10
0.2 10
0.205 10
0.21 10
0.215 10
0.22 10
0.225 10
0.23 10
0.235 10
0.24 10
0.245 10
0.25 10
0.255 10
0.26 10
0.265 10
0.27 10
0.275 10
0.28 10
0.285 10
0.29 10
0.295 10
0.3 10
0.305 10
0.31 10
0.315 10
0.32 10
0.325 10
0.33 10
0.335 10
0.34 10
0.345 10
0.35 10
0.355 10
0.36 10
0.365 10
0.37 10
0.375 10
0.38 10
0.385 10
0.39 10
0.395 10
0.4 10
0.405 10
0.41 10
0.415 10
0.42 10
0.425 10
0.43 10
0.435 10
0.44 10
0.445 10
0.45 10
0.455 10
0.46 10
0.465 10
0.47 10
0.475 10
0.48 10
0.485 10
0.49 10
0.495 10
0.5 10
