day noCl Cl1 Cl3
0 0 0 0
0.5 0.0725721 0.0725407 0.0724779
1 0.145121 0.144995 0.144745
1.5 0.217623 0.217341 0.216777
2 0.290055 0.289554 0.288554
2.5 0.362395 0.361612 0.360054
3 0.434618 0.433493 0.431254
3.5 0.506702 0.505173 0.502134
4 0.578625 0.576632 0.572673
4.5 0.650364 0.647846 0.64285
5 0.721896 0.718795 0.712647
5.5 0.7932 0.789458 0.782043
6 0.864254 0.859812 0.851019
6.5 0.935037 0.929839 0.919558
7 1.00553 0.999517 0.987641
7.5 1.0757 1.06883 1.05525
8 1.14555 1.13775 1.12237
8.5 1.21504 1.20627 1.18898
9 1.28415 1.27436 1.25508
9.5 1.35288 1.34201 1.32063
10 1.42119 1.40921 1.38564
10.5 1.48908 1.47592 1.45007
11 1.55652 1.54215 1.51393
11.5 1.62349 1.60786 1.5772
12 1.68999 1.67306 1.63987
12.5 1.75599 1.73771 1.70192
13 1.82148 1.80182 1.76334
13.5 1.88644 1.86536 1.82413
14 1.95086 1.92832 1.88427
14.5 2.01473 1.9907 1.94376
15 2.07803 2.05247 2.00258
15.5 2.14075 2.11363 2.06074
16 2.20288 2.17417 2.11821
16.5 2.2644 2.23407 2.175
17 2.32531 2.29334 2.2311
17.5 2.3856 2.35195 2.28651
18 2.44525 2.40991 2.34121
18.5 2.50426 2.4672 2.39521
19 2.56262 2.52382 2.4485
19.5 2.62033 2.57977 2.50108
20 2.67736 2.63503 2.55295
20.5 2.73372 2.6896 2.6041
21 2.78941 2.74348 2.65453
21.5 2.84441 2.79666 2.70424
22 2.89872 2.84914 2.75324
22.5 2.95234 2.90092 2.80151
23 3.00526 2.95199 2.84906
23.5 3.05749 3.00235 2.8959
24 3.10901 3.05201 2.94202
24.5 3.15982 3.10096 2.98742
25 3.20993 3.1492 3.03211
25.5 3.25933 3.19673 3.0761
26 3.30803 3.24355 3.11937
26.5 3.35601 3.28966 3.16194
27 3.40329 3.33507 3.2038
27.5 3.44986 3.37977 3.24497
28 3.49573 3.42377 3.28545
28.5 3.54089 3.46707 3.32524
29 3.58534 3.50967 3.36435
29.5 3.6291 3.55158 3.40277
30 3.67216 3.5928 3.44053
30.5 3.71452 3.63333 3.47761
31 3.7562 3.67318 3.51404
31.5 3.79718 3.71236 3.54981
32 3.83748 3.75086 3.58493
32.5 3.8771 3.7887 3.61941
33 3.91605 3.82587 3.65325
33.5 3.95433 3.86239 3.68646
34 3.99194 3.89825 3.71905
34.5 4.0289 3.93348 3.75102
35 4.0652 3.96806 3.78238
35.5 4.10085 4.00201 3.81315
36 4.13586 4.03534 3.84332
36.5 4.17024 4.06805 3.8729
37 4.20398 4.10014 3.9019
37.5 4.23711 4.13163 3.93034
38 4.26962 4.16253 3.95821
38.5 4.30151 4.19283 3.98552
39 4.33281 4.22255 4.01229
39.5 4.36351 4.25169 4.03852
40 4.39363 4.28027 4.06421
40.5 4.42316 4.30828 4.08939
41 4.45212 4.33574 4.11404
41.5 4.48052 4.36265 4.13819
42 4.50835 4.38903 4.16184
42.5 4.53564 4.41488 4.18499
43 4.56239 4.4402 4.20766
43.5 4.58859 4.46501 4.22986
44 4.61428 4.48932 4.25158
44.5 4.63944 4.51312 4.27285
45 4.66409 4.53643 4.29366
45.5 4.68824 4.55926 4.31403
46 4.71189 4.58161 4.33396
46.5 4.73505 4.6035 4.35346
47 4.75773 4.62492 4.37254
47.5 4.77994 4.64589 4.3912
48 4.80168 4.66642 4.40946
48.5 4.82296 4.68651 4.42732
49 4.8438 4.70617 4.44478
49.5 4.86419 4.72541 4.46187
50 4.88415 4.74423 4.47857
50.5 4.90368 4.76265 4.4949
51 4.92279 4.78066 4.51087
51.5 4.94149 4.79829 4.52648
52 4.95979 4.81552 4.54174
52.5 4.97769 4.83238 4.55666
53 4.99519 4.84887 4.57125
53.5 5.01232 4.86499 4.5855
54 5.02906 4.88076 4.59943
54.5 5.04544 4.89617 4.61305
55 5.06146 4.91124 4.62635
55.5 5.07712 4.92598 4.63935
56 5.09243 4.94038 4.65206
56.5 5.10741 4.95446 4.66447
57 5.12204 4.96823 4.6766
57.5 5.13635 4.98168 4.68844
58 5.15034 4.99482 4.70002
58.5 5.16401 5.00767 4.71132
59 5.17737 5.02022 4.72237
59.5 5.19043 5.03249 4.73316
60 5.20319 5.04448 4.74369
60.5 5.21566 5.05619 4.75398
61 5.22785 5.06763 4.76403
61.5 5.23976 5.07881 4.77385
62 5.25139 5.08974 4.78343
62.5 5.26276 5.1004 4.79279
63 5.27387 5.11082 4.80193
63.5 5.28471 5.121 4.81085
64 5.29531 5.13095 4.81956
64.5 5.30566 5.14066 4.82807
65 5.31578 5.15014 4.83637
65.5 5.32565 5.1594 4.84448
66 5.3353 5.16844 4.85239
66.5 5.34472 5.17728 4.86012
67 5.35392 5.1859 4.86766
67.5 5.3629 5.19432 4.87502
68 5.37168 5.20254 4.88221
68.5 5.38025 5.21057 4.88922
69 5.38861 5.21841 4.89607
69.5 5.39678 5.22606 4.90275
70 5.40475 5.23353 4.90927
70.5 5.41254 5.24083 4.91563
71 5.42014 5.24795 4.92185
71.5 5.42757 5.2549 4.92791
72 5.43481 5.26168 4.93382
72.5 5.44189 5.2683 4.93959
73 5.44879 5.27477 4.94523
73.5 5.45553 5.28108 4.95072
74 5.46211 5.28724 4.95609
74.5 5.46853 5.29325 4.96132
75 5.4748 5.29911 4.96642
75.5 5.48092 5.30484 4.97141
76 5.48689 5.31042 4.97627
76.5 5.49272 5.31588 4.98101
77 5.49841 5.3212 4.98564
77.5 5.50396 5.32639 4.99015
78 5.50937 5.33146 4.99455
78.5 5.51466 5.3364 4.99885
79 5.51982 5.34123 5.00304
79.5 5.52485 5.34594 5.00713
80 5.52977 5.35053 5.01112
80.5 5.53456 5.35501 5.01501
81 5.53924 5.35939 5.01881
81.5 5.5438 5.36365 5.02251
82 5.54826 5.36782 5.02612
82.5 5.5526 5.37188 5.02965
83 5.55684 5.37584 5.03308
83.5 5.56098 5.37971 5.03643
84 5.56502 5.38348 5.0397
84.5 5.56896 5.38716 5.04289
85 5.5728 5.39075 5.046
85.5 5.57655 5.39425 5.04904
86 5.5802 5.39767 5.052
86.5 5.58377 5.401 5.05488
87 5.58725 5.40425 5.0577
87.5 5.59065 5.40743 5.06044
88 5.59396 5.41052 5.06312
88.5 5.59719 5.41354 5.06573
89 5.60034 5.41648 5.06828
89.5 5.60342 5.41936 5.07076
90 5.60642 5.42216 5.07319
90.5 5.60934 5.42489 5.07555
91 5.6122 5.42755 5.07785
91.5 5.61498 5.43015 5.0801
92 5.6177 5.43269 5.08229
92.5 5.62035 5.43516 5.08443
93 5.62293 5.43758 5.08651
93.5 5.62545 5.43993 5.08854
94 5.62791 5.44222 5.09052
94.5 5.63031 5.44446 5.09246
95 5.63265 5.44665 5.09434
95.5 5.63493 5.44877 5.09618
96 5.63715 5.45085 5.09797
96.5 5.63932 5.45288 5.09972
97 5.64144 5.45485 5.10142
97.5 5.6435 5.45678 5.10308
98 5.64552 5.45866 5.1047
98.5 5.64748 5.46049 5.10628
99 5.64939 5.46228 5.10782
99.5 5.65126 5.46402 5.10933
100 5.65308 5.46572 5.11079
100.5 5.65486 5.46738 5.11222
101 5.65659 5.46899 5.11361
101.5 5.65828 5.47057 5.11497
102 5.65993 5.47211 5.11629
102.5 5.66154 5.47361 5.11758
103 5.6631 5.47507 5.11884
103.5 5.66463 5.4765 5.12007
104 5.66612 5.47789 5.12127
104.5 5.66758 5.47924 5.12243
105 5.66899 5.48056 5.12357
105.5 5.67038 5.48185 5.12468
106 5.67173 5.48311 5.12576
106.5 5.67304 5.48434 5.12682
107 5.67432 5.48553 5.12785
107.5 5.67557 5.4867 5.12885
108 5.67679 5.48784 5.12983
108.5 5.67798 5.48895 5.13078
109 5.67914 5.49003 5.13171
109.5 5.68027 5.49108 5.13261
110 5.68137 5.49211 5.1335
110.5 5.68245 5.49311 5.13436
111 5.6835 5.49409 5.1352
111.5 5.68452 5.49504 5.13602
112 5.68552 5.49597 5.13681
112.5 5.68649 5.49688 5.13759
113 5.68744 5.49776 5.13835
113.5 5.68836 5.49862 5.13909
114 5.68926 5.49946 5.13981
114.5 5.69014 5.50028 5.14051
115 5.691 5.50108 5.1412
115.5 5.69183 5.50186 5.14187
116 5.69265 5.50262 5.14252
116.5 5.69344 5.50336 5.14316
117 5.69422 5.50408 5.14377
117.5 5.69497 5.50479 5.14438
118 5.69571 5.50548 5.14497
118.5 5.69643 5.50614 5.14554
119 5.69713 5.5068 5.1461
119.5 5.69781 5.50743 5.14665
120 5.69848 5.50806 5.14718
