tt NaCl KCl
20 0 0
20.02 0 0
20.04 0 0
20.06 0 0
20.08 0 0
20.1 0 0
20.12 0 0
20.14 0 0
20.16 0 0
20.18 0 0
20.2 0 0
20.22 0 0
20.24 0 0
20.26 0 0
20.28 0 0
20.3 0 0
20.32 0 0
20.34 0 0
20.36 0 0
20.38 0 0
20.4 0 0
20.42 0 0
20.44 0 0
20.46 0 0
20.48 0 0
20.5 0 0
20.52 0 0
20.54 0 0
20.56 0 0
20.58 0 0
20.6 0 0
20.62 0 0
20.64 0 0
20.66 0 0
20.68 0 0
20.7 0 0
20.72 0 0
20.74 0 0
20.76 0 0
20.78 0 0
20.8 0 0
20.82 0 0
20.84 0 0
20.86 0 0
20.88 0 0
20.9 0 0
20.92 0 0
20.94 0 0
20.96 0 0
20.98 0 0
21 0 0
21.02 0 0
21.04 0 0
21.06 0 0
21.08 0 0
21.1 0 0
21.12 0 0
21.14 0 0
21.16 0 0
21.18 0 0
21.2 0 0
21.22 0 0
21.24 0 0
21.26 0 0
21.28 0 0
21.3 0 0
21.32 0 0
21.34 0 0
21.36 0 0
21.38 0 0
21.4 0 0
21.42 0 0
21.44 0 0
21.46 0 0
21.48 0 0
21.5 0 0
21.52 0 0
21.54 0 0
21.56 0 0
21.58 0 0
21.6 3.16202e-322 0
21.62 5.24302e-320 0
21.64 8.57567e-318 0
21.66 1.37789e-315 0
21.68 2.17491e-313 0
21.7 3.37246e-311 0
21.72 5.13725e-309 0
21.74 7.68767e-307 0
21.76 1.13015e-304 0
21.78 1.63215e-302 0
21.8 2.31559e-300 0
21.82 3.22732e-298 0
21.84 4.41877e-296 0
21.86 5.94348e-294 0
21.88 7.85343e-292 0
21.9 1.01943e-289 0
21.92 1.29997e-287 0
21.94 1.62851e-285 0
21.96 2.00412e-283 0
21.98 2.42292e-281 0
22 2.87761e-279 0
22.02 3.35741e-277 0
22.04 3.84819e-275 0
22.06 4.33299e-273 0
22.08 4.7929e-271 0
22.1 5.2082e-269 0
22.12 5.55977e-267 0
22.14 5.83048e-265 0
22.16 6.00664e-263 0
22.18 6.07908e-261 0
22.2 6.04399e-259 0
22.22 5.90322e-257 0
22.24 5.66412e-255 0
22.26 5.33895e-253 0
22.28 4.94377e-251 0
22.3 4.49718e-249 0
22.32 4.01884e-247 0
22.34 3.5281e-245 0
22.36 3.04271e-243 0
22.38 2.57786e-241 0
22.4 2.14554e-239 0
22.42 1.75426e-237 0
22.44 1.40906e-235 0
22.46 1.11185e-233 0
22.48 8.61865e-232 0
22.5 6.56316e-230 0
22.52 4.90983e-228 0
22.54 3.60826e-226 0
22.56 2.60501e-224 2.47033e-323
22.58 1.84757e-222 4.27367e-321
22.6 1.28727e-220 7.09384e-319
22.62 8.81087e-219 1.15741e-316
22.64 5.92444e-217 1.85513e-314
22.66 3.9134e-215 2.92105e-312
22.68 2.53946e-213 4.51839e-310
22.7 1.61885e-211 6.86605e-308
22.72 1.0138e-209 1.02497e-305
22.74 6.23701e-208 1.50311e-303
22.76 3.76947e-206 2.16547e-301
22.78 2.23801e-204 3.06473e-299
22.8 1.30534e-202 4.26101e-297
22.82 7.47938e-201 5.81983e-295
22.84 4.21004e-199 7.80887e-293
22.86 2.32801e-197 1.02931e-290
22.88 1.26463e-195 1.33285e-288
22.9 6.74873e-194 1.6955e-286
22.92 3.53801e-192 2.11881e-284
22.94 1.82211e-190 2.60115e-282
22.96 9.21873e-189 3.13703e-280
22.98 4.5819e-187 3.71664e-278
23 2.23717e-185 4.32576e-276
23.02 1.07308e-183 4.94599e-274
23.04 5.05645e-182 5.5555e-272
23.06 2.34065e-180 6.13017e-270
23.08 1.06441e-178 6.64509e-268
23.1 4.75508e-177 7.07633e-266
23.12 2.08683e-175 7.40278e-264
23.14 8.99695e-174 7.60783e-262
23.16 3.81051e-172 7.68079e-260
23.18 1.58544e-170 7.61781e-258
23.2 6.48031e-169 7.42222e-256
23.22 2.60208e-167 7.10422e-254
23.24 1.02642e-165 6.68003e-252
23.26 3.97749e-164 6.17049e-250
23.28 1.51416e-162 5.59938e-248
23.3 5.66258e-161 4.9916e-246
23.32 2.08035e-159 4.37138e-244
23.34 7.50821e-158 3.76077e-242
23.36 2.66205e-156 3.17844e-240
23.38 9.27204e-155 2.63895e-238
23.4 3.17259e-153 2.15242e-236
23.42 1.06643e-151 1.72465e-234
23.44 3.5215e-150 1.35755e-232
23.46 1.14236e-148 1.04976e-230
23.48 3.64048e-147 7.97445e-229
23.5 1.1397e-145 5.95104e-227
23.52 3.50514e-144 4.36278e-225
23.54 1.05901e-142 3.14205e-223
23.56 3.14319e-141 2.22302e-221
23.58 9.16476e-140 1.54508e-219
23.6 2.62513e-138 1.05497e-217
23.62 7.38688e-137 7.0763e-216
23.64 2.04197e-135 4.66286e-214
23.66 5.5452e-134 3.01841e-212
23.68 1.47933e-132 1.91948e-210
23.7 3.87696e-131 1.19913e-208
23.72 9.98151e-130 7.35918e-207
23.74 2.52453e-128 4.43682e-205
23.76 6.27256e-127 2.6278e-203
23.78 1.53105e-125 1.52895e-201
23.8 3.67122e-124 8.73924e-200
23.82 8.64793e-123 4.90719e-198
23.84 2.00121e-121 2.70689e-196
23.86 4.54939e-120 1.46686e-194
23.88 1.016e-118 7.80881e-193
23.9 2.229e-117 4.08377e-191
23.92 4.80406e-116 2.09805e-189
23.94 1.01715e-114 1.05889e-187
23.96 2.11564e-113 5.25006e-186
23.98 4.32291e-112 2.55715e-184
24 8.67742e-111 1.22357e-182
24.02 1.71113e-109 5.75148e-181
24.04 3.3148e-108 2.65589e-179
24.06 6.30825e-107 1.20481e-177
24.08 1.17934e-105 5.36919e-176
24.1 2.16596e-104 2.35059e-174
24.12 3.90787e-103 1.01094e-172
24.14 6.92643e-102 4.2712e-171
24.16 1.20603e-100 1.77278e-169
24.18 2.06293e-99 7.22837e-168
24.2 3.4665e-98 2.89537e-166
24.22 5.72239e-97 1.13933e-164
24.24 9.27987e-96 4.40423e-163
24.26 1.47838e-94 1.67252e-161
24.28 2.31371e-93 6.23954e-160
24.3 3.55723e-92 2.28672e-158
24.32 5.37272e-91 8.23289e-157
24.34 7.97177e-90 2.91186e-155
24.36 1.16197e-88 1.01174e-153
24.38 1.66385e-87 3.45339e-152
24.4 2.34052e-86 1.15798e-150
24.42 3.23438e-85 3.81449e-149
24.44 4.39085e-84 1.23439e-147
24.46 5.85577e-83 3.92415e-146
24.48 7.67185e-82 1.22551e-144
24.5 9.87403e-81 3.75985e-143
24.52 1.24844e-79 1.13319e-141
24.54 1.55068e-78 3.35515e-140
24.56 1.89214e-77 9.75893e-139
24.58 2.26812e-76 2.7885e-137
24.6 2.67089e-75 7.82743e-136
24.62 3.08977e-74 2.15847e-134
24.64 3.51136e-73 5.84727e-133
24.66 3.92016e-72 1.55611e-131
24.68 4.29943e-71 4.06822e-130
24.7 4.63231e-70 1.04484e-128
24.72 4.90302e-69 2.63616e-127
24.74 5.09811e-68 6.53393e-126
24.76 5.20755e-67 1.59095e-124
24.78 5.22561e-66 3.80555e-123
24.8 5.15133e-65 8.94248e-122
24.82 4.98863e-64 2.06432e-120
24.84 4.74595e-63 4.68141e-119
24.86 4.43551e-62 1.04293e-117
24.88 4.07233e-61 2.2825e-116
24.9 3.67301e-60 4.90736e-115
24.92 3.25447e-59 1.03649e-113
24.94 2.83281e-58 2.15059e-112
24.96 2.42233e-57 4.38361e-111
24.98 2.03484e-56 8.77779e-110
25 1.67921e-55 1.7267e-108
25.02 1.36131e-54 3.33679e-107
25.04 1.08416e-53 6.33461e-106
25.06 8.48212e-53 1.18138e-104
25.08 6.51922e-52 2.16441e-103
25.1 4.92229e-51 3.89554e-102
25.12 3.65104e-50 6.88772e-101
25.14 2.6604e-49 1.19636e-99
25.16 1.90439e-48 2.0414e-98
25.18 1.33919e-47 3.42195e-97
25.2 9.25145e-47 5.63506e-96
25.22 6.2785e-46 9.11595e-95
25.24 4.18583e-45 1.44872e-93
25.26 2.74149e-44 2.26176e-92
25.28 1.76388e-43 3.46887e-91
25.3 1.11489e-42 5.22648e-90
25.32 6.92269e-42 7.73586e-89
25.34 4.22276e-41 1.12483e-87
25.36 2.53045e-40 1.60674e-86
25.38 1.48963e-39 2.25467e-85
25.4 8.61462e-39 3.10813e-84
25.42 4.89412e-38 4.20916e-83
25.44 2.73144e-37 5.59978e-82
25.46 1.49758e-36 7.31855e-81
25.48 8.06612e-36 9.39633e-80
25.5 4.26795e-35 1.18514e-78
25.52 2.21847e-34 1.46846e-77
25.54 1.13284e-33 1.78745e-76
25.56 5.68277e-33 2.13739e-75
25.58 2.80048e-32 2.51081e-74
25.6 1.35576e-31 2.89749e-73
25.62 6.44783e-31 3.28481e-72
25.64 3.01248e-30 3.65828e-71
25.66 1.38265e-29 4.00243e-70
25.68 6.23419e-29 4.30179e-69
25.7 2.76139e-28 4.54207e-68
25.72 1.20158e-27 4.71127e-67
25.74 5.13641e-27 4.80066e-66
25.76 2.15697e-26 4.80555e-65
25.78 8.89833e-26 4.72569e-64
25.8 3.60622e-25 4.56526e-63
25.82 1.43573e-24 4.33257e-62
25.84 5.61534e-24 4.03929e-61
25.86 2.15753e-23 3.6995e-60
25.88 8.14361e-23 3.32859e-59
25.9 3.01965e-22 2.9421e-58
25.92 1.09995e-21 2.55466e-57
25.94 3.93616e-21 2.17916e-56
25.96 1.38372e-20 1.82609e-55
25.98 4.77865e-20 1.50327e-54
26 1.62122e-19 1.21571e-53
26.02 5.40326e-19 9.65833e-53
26.04 1.76909e-18 7.53795e-52
26.06 5.69013e-18 5.77941e-51
26.08 1.79794e-17 4.35305e-50
26.1 5.58092e-17 3.22094e-49
26.12 1.70183e-16 2.34126e-48
26.14 5.09808e-16 1.67185e-47
26.16 1.50029e-15 1.1728e-46
26.18 4.33734e-15 8.08221e-46
26.2 1.23183e-14 5.47161e-45
26.22 3.43683e-14 3.63898e-44
26.24 9.41984e-14 2.37751e-43
26.26 2.53635e-13 1.52597e-42
26.28 6.70893e-13 9.62159e-42
26.3 1.74332e-12 5.95975e-41
26.32 4.4502e-12 3.6265e-40
26.34 1.11599e-11 2.16784e-39
26.36 2.7493e-11 1.27305e-38
26.38 6.65369e-11 7.34419e-38
26.4 1.58191e-10 4.16218e-37
26.42 3.69471e-10 2.31727e-36
26.44 8.47733e-10 1.2674e-35
26.46 1.9108e-09 6.80969e-35
26.48 4.23109e-09 3.59436e-34
26.5 9.20382e-09 1.86378e-33
26.52 1.96681e-08 9.49395e-33
26.54 4.12892e-08 4.75093e-32
26.56 8.51511e-08 2.33555e-31
26.58 1.72513e-07 1.12792e-30
26.6 3.43348e-07 5.35116e-30
26.62 6.71313e-07 2.494e-29
26.64 1.28942e-06 1.14189e-28
26.66 2.43301e-06 5.13607e-28
26.68 4.50996e-06 2.26943e-27
26.7 8.2126e-06 9.85104e-27
26.72 1.46915e-05 4.20075e-26
26.74 2.58186e-05 1.75975e-25
26.76 4.45737e-05 7.24191e-25
26.78 7.55968e-05 2.92776e-24
26.8 0.000125953 1.16278e-23
26.82 0.000206153 4.53666e-23
26.84 0.000331476 1.73883e-22
26.86 0.000523593 6.54719e-22
26.88 0.000812482 2.42177e-21
26.9 0.00123855 8.80016e-21
26.92 0.00185478 3.14143e-20
26.94 0.00272867 1.10165e-19
26.96 0.00394356 3.79523e-19
26.98 0.00559893 1.28443e-18
27 0.0078091 4.27037e-18
27.02 0.0106998 1.39475e-17
27.04 0.0144022 4.47517e-17
27.06 0.0190442 1.41059e-16
27.08 0.0247387 4.36788e-16
27.1 0.0315695 1.32868e-15
27.12 0.0395767 3.97053e-15
27.14 0.0487404 1.16562e-14
27.16 0.0589683 3.36158e-14
27.18 0.0700854 9.52378e-14
27.2 0.0818306 2.65067e-13
27.22 0.0938604 7.24735e-13
27.24 0.105762 1.94663e-12
27.26 0.117072 5.13649e-12
27.28 0.127309 1.33146e-11
27.3 0.136001 3.39055e-11
27.32 0.142727 8.48185e-11
27.34 0.147146 2.08445e-10
27.36 0.149029 5.03234e-10
27.38 0.148276 1.19352e-09
27.4 0.144928 2.78077e-09
27.42 0.139159 6.36476e-09
27.44 0.131265 1.43113e-08
27.46 0.121637 3.16121e-08
27.48 0.110729 6.85974e-08
27.5 0.0990237 1.46232e-07
27.52 0.0869951 3.06234e-07
27.54 0.0750808 6.30008e-07
27.56 0.0636565 1.27326e-06
27.58 0.0530195 2.52794e-06
27.6 0.0433818 4.93057e-06
27.62 0.0348706 9.44726e-06
27.64 0.0275353 1.77826e-05
27.66 0.0213599 3.28822e-05
27.68 0.0162775 5.97321e-05
27.7 0.0121859 0.000106594
27.72 0.00896197 0.000186869
27.74 0.00647486 0.000321827
27.76 0.00459553 0.000544485
27.78 0.00320421 0.000904957
27.8 0.00219475 0.00147758
27.82 0.00147682 0.00237001
27.84 0.000976228 0.00373449
27.86 0.000633947 0.00578083
27.88 0.000404421 0.00879081
27.9 0.000253451 0.0131325
27.92 0.000156039 0.0192727
27.94 9.4374e-05 0.0277856
27.96 5.60725e-05 0.0393527
27.98 3.27286e-05 0.0547532
28 1.87665e-05 0.0748382
28.02 1.05711e-05 0.100488
28.04 5.8497e-06 0.132553
28.06 3.18e-06 0.171767
28.08 1.69825e-06 0.218661
28.1 8.9095e-07 0.273452
28.12 4.59182e-07 0.335946
28.14 2.32485e-07 0.40545
28.16 1.15634e-07 0.480712
28.18 5.65008e-08 0.559902
28.2 2.71208e-08 0.640645
28.22 1.27888e-08 0.720116
28.24 5.9243e-09 0.795183
28.26 2.69602e-09 0.862602
28.28 1.20528e-09 0.919249
28.3 5.29338e-10 0.962355
28.32 2.28379e-10 0.989729
28.34 9.67964e-11 0.999946
28.36 4.03034e-11 0.992467
28.38 1.64855e-11 0.967687
28.4 6.62435e-12 0.9269
28.42 2.61495e-12 0.872188
28.44 1.01406e-12 0.806244
28.46 3.86313e-13 0.732154
28.48 1.44576e-13 0.653156
28.5 5.31537e-14 0.572415
28.52 1.91977e-14 0.492815
28.54 6.81152e-15 0.416809
28.56 2.37421e-15 0.346313
28.58 8.12965e-16 0.28267
28.6 2.73467e-16 0.226657
28.62 9.03683e-17 0.178541
28.64 2.93364e-17 0.138161
28.66 9.35572e-18 0.10503
28.68 2.93107e-18 0.0784371
28.7 9.02101e-19 0.057545
28.72 2.72749e-19 0.0414737
28.74 8.10121e-20 0.0293642
28.76 2.36383e-20 0.020424
28.78 6.77582e-21 0.0139555
28.8 1.90804e-21 0.00936756
28.82 5.27825e-22 0.00617714
28.84 1.43441e-22 0.00400155
28.86 3.82944e-23 0.00254653
28.88 1.00433e-23 0.00159201
28.9 2.5876e-24 0.000977744
28.92 6.54934e-25 0.000589906
28.94 1.62846e-25 0.000349639
28.96 3.97773e-26 0.00020358
28.98 9.54493e-27 0.000116448
29 2.25004e-27 6.54342e-05
29.02 5.21057e-28 3.61208e-05
29.04 1.18539e-28 1.9588e-05
29.06 2.6492e-29 1.04352e-05
29.08 5.81632e-30 5.46127e-06
29.1 1.25447e-30 2.80779e-06
29.12 2.65799e-31 1.41812e-06
29.14 5.53254e-32 7.03626e-07
29.16 1.13129e-32 3.42965e-07
29.18 2.2725e-33 1.64224e-07
29.2 4.48449e-34 7.72509e-08
29.22 8.69363e-35 3.56984e-08
29.24 1.65565e-35 1.62059e-08
29.26 3.09753e-36 7.22733e-09
29.28 5.69299e-37 3.16636e-09
29.3 1.02789e-37 1.36277e-09
29.32 1.82318e-38 5.76189e-10
29.34 3.17682e-39 2.39324e-10
29.36 5.43795e-40 9.7653e-11
29.38 9.14444e-41 3.9144e-11
29.4 1.51063e-41 1.54143e-11
29.42 2.45154e-42 5.96295e-12
29.44 3.90839e-43 2.26609e-12
29.46 6.12123e-44 8.46007e-13
29.48 9.42039e-45 3.10277e-13
29.5 1.44125e-45 1.1179e-13
29.52 3.35948e-46 3.95674e-14
29.54 8.88924e-46 1.37578e-14
29.56 5.81044e-45 4.6994e-15
29.58 3.85931e-44 1.57693e-15
29.6 2.52003e-43 5.19834e-16
29.62 1.61654e-42 1.68343e-16
29.64 1.0187e-41 5.35554e-17
29.66 6.3065e-41 1.67375e-17
29.68 3.83538e-40 5.13876e-18
29.7 2.29143e-39 1.5499e-18
29.72 1.34488e-38 4.59231e-19
29.74 7.75429e-38 1.33671e-19
29.76 4.39216e-37 3.82226e-20
29.78 2.44396e-36 1.0737e-20
29.8 1.33595e-35 2.96296e-21
29.82 7.17402e-35 8.03245e-22
29.84 3.78457e-34 2.13919e-22
29.86 1.96132e-33 5.59666e-23
29.88 9.98528e-33 1.43843e-23
29.9 4.99403e-32 3.63184e-24
29.92 2.4537e-31 9.00835e-25
29.94 1.18432e-30 2.19504e-25
29.96 5.61564e-30 5.25434e-26
29.98 2.61581e-29 1.23559e-26
30 1.197e-28 2.85436e-27
30.02 5.38096e-28 6.47773e-28
30.04 2.37632e-27 1.44416e-28
30.06 1.03093e-26 3.16292e-29
30.08 4.39373e-26 6.80518e-30
30.1 1.83957e-25 1.43837e-30
30.12 7.56621e-25 2.98662e-31
30.14 3.05717e-24 6.09214e-32
30.16 1.2135e-23 1.22078e-32
30.18 4.73195e-23 2.40318e-33
30.2 1.81267e-22 4.64742e-34
30.22 6.82146e-22 8.82914e-35
30.24 2.52183e-21 1.6478e-35
30.26 9.15865e-21 3.02112e-36
30.28 3.26759e-20 5.44141e-37
30.3 1.14526e-19 9.62797e-38
30.32 3.94327e-19 1.67354e-38
30.34 1.3338e-18 2.85771e-39
30.36 4.43203e-18 4.79378e-40
30.38 1.44675e-17 7.89983e-41
30.4 4.63944e-17 1.2789e-41
30.42 1.46156e-16 2.03393e-42
30.44 4.5232e-16 3.1777e-43
30.46 1.37516e-15 4.87718e-44
30.48 4.10717e-15 7.35368e-45
30.5 1.20506e-14 1.08923e-45
30.52 3.47341e-14 1.58494e-46
30.54 9.83516e-14 2.26562e-47
30.56 2.73581e-13 3.18156e-48
30.58 7.47602e-13 4.38906e-49
30.6 2.00694e-12 5.94816e-50
30.62 5.29268e-12 7.91904e-51
30.64 1.37119e-11 1.03572e-51
30.66 3.48978e-11 1.33073e-52
30.68 8.72526e-11 1.67965e-53
30.7 2.14308e-10 2.08269e-54
30.72 5.17102e-10 2.53695e-55
30.74 1.22573e-09 3.03583e-56
30.76 2.85424e-09 3.5688e-57
30.78 6.5293e-09 4.12141e-58
30.8 1.46731e-08 4.67572e-59
30.82 3.23934e-08 5.21112e-60
30.84 7.02539e-08 5.70548e-61
30.86 1.4968e-07 6.13668e-62
30.88 3.13282e-07 6.48415e-63
30.9 6.44149e-07 6.73058e-64
30.92 1.30112e-06 6.86326e-65
30.94 2.58183e-06 6.87524e-66
30.96 5.03287e-06 6.76589e-67
30.98 9.63794e-06 6.54095e-68
31 1.81314e-05 6.21207e-69
31.02 3.35087e-05 5.79576e-70
31.04 6.08364e-05 5.31207e-71
31.06 0.000108505 4.78296e-72
31.08 0.000190114 4.23067e-73
31.1 0.000327233 3.67621e-74
31.12 0.000553324 3.13813e-75
31.14 0.000919139 2.6316e-76
31.16 0.0014999 2.16795e-77
31.18 0.00240449 1.75451e-78
31.2 0.00378671 1.3949e-79
31.22 0.00585842 1.08946e-80
31.24 0.00890386 8.35904e-82
31.26 0.013294 6.30059e-83
31.28 0.019499 4.66536e-84
31.3 0.0280962 3.39366e-85
31.32 0.0397706 2.42511e-86
31.34 0.0553039 1.70244e-87
31.36 0.0755491 1.17407e-88
31.38 0.101387 7.95415e-90
31.4 0.133664 5.29387e-91
31.42 0.173111 3.46124e-92
31.44 0.220249 2.22315e-93
31.46 0.275285 1.40277e-94
31.48 0.338011 8.69527e-96
31.5 0.407717 5.29491e-97
31.52 0.483132 3.16747e-98
31.54 0.562408 1.86143e-99
31.56 0.643157 1.07463e-100
31.58 0.722539 6.0947e-102
31.6 0.797416 3.39565e-103
31.62 0.864546 1.85855e-104
31.64 0.92081 9.99319e-106
31.66 0.963455 5.27853e-107
31.68 0.990312 2.73906e-108
31.7 0.999981 1.39627e-109
31.72 0.991952 6.99223e-111
31.74 0.966649 3.43987e-112
31.76 0.925393 1.66244e-113
31.78 0.870287 7.8928e-115
31.8 0.804041 3.68124e-116
31.82 0.729749 1.6867e-117
31.84 0.65065 7.59205e-119
31.86 0.569903 3.35707e-120
31.88 0.490381 1.45828e-121
31.9 0.41452 6.22301e-123
31.92 0.34422 2.60879e-124
31.94 0.280806 1.07438e-125
31.96 0.225038 4.34665e-127
31.98 0.177168 1.72755e-128
32 0.137023 6.74507e-130
32.02 0.104107 2.58715e-131
32.04 0.0777044 9.74844e-133
32.06 0.0569759 3.60851e-134
32.08 0.0410408 1.3122e-135
32.1 0.0290415 4.68762e-137
32.12 0.0201884 1.64507e-138
32.14 0.0137869 5.67144e-140
32.16 0.00924925 1.9208e-141
32.18 0.00609575 6.39074e-143
32.2 0.00394664 2.08881e-144
32.22 0.00251019 6.70697e-146
32.24 0.00156843 2.11559e-147
32.26 0.000962725 6.55568e-149
32.28 0.000580523 1.99564e-150
32.3 0.000343886 5.96796e-152
32.32 0.00020012 1.75327e-153
32.34 0.000114405 5.06001e-155
32.36 6.42508e-05 1.43461e-156
32.38 3.54479e-05 3.9957e-158
32.4 1.92125e-05 1.09328e-159
32.42 1.02295e-05 2.93868e-161
32.44 5.35063e-06 7.75979e-163
32.46 2.74938e-06 2.01293e-164
32.48 1.38785e-06 5.12961e-166
32.5 6.88227e-07 1.28416e-167
32.52 3.35273e-07 3.15817e-169
32.54 1.60452e-07 7.63009e-171
32.56 7.54346e-08 1.81094e-172
32.58 3.48398e-08 4.22236e-174
32.6 1.58074e-08 9.67136e-176
32.62 7.04569e-09 2.1762e-177
32.64 3.08508e-09 4.81049e-179
32.66 1.32705e-09 1.04462e-180
32.68 5.60775e-10 2.22847e-182
32.7 2.32792e-10 4.6702e-184
32.72 9.49354e-11 9.61485e-186
32.74 3.80335e-11 1.94459e-187
32.76 1.49687e-11 3.86362e-189
32.78 5.78737e-12 7.54118e-191
32.8 2.19815e-12 1.44598e-192
32.82 8.20187e-13 2.72374e-194
32.84 3.00641e-13 5.04021e-196
32.86 1.08258e-13 9.16242e-198
32.88 3.82961e-14 1.63626e-199
32.9 1.33084e-14 2.87059e-201
32.92 4.54337e-15 4.94733e-203
32.94 1.52373e-15 8.37624e-205
32.96 5.02017e-16 1.39318e-206
32.98 1.62483e-16 2.27637e-208
33 5.16626e-17 3.65393e-210
33.02 1.6137e-17 5.76176e-212
33.04 4.95166e-18 8.92544e-214
33.06 1.49264e-18 1.35826e-215
33.08 4.4202e-19 2.03056e-217
33.1 1.2859e-19 2.98214e-219
33.12 3.67493e-20 4.30249e-221
33.14 1.03174e-20 6.09804e-223
33.16 2.8456e-21 8.49063e-225
33.18 7.71002e-22 1.16137e-226
33.2 2.05218e-22 1.56055e-228
33.22 5.36606e-23 2.05999e-230
33.24 1.3784e-23 2.67135e-232
33.26 3.47834e-24 3.40312e-234
33.28 8.62282e-25 4.25894e-236
33.3 2.09994e-25 5.23608e-238
33.32 5.02391e-26 6.32397e-240
33.34 1.18075e-26 7.5033e-242
33.36 2.72615e-27 8.74569e-244
33.38 6.18335e-28 1.00142e-245
33.4 1.37777e-28 1.12646e-247
33.42 3.01584e-29 1.24479e-249
33.44 6.48513e-30 1.35131e-251
33.46 1.36996e-30 1.44109e-253
33.48 2.84301e-31 1.50976e-255
33.5 5.79598e-32 1.55384e-257
33.52 1.16079e-32 1.57102e-259
33.54 2.28382e-33 1.5604e-261
33.56 4.41416e-34 1.52254e-263
33.58 8.38133e-35 1.45943e-265
33.6 1.56336e-35 1.37428e-267
33.62 2.86472e-36 1.27129e-269
33.64 5.15685e-37 1.15531e-271
33.66 9.11941e-38 1.0314e-273
33.68 1.58427e-38 9.04558e-276
33.7 2.70376e-39 7.79336e-278
33.72 4.53303e-40 6.59618e-280
33.74 7.46599e-41 5.48453e-282
33.76 1.208e-41 4.47987e-284
33.78 1.9201e-42 3.59476e-286
33.8 2.9982e-43 2.83371e-288
33.82 4.59913e-44 2.19441e-290
33.84 6.9306e-45 1.6694e-292
33.86 1.02599e-45 1.24762e-294
33.88 1.4921e-46 9.15978e-297
33.9 2.13173e-47 6.60641e-299
33.92 2.99187e-48 4.68085e-301
33.94 4.1251e-49 3.2581e-303
33.96 5.58734e-50 2.22783e-305
33.98 7.43455e-51 1.49651e-307
34 9.71814e-52 9.87543e-310
34.02 1.24793e-52 6.40194e-312
34.04 1.57427e-53 4.07706e-314
34.06 1.95094e-54 2.55071e-316
34.08 2.37515e-55 1.56767e-318
34.1 2.84063e-56 9.4663e-321
34.12 3.33748e-57 5.43472e-323
34.14 3.85214e-58 0
34.16 4.36782e-59 0
34.18 4.86526e-60 0
34.2 5.32387e-61 0
34.22 5.72305e-62 0
34.24 6.04375e-63 0
34.26 6.26997e-64 0
34.28 6.39003e-65 0
34.3 6.39764e-66 0
34.32 6.29239e-67 0
34.34 6.07983e-68 0
34.36 5.77093e-69 0
34.38 5.3812e-70 0
34.4 4.92938e-71 0
34.42 4.43593e-72 0
34.44 3.92153e-73 0
34.46 3.4057e-74 0
34.48 2.9056e-75 0
34.5 2.43526e-76 0
34.52 2.00509e-77 0
34.54 1.62181e-78 0
34.56 1.28869e-79 0
34.58 1.00594e-80 0
34.6 7.71398e-82 0
34.62 5.81116e-83 0
34.64 4.30057e-84 0
34.66 3.12657e-85 0
34.68 2.23301e-86 0
34.7 1.56672e-87 0
34.72 1.07987e-88 0
34.74 7.31192e-90 2.51973e-322
34.76 4.86374e-91 4.19412e-320
34.78 3.17825e-92 6.90842e-318
34.8 2.04026e-93 1.11792e-315
34.82 1.28665e-94 1.77714e-313
34.84 7.97108e-96 2.77532e-311
34.86 4.85123e-97 4.25778e-309
34.88 2.90045e-98 6.41701e-307
34.9 1.70357e-99 9.50083e-305
34.92 9.8295e-101 1.38188e-302
34.94 5.57164e-102 1.9745e-300
34.96 3.10252e-103 2.77155e-298
34.98 1.69716e-104 3.8218e-296
35 9.12038e-106 5.17717e-294
35.02 4.81484e-107 6.88964e-292
35.04 2.49706e-108 9.00698e-290
35.06 1.2722e-109 1.15676e-287
35.08 6.3674e-111 1.45943e-285
35.1 3.13074e-112 1.80885e-283
35.12 1.51221e-113 2.20244e-281
35.14 7.17556e-115 2.6344e-279
35.16 3.34486e-116 3.09557e-277
35.18 1.53172e-117 3.57337e-275
35.2 6.89068e-119 4.05224e-273
35.22 3.04525e-120 4.5143e-271
35.24 1.32209e-121 4.94044e-269
35.26 5.63873e-123 5.31154e-267
35.28 2.36254e-124 5.60988e-265
35.3 9.72426e-126 5.82058e-263
35.32 3.932e-127 5.93278e-261
35.34 1.56188e-128 5.94059e-259
35.36 6.09486e-130 5.84359e-257
35.38 2.33646e-131 5.64689e-255
35.4 8.79896e-133 5.36066e-253
35.42 3.25525e-134 4.99927e-251
35.44 1.18309e-135 4.58008e-249
35.46 4.22403e-137 4.12211e-247
35.48 1.48155e-138 3.64456e-245
35.5 5.10489e-140 3.16556e-243
35.52 1.72797e-141 2.70106e-241
35.54 5.74597e-143 2.26411e-239
35.56 1.87703e-144 1.8644e-237
35.58 6.02361e-146 1.50821e-235
35.6 1.89899e-147 1.19857e-233
35.62 5.88121e-149 9.35713e-232
35.64 1.78933e-150 7.17632e-230
35.66 5.34803e-152 5.4068e-228
35.68 1.57028e-153 4.00183e-226
35.7 4.52937e-155 2.90975e-224
35.72 1.28345e-156 2.07841e-222
35.74 3.57272e-158 1.45843e-220
35.76 9.77007e-160 1.00536e-218
35.78 2.62468e-161 6.80824e-217
35.8 6.92682e-163 4.52927e-215
35.82 1.79585e-164 2.96006e-213
35.84 4.5739e-166 1.90043e-211
35.86 1.14441e-167 1.19862e-209
35.88 2.81291e-169 7.42663e-208
35.9 6.79219e-171 4.52044e-206
35.92 1.61117e-172 2.70302e-204
35.94 3.75452e-174 1.5878e-202
35.96 8.595e-176 9.16269e-201
35.98 1.93293e-177 5.19432e-199
36 4.27038e-179 2.89277e-197
36.02 9.26819e-181 1.58263e-195
36.04 1.97607e-182 8.50593e-194
36.06 4.13895e-184 4.49101e-192
36.08 8.51642e-186 2.32941e-190
36.1 1.72148e-187 1.18694e-188
36.12 3.41844e-189 5.94138e-187
36.14 6.66856e-191 2.92164e-185
36.16 1.27795e-192 1.41139e-183
36.18 2.4059e-194 6.69798e-182
36.2 4.44958e-196 3.12263e-180
36.22 8.08426e-198 1.43014e-178
36.24 1.44291e-199 6.43447e-177
36.26 2.53e-201 2.84399e-175
36.28 4.35791e-203 1.23487e-173
36.3 7.37423e-205 5.26738e-172
36.32 1.22584e-206 2.20723e-170
36.34 2.00184e-208 9.08613e-169
36.36 3.21148e-210 3.67443e-167
36.38 5.06127e-212 1.45975e-165
36.4 7.83599e-214 5.69704e-164
36.42 1.19181e-215 2.18423e-162
36.44 1.78073e-217 8.22669e-161
36.46 2.61379e-219 3.04391e-159
36.48 3.76896e-221 1.10641e-157
36.5 5.33889e-223 3.95078e-156
36.52 7.42951e-225 1.38589e-154
36.54 1.01566e-226 4.77586e-153
36.56 1.36401e-228 1.61679e-151
36.58 1.79955e-230 5.37696e-150
36.6 2.33232e-232 1.7567e-148
36.62 2.96957e-234 5.63817e-147
36.64 3.71431e-236 1.7777e-145
36.66 4.56396e-238 5.50627e-144
36.68 5.50915e-240 1.67546e-142
36.7 6.53291e-242 5.00833e-141
36.72 7.61041e-244 1.47072e-139
36.74 8.70941e-246 4.24273e-138
36.76 9.79148e-248 1.20238e-136
36.78 1.0814e-249 3.34745e-135
36.8 1.17329e-251 9.1552e-134
36.82 1.25055e-253 2.4598e-132
36.84 1.30942e-255 6.4925e-131
36.86 1.3469e-257 1.68346e-129
36.88 1.36104e-259 4.28818e-128
36.9 1.35109e-261 1.07306e-126
36.92 1.31758e-263 2.63786e-125
36.94 1.26226e-265 6.37029e-124
36.96 1.18796e-267 1.51129e-122
36.98 1.09833e-269 3.52219e-121
37 9.97567e-272 8.06415e-120
37.02 8.90085e-274 1.81377e-118
37.04 7.80189e-276 4.00763e-117
37.06 6.71812e-278 8.69902e-116
37.08 5.68296e-280 1.85495e-114
37.1 4.7226e-282 3.88574e-113
37.12 3.85537e-284 7.99641e-112
37.14 3.09194e-286 1.61657e-110
37.16 2.43599e-288 3.21051e-109
37.18 1.88538e-290 6.26372e-108
37.2 1.43351e-292 1.20052e-106
37.22 1.07073e-294 2.26041e-105
37.24 7.85674e-297 4.18103e-104
37.26 5.66346e-299 7.59728e-103
37.28 4.01052e-301 1.35617e-101
37.3 2.78997e-303 2.37819e-100
37.32 1.90668e-305 4.09694e-99
37.34 1.28007e-307 6.93348e-98
37.36 8.44247e-310 1.15272e-96
37.38 5.46997e-312 1.88266e-95
37.4 3.4816e-314 3.02067e-94
37.42 2.17697e-316 4.76115e-93
37.44 1.33723e-318 7.37224e-92
37.46 8.06809e-321 1.12142e-90
37.48 4.94066e-323 1.67577e-89
37.5 0 2.46002e-88
37.52 0 3.54768e-87
37.54 0 5.02607e-86
37.56 0 6.99507e-85
37.58 0 9.56389e-84
37.6 0 1.28457e-82
37.62 0 1.69495e-81
37.64 0 2.19704e-80
37.66 0 2.79767e-79
37.68 0 3.49974e-78
37.7 0 4.30084e-77
37.72 0 5.19219e-76
37.74 0 6.15781e-75
37.76 0 7.17434e-74
37.78 0 8.21139e-73
37.8 0 9.23274e-72
37.82 0 1.01982e-70
37.84 0 1.10661e-69
37.86 0 1.17963e-68
37.88 0 1.23532e-67
37.9 0 1.27083e-66
37.92 0 1.28433e-65
37.94 0 1.2751e-64
37.96 0 1.24364e-63
37.98 0 1.19157e-62
38 0 1.12157e-61
38.02 0 1.03708e-60
38.04 0 9.42053e-60
38.06 0 8.40658e-59
38.08 0 7.36957e-58
38.1 0 6.34664e-57
38.12 0 5.36939e-56
38.14 0 4.46258e-55
38.16 0 3.64355e-54
38.18 0 2.92243e-53
38.2 0 2.30273e-52
38.22 0 1.78246e-51
38.24 0 1.35543e-50
38.26 0 1.01254e-49
38.28 0 7.43065e-49
38.3 0 5.35699e-48
38.32 0 3.79397e-47
38.34 0 2.63965e-46
38.36 0 1.80417e-45
38.38 0 1.2114e-44
38.4 0 7.9906e-44
38.42 0 5.17784e-43
38.44 0 3.29608e-42
38.46 0 2.06122e-41
38.48 0 1.26629e-40
38.5 0 7.6422e-40
38.52 0 4.53089e-39
38.54 0 2.63893e-38
38.56 0 1.50991e-37
38.58 0 8.48702e-37
38.6 0 4.68638e-36
38.62 0 2.54214e-35
38.64 0 1.35469e-34
38.66 0 7.09185e-34
38.68 0 3.64719e-33
38.7 0 1.84262e-32
38.72 0 9.14523e-32
38.74 0 4.45893e-31
38.76 0 2.13573e-30
38.78 0 1.00494e-29
38.8 0 4.64533e-29
38.82 0 2.10945e-28
38.84 0 9.41029e-28
38.86 0 4.12396e-27
38.88 0 1.77544e-26
38.9 0 7.5089e-26
38.92 0 3.11979e-25
38.94 0 1.27337e-24
38.96 0 5.10579e-24
38.98 0 2.01118e-23
39 0 7.78245e-23
39.02 0 2.95844e-22
39.04 0 1.10481e-21
39.06 0 4.05313e-21
39.08 0 1.46074e-20
39.1 0 5.17174e-20
39.12 0 1.79878e-19
39.14 0 6.1461e-19
39.16 0 2.063e-18
39.18 0 6.80266e-18
39.2 0 2.20362e-17
39.22 0 7.01254e-17
39.24 0 2.19226e-16
39.26 0 6.73268e-16
39.28 0 2.03125e-15
39.3 0 6.0203e-15
39.32 0 1.75288e-14
39.34 0 5.01378e-14
39.36 0 1.40883e-13
39.38 0 3.88892e-13
39.4 0 1.05458e-12
39.42 0 2.80937e-12
39.44 0 7.35221e-12
39.46 0 1.89019e-11
39.48 0 4.7739e-11
39.5 0 1.18446e-10
39.52 0 2.887e-10
39.54 0 6.91276e-10
39.56 0 1.62606e-09
39.58 0 3.7575e-09
39.6 0 8.52986e-09
39.62 0 1.90223e-08
39.64 0 4.1674e-08
39.66 1.4822e-323 8.96903e-08
39.68 2.02567e-321 1.89629e-07
39.7 3.36745e-319 3.93862e-07
39.72 5.50657e-317 8.0364e-07
39.74 8.84584e-315 1.61086e-06
39.76 1.39597e-312 3.17201e-06
39.78 2.16418e-310 6.13608e-06
39.8 3.29601e-308 1.16607e-05
39.82 4.93132e-306 2.17691e-05
39.84 7.24798e-304 3.99239e-05
39.86 1.04653e-301 7.19292e-05
39.88 1.48444e-299 0.000127308
39.9 2.0685e-297 0.000221354
39.92 2.83156e-295 0.000378092
39.94 3.80781e-293 0.000634435
39.96 5.03042e-291 0.00104582
39.98 6.5285e-289 0.00169357
40 8.3234e-287 0.0026942
40.02 1.04248e-284 0.00421052
40.04 1.28267e-282 0.0064643
40.06 1.55038e-280 0.00974958
40.08 1.84096e-278 0.0144454
40.1 2.14747e-276 0.0210258
40.12 2.46088e-274 0.0300646
40.14 2.77034e-272 0.0422315
40.16 3.06375e-270 0.0582769
40.18 3.32854e-268 0.0790017
40.2 3.5525e-266 0.10521
40.22 3.72472e-264 0.137643
40.24 3.83647e-262 0.176901
40.26 3.88194e-260 0.223351
40.28 3.85874e-258 0.277028
40.3 3.76809e-256 0.33755
40.32 3.61473e-254 0.404048
40.34 3.40652e-252 0.475123
40.36 3.15372e-250 0.548857
40.38 2.86825e-248 0.622861
40.4 2.56264e-246 0.694388
40.42 2.24926e-244 0.760488
40.44 1.93941e-242 0.818204
40.46 1.64278e-240 0.86479
40.48 1.367e-238 0.897921
40.5 1.11747e-236 0.915895
40.52 8.97393e-235 0.917766
40.54 7.07961e-233 0.903436
40.56 5.48674e-231 0.873659
40.58 4.17734e-229 0.829977
40.6 3.12438e-227 0.774585
40.62 2.29565e-225 0.710152
40.64 1.65702e-223 0.639607
40.66 1.17498e-221 0.565919
40.68 8.18486e-220 0.491897
40.7 5.60107e-218 0.420023
40.72 3.7654e-216 0.352332
40.74 2.48673e-214 0.290342
40.76 1.61334e-212 0.235042
40.78 1.02826e-210 0.186923
40.8 6.43813e-209 0.146035
40.82 3.96e-207 0.112081
40.84 2.39282e-205 0.0845056
40.86 1.42037e-203 0.062592
40.88 8.28277e-202 0.0455439
40.9 4.74491e-200 0.0325553
40.92 2.67029e-198 0.0228609
40.94 1.47628e-196 0.0157704
40.96 8.01788e-195 0.0106874
40.98 4.27788e-193 0.00711507
41 2.24221e-191 0.00465336
41.02 1.15453e-189 0.00298974
41.04 5.83997e-188 0.00188703
41.06 2.90199e-186 0.00117005
41.08 1.41665e-184 0.000712702
41.1 6.79368e-183 0.000426473
41.12 3.20058e-181 0.0002507
41.14 1.48126e-179 0.000144776
41.16 6.73462e-178 8.21329e-05
41.18 3.00797e-176 4.57738e-05
41.2 1.31982e-174 2.50609e-05
41.22 5.68897e-173 1.34789e-05
41.24 2.40898e-171 7.12186e-06
41.26 1.0021e-169 3.69667e-06
41.28 4.09513e-168 1.88498e-06
41.3 1.64401e-166 9.44239e-07
41.32 6.48364e-165 4.64662e-07
41.34 2.51197e-163 2.24632e-07
41.36 9.56066e-162 1.0668e-07
41.38 3.57471e-160 4.9771e-08
41.4 1.31303e-158 2.28112e-08
41.42 4.73789e-157 1.02707e-08
41.44 1.67948e-155 4.54285e-09
41.46 5.84851e-154 1.97396e-09
41.48 2.00076e-152 8.42609e-10
41.5 6.72393e-151 3.53341e-10
41.52 2.21989e-149 1.45559e-10
41.54 7.19975e-148 5.89069e-11
41.56 2.29395e-146 2.34192e-11
41.58 7.18007e-145 9.14652e-12
41.6 2.20777e-143 3.50929e-12
41.62 6.66894e-142 1.3227e-12
41.64 1.97897e-140 4.89761e-13
41.66 5.76901e-139 1.7815e-13
41.68 1.65212e-137 6.36599e-14
41.7 4.64797e-136 2.23473e-14
41.72 1.28458e-134 7.70664e-15
41.74 3.48772e-133 2.61086e-15
41.76 9.3025e-132 8.68921e-16
41.78 2.43746e-130 2.84091e-16
41.8 6.27413e-129 9.12457e-17
41.82 1.58653e-127 2.87904e-17
41.84 3.94116e-126 8.92404e-18
41.86 9.61786e-125 2.71741e-18
41.88 2.30575e-123 8.12882e-19
41.9 5.43031e-122 2.3888e-19
41.92 1.25637e-120 6.89621e-20
41.94 2.85553e-119 1.95578e-20
41.96 6.37584e-118 5.44891e-21
41.98 1.39851e-116 1.49135e-21
42 3.01353e-115 4.00983e-22
42.02 6.37915e-114 1.05914e-22
42.04 1.32657e-112 2.74827e-23
42.06 2.71004e-111 7.00559e-24
42.08 5.43878e-110 1.75432e-24
42.1 1.07228e-108 4.31572e-25
42.12 2.07678e-107 1.04298e-25
42.14 3.95142e-106 2.47616e-26
42.16 7.38576e-105 5.77511e-27
42.18 1.35618e-103 1.32319e-27
42.2 2.44634e-102 2.97825e-28
42.22 4.33508e-101 6.58537e-29
42.24 7.54669e-100 1.43047e-29
42.26 1.29061e-98 3.0525e-30
42.28 2.16827e-97 6.39901e-31
42.3 3.57857e-96 1.3178e-31
42.32 5.8021e-95 2.66602e-32
42.34 9.24145e-94 5.29856e-33
42.36 1.44602e-92 1.0345e-33
42.38 2.22274e-91 1.9842e-34
42.4 3.35646e-90 3.73866e-35
42.42 4.97913e-89 6.92035e-36
42.44 7.25612e-88 1.2584e-36
42.46 1.03881e-86 2.24796e-37
42.48 1.46098e-85 3.94491e-38
42.5 2.01852e-84 6.80087e-39
42.52 2.73969e-83 1.15179e-39
42.54 3.65299e-82 1.91628e-40
42.56 4.78492e-81 3.13202e-41
42.58 6.15716e-80 5.02885e-42
42.6 7.78333e-79 7.93219e-43
42.62 9.66561e-78 1.22913e-43
42.64 1.17916e-76 1.87102e-44
42.66 1.41317e-75 2.79795e-45
42.68 1.66378e-74 4.11038e-46
42.7 1.92432e-73 5.93201e-47
42.72 2.18644e-72 8.4101e-48
42.74 2.44049e-71 1.17133e-48
42.76 2.67606e-70 1.60265e-49
42.78 2.88266e-69 2.15414e-50
42.8 3.0505e-68 2.8444e-51
42.82 3.17122e-67 3.68966e-52
42.84 3.23864e-66 4.70176e-53
42.86 3.2492e-65 5.88592e-54
42.88 3.20236e-64 7.23848e-55
42.9 3.10059e-63 8.745e-56
42.92 2.94914e-62 1.03789e-56
42.94 2.75567e-61 1.2101e-57
42.96 2.52952e-60 1.38603e-58
42.98 2.28101e-59 1.55955e-59
43 2.02068e-58 1.72389e-60
43.02 1.75851e-57 1.87196e-61
43.04 1.50339e-56 1.99693e-62
43.06 1.26264e-55 2.09271e-63
43.08 1.04175e-54 2.15444e-64
43.1 8.44365e-54 2.17891e-65
43.12 6.72318e-53 2.16482e-66
43.14 5.25894e-52 2.11293e-67
43.16 4.04111e-51 2.02594e-68
43.18 3.05058e-50 1.90831e-69
43.2 2.26227e-49 1.76583e-70
43.22 1.6481e-48 1.60519e-71
43.24 1.17952e-47 1.43346e-72
43.26 8.29283e-47 1.25755e-73
43.28 5.72771e-46 1.08378e-74
43.3 3.88631e-45 9.17568e-76
43.32 2.59044e-44 7.63157e-77
43.34 1.69625e-43 6.23546e-78
43.36 1.09115e-42 5.00498e-79
43.38 6.89539e-42 3.94653e-80
43.4 4.28067e-41 3.05709e-81
43.42 2.61062e-40 2.32638e-82
43.44 1.56407e-39 1.73913e-83
43.46 9.20549e-39 1.27721e-84
43.48 5.32252e-38 9.21447e-86
43.5 3.0232e-37 6.53069e-87
43.52 1.68692e-36 4.54702e-88
43.54 9.24704e-36 3.11009e-89
43.56 4.97954e-35 2.08978e-90
43.58 2.63424e-34 1.37945e-91
43.6 1.36899e-33 8.94519e-93
43.62 6.98917e-33 5.6984e-94
43.64 3.50533e-32 3.56612e-95
43.66 1.72708e-31 2.19239e-96
43.68 8.35939e-31 1.3241e-97
43.7 3.9748e-30 7.85598e-99
43.72 1.85668e-29 4.57889e-100
43.74 8.51993e-29 2.6218e-101
43.76 3.84074e-28 1.47475e-102
43.78 1.70088e-27 8.1492e-104
43.8 7.39964e-27 4.42376e-105
43.82 3.16248e-26 2.35911e-106
43.84 1.32777e-25 1.2359e-107
43.86 5.47644e-25 6.36058e-109
43.88 2.21898e-24 3.21581e-110
43.9 8.83255e-24 1.59721e-111
43.92 3.45381e-23 7.79318e-113
43.94 1.32675e-22 3.73548e-114
43.96 5.00682e-22 1.75896e-115
43.98 1.85615e-21 8.13665e-117
44 6.75992e-21 3.69755e-118
44.02 2.41852e-20 1.65068e-119
44.04 8.50038e-20 7.23919e-121
44.06 2.93498e-19 3.11886e-122
44.08 9.95524e-19 1.32002e-123
44.1 3.31724e-18 5.48841e-125
44.12 1.08588e-17 2.24177e-126
44.14 3.49193e-17 8.99526e-128
44.16 1.10314e-16 3.54581e-129
44.18 3.42351e-16 1.37309e-130
44.2 1.04374e-15 5.22346e-132
44.22 3.12604e-15 1.95208e-133
44.24 9.19759e-15 7.16668e-135
44.26 2.65848e-14 2.58474e-136
44.28 7.54869e-14 9.15786e-138
44.3 2.10567e-13 3.1875e-139
44.32 5.77014e-13 1.0899e-140
44.34 1.55333e-12 3.66102e-142
44.36 4.10788e-12 1.20808e-143
44.38 1.06722e-11 3.91625e-145
44.4 2.72374e-11 1.24716e-146
44.42 6.82903e-11 3.90171e-148
44.44 1.68202e-10 1.19913e-149
44.46 4.06989e-10 3.62041e-151
44.48 9.67415e-10 1.07381e-152
44.5 2.25903e-09 3.12879e-154
44.52 5.18217e-09 8.9558e-156
44.54 1.16783e-08 2.51832e-157
44.56 2.5854e-08 6.95662e-159
44.58 5.62281e-08 1.88783e-160
44.6 1.20132e-07 5.03279e-162
44.62 2.52142e-07 1.31805e-163
44.64 5.19887e-07 3.39107e-165
44.66 1.05306e-06 8.57076e-167
44.68 2.09544e-06 2.12805e-168
44.7 4.09616e-06 5.19066e-170
44.72 7.86607e-06 1.24378e-171
44.74 1.48395e-05 2.9278e-173
44.76 2.75016e-05 6.7705e-175
44.78 5.00698e-05 1.53808e-176
44.8 8.95517e-05 3.43254e-178
44.82 0.000157344 7.52544e-180
44.84 0.000271586 1.62079e-181
44.86 0.000460514 3.42927e-183
44.88 0.00076711 7.12781e-185
44.9 0.00125531 1.45542e-186
44.92 0.00201802 2.91945e-188
44.94 0.00318696 5.75299e-190
44.96 0.00494434 1.11369e-191
44.98 0.00753563 2.11794e-193
45 0.0112826 3.95679e-195
45.02 0.016595 7.26192e-197
45.04 0.0239788 1.3093e-198
45.06 0.0340373 2.31903e-200
45.08 0.0474637 4.03508e-202
45.1 0.0650201 6.89727e-204
45.12 0.0875009 1.1582e-205
45.14 0.11568 1.91058e-207
45.16 0.150238 3.0962e-209
45.18 0.191683 4.92913e-211
45.2 0.240251 7.70889e-213
45.22 0.29582 1.18438e-214
45.24 0.357822 1.78761e-216
45.26 0.425194 2.65052e-218
45.28 0.496348 3.86073e-220
45.3 0.569199 5.52442e-222
45.32 0.641241 7.7658e-224
45.34 0.709673 1.11716e-225
45.36 0.771567 3.28601e-225
45.38 0.824079 2.3494e-223
45.4 0.864655 1.6575e-221
45.42 0.891243 1.14875e-219
45.44 0.902462 7.82134e-218
45.46 0.897719 5.23135e-216
45.48 0.877267 3.43737e-214
45.5 0.842174 2.2188e-212
45.52 0.794239 1.40698e-210
45.54 0.735834 8.76472e-209
45.56 0.669711 5.36373e-207
45.58 0.59879 3.22459e-205
45.6 0.525946 1.90442e-203
45.62 0.453823 1.10492e-201
45.64 0.38469 6.2976e-200
45.66 0.320343 3.52614e-198
45.68 0.262058 1.93956e-196
45.7 0.210601 1.04806e-194
45.72 0.166265 5.56353e-193
45.74 0.12895 2.9013e-191
45.76 0.0982478 1.48632e-189
45.78 0.0735363 7.48021e-188
45.8 0.0540705 3.69822e-186
45.82 0.0390569 1.79619e-184
45.84 0.027715 8.57018e-183
45.86 0.0193201 4.01705e-181
45.88 0.0132308 1.84971e-179
45.9 0.00890102 8.36717e-178
45.92 0.00588266 3.71821e-176
45.94 0.00381932 1.62318e-174
45.96 0.00243601 6.96115e-173
45.98 0.00152633 2.93274e-171
46 0.000939507 1.21379e-169
46.02 0.000568107 4.9351e-168
46.04 0.000337473 1.97118e-166
46.06 0.000196937 7.73455e-165
46.08 0.0001129 2.98142e-163
46.1 6.35829e-05 1.12899e-161
46.12 3.51776e-05 4.19989e-160
46.14 1.91193e-05 1.53484e-158
46.16 1.02083e-05 5.51022e-157
46.18 5.35449e-06 1.94336e-155
46.2 2.75906e-06 6.73313e-154
46.22 1.39663e-06 2.29171e-152
46.24 6.94518e-07 7.66271e-151
46.26 3.39284e-07 2.517e-149
46.28 1.62826e-07 8.12202e-148
46.3 7.67648e-08 2.57468e-146
46.32 3.55533e-08 8.01794e-145
46.34 1.61762e-08 2.45291e-143
46.36 7.23024e-09 7.37188e-142
46.38 3.17474e-09 2.17648e-140
46.4 1.36944e-09 6.31264e-139
46.42 5.80306e-10 1.79865e-137
46.44 2.41574e-10 5.03454e-136
46.46 9.87921e-11 1.38437e-134
46.48 3.96893e-11 3.73961e-133
46.5 1.56641e-11 9.92379e-132
46.52 6.07315e-12 2.58707e-130
46.54 2.31315e-12 6.62551e-129
46.56 8.65509e-13 1.6669e-127
46.58 3.1814e-13 4.11981e-126
46.6 1.1488e-13 1.00029e-124
46.62 4.07522e-14 2.3859e-123
46.64 1.42016e-14 5.5906e-122
46.66 4.86184e-15 1.2869e-120
46.68 1.6351e-15 2.9101e-119
46.7 5.40216e-16 6.46476e-118
46.72 1.75335e-16 1.41083e-116
46.74 5.5905e-17 3.02467e-115
46.76 1.7511e-17 6.3703e-114
46.78 5.38828e-18 1.31802e-112
46.8 1.62881e-18 2.67892e-111
46.82 4.8369e-19 5.34909e-110
46.84 1.41106e-19 1.04925e-108
46.86 4.04391e-20 2.02188e-107
46.88 1.13851e-20 3.82747e-106
46.9 3.14885e-21 7.11784e-105
46.92 8.5555e-22 1.30036e-103
46.94 2.28359e-22 2.33377e-102
46.96 5.98786e-23 4.11464e-101
46.98 1.54242e-23 7.12663e-100
47 3.90314e-24 1.2126e-98
47.02 9.70296e-25 2.02688e-97
47.04 2.36959e-25 3.32827e-96
47.06 5.68489e-26 5.36893e-95
47.08 1.33983e-26 8.50818e-94
47.1 3.10211e-27 1.32454e-92
47.12 7.05574e-28 2.02569e-91
47.14 1.57655e-28 3.0434e-90
47.16 3.46061e-29 4.49184e-89
47.18 7.46236e-30 6.51283e-88
47.2 1.58081e-30 9.2767e-87
47.22 3.28974e-31 1.29807e-85
47.24 6.72548e-32 1.78435e-84
47.26 1.35071e-32 2.40958e-83
47.28 2.66492e-33 3.19656e-82
47.3 5.16515e-34 4.16584e-81
47.32 9.83469e-35 5.33337e-80
47.34 1.83958e-35 6.70781e-79
47.36 3.3803e-36 8.28778e-78
47.38 6.10198e-37 1.00595e-76
47.4 1.0821e-37 1.19948e-75
47.42 1.88513e-38 1.40504e-74
47.44 3.22622e-39 1.61682e-73
47.46 5.42408e-40 1.82775e-72
47.48 8.95856e-41 2.02978e-71
47.5 1.45355e-41 2.21443e-70
47.52 2.31686e-42 2.3733e-69
47.54 3.62785e-43 2.49875e-68
47.56 5.58056e-44 2.58448e-67
47.58 8.43308e-45 2.62605e-66
47.6 1.25191e-45 2.62126e-65
47.62 1.82574e-46 2.57039e-64
47.64 2.61568e-47 2.47608e-63
47.66 3.68138e-48 2.34321e-62
47.68 5.08996e-49 2.17839e-61
47.7 6.91349e-50 1.98948e-60
47.72 9.22486e-51 1.78494e-59
47.74 1.20921e-51 1.57321e-58
47.76 1.55712e-52 1.36216e-57
47.78 1.9698e-53 1.15864e-56
47.8 2.44794e-54 9.68168e-56
47.82 2.98855e-55 7.94749e-55
47.84 3.58425e-56 6.40898e-54
47.86 4.22294e-57 5.07723e-53
47.88 4.88777e-58 3.95134e-52
47.9 5.55758e-59 3.02093e-51
47.92 6.20784e-60 2.26891e-50
47.94 6.81199e-61 1.67406e-49
47.96 7.34323e-62 1.2134e-48
47.98 7.77641e-63 8.6401e-48
48 8.09004e-64 6.04382e-47
48.02 8.26802e-65 4.1532e-46
48.04 8.30101e-66 2.80372e-45
48.06 8.18729e-67 1.85936e-44
48.08 7.93283e-68 1.21136e-43
48.1 7.55085e-69 7.75286e-43
48.12 7.06061e-70 4.8745e-42
48.14 6.48587e-71 3.01077e-41
48.16 5.85293e-72 1.82685e-40
48.18 5.18869e-73 1.08895e-39
48.2 4.51878e-74 6.37666e-39
48.22 3.86602e-75 3.66823e-38
48.24 3.24927e-76 2.073e-37
48.26 2.68279e-77 1.15086e-36
48.28 2.17604e-78 6.27659e-36
48.3 1.73391e-79 3.36283e-35
48.32 1.35727e-80 1.76996e-34
48.34 1.04372e-81 9.15173e-34
48.36 7.88461e-83 4.64859e-33
48.38 5.85135e-84 2.31963e-32
48.4 4.26591e-85 1.13709e-31
48.42 3.05525e-86 5.47585e-31
48.44 2.14961e-87 2.59052e-30
48.46 1.48578e-88 1.20393e-29
48.48 1.00885e-89 5.49661e-29
48.5 6.72942e-91 2.46529e-28
48.52 4.4097e-92 1.08622e-27
48.54 2.83869e-93 4.70165e-27
48.56 1.79518e-94 1.99922e-26
48.58 1.11526e-95 8.35123e-26
48.6 6.8065e-97 3.42704e-25
48.62 4.08085e-98 1.38155e-24
48.64 2.40357e-99 5.47135e-24
48.66 1.39073e-100 2.12863e-23
48.68 7.90509e-102 8.13554e-23
48.7 4.41418e-103 3.05458e-22
48.72 2.42144e-104 1.12667e-21
48.74 1.30489e-105 4.08243e-21
48.76 6.90807e-107 1.45319e-20
48.78 3.59267e-108 5.08163e-20
48.8 1.83551e-109 1.74568e-19
48.82 9.21246e-111 5.8912e-19
48.84 4.54228e-112 1.95309e-18
48.86 2.20014e-113 6.36095e-18
48.88 1.04691e-114 2.03516e-17
48.9 4.89377e-116 6.39671e-17
48.92 2.24729e-117 1.97512e-16
48.94 1.0138e-118 5.99112e-16
48.96 4.49289e-120 1.78526e-15
48.98 1.95604e-121 5.22608e-15
49 8.36586e-123 1.5029e-14
49.02 3.51497e-124 4.24582e-14
49.04 1.45081e-125 1.17835e-13
49.06 5.88276e-127 3.21265e-13
49.08 2.34331e-128 8.60465e-13
49.1 9.16976e-130 2.26403e-12
49.12 3.52505e-131 5.85208e-12
49.14 1.33122e-132 1.486e-11
49.16 4.93875e-134 3.70685e-11
49.18 1.79995e-135 9.08386e-11
49.2 6.44444e-137 2.18683e-10
49.22 2.26667e-138 5.17178e-10
49.24 7.83197e-140 1.20155e-09
49.26 2.65847e-141 2.74237e-09
49.28 8.86489e-143 6.14877e-09
49.3 2.90398e-144 1.35434e-08
49.32 9.34528e-146 2.93055e-08
49.34 2.95441e-147 6.22944e-08
49.36 9.17547e-149 1.30085e-07
49.38 2.7994e-150 2.66861e-07
49.4 8.39037e-152 5.37803e-07
49.42 2.47045e-153 1.06473e-06
49.44 7.1458e-155 2.07078e-06
49.46 2.03051e-156 3.95649e-06
49.48 5.6681e-158 7.42615e-06
49.5 1.55435e-159 1.36929e-05
49.52 4.18736e-161 2.48033e-05
49.54 1.10818e-162 4.41368e-05
49.56 2.88112e-164 7.71564e-05
49.58 7.3585e-166 0.000132502
49.6 1.84628e-167 0.000223538
49.62 4.55077e-169 0.000370476
49.64 1.10259e-170 0.00060318
49.66 5.44637e-172 0.000964748
49.68 1.17554e-170 0.00151586
49.7 4.80013e-169 0.00233984
49.72 1.92652e-167 0.00354805
49.74 7.59583e-166 0.00528535
49.76 2.94209e-164 0.00773458
49.78 1.11948e-162 0.0111193
49.8 4.18459e-161 0.0157036
49.82 1.53664e-159 0.0217872
49.84 5.5433e-158 0.0296948
49.86 1.96446e-156 0.0397594
49.88 6.83911e-155 0.0522971
49.9 2.33902e-153 0.0675764
49.92 7.85865e-152 0.0857811
49.94 2.59383e-150 0.106971
49.96 8.41033e-149 0.131046
49.98 2.67895e-147 0.157709
50 8.38292e-146 0.186453
50.02 2.57694e-144 0.216552
50.04 7.78205e-143 0.247078
50.06 2.30867e-141 0.27694
50.08 6.72837e-140 0.304941
50.1 1.92636e-138 0.329857
50.12 5.41804e-137 0.350521
50.14 1.49702e-135 0.365917
50.16 4.06342e-134 0.375257
50.18 1.08352e-132 0.378055
50.2 2.8383e-131 0.374163
50.22 7.30399e-130 0.363786
50.24 1.84647e-128 0.347464
50.26 4.58566e-127 0.326027
50.28 1.11877e-125 0.300521
50.3 2.68139e-124 0.27213
50.32 6.31332e-123 0.242079
50.34 1.46028e-121 0.211552
50.36 3.31811e-120 0.181617
50.38 7.40674e-119 0.153171
50.4 1.62421e-117 0.126903
50.42 3.49893e-116 0.103288
50.44 7.40473e-115 0.0825859
50.46 1.53944e-113 0.0648696
50.48 3.14408e-112 0.0500559
50.5 6.30818e-111 0.0379445
50.52 1.24335e-109 0.0282567
50.54 2.40748e-108 0.0206716
50.56 4.57943e-107 0.0148561
50.58 8.55736e-106 0.0104886
50.6 1.57089e-104 0.00727454
50.62 2.83291e-103 0.0049565
50.64 5.01878e-102 0.00331759
50.66 8.73459e-101 0.00218147
50.68 1.49337e-99 0.00140915
50.7 2.50824e-98 0.000894216
50.72 4.13858e-97 0.000557452
50.74 6.7083e-96 0.000341391
50.76 1.0682e-94 0.000205388
50.78 1.67099e-93 0.000121389
50.8 2.56786e-92 7.0479e-05
50.82 3.87659e-91 4.01995e-05
50.84 5.7492e-90 2.25248e-05
50.86 8.37615e-89 1.23988e-05
50.88 1.19884e-87 6.70469e-06
50.9 1.6856e-86 3.56169e-06
50.92 2.32825e-85 1.85872e-06
50.94 3.15924e-84 9.52906e-07
50.96 4.21129e-83 4.79916e-07
50.98 5.51477e-82 2.37443e-07
51 7.09445e-81 1.15408e-07
51.02 8.9658e-80 5.51045e-08
51.04 1.11311e-78 2.58476e-08
51.06 1.35759e-77 1.19105e-08
51.08 1.62658e-76 5.39165e-09
51.1 1.91453e-75 2.39768e-09
51.12 2.21375e-74 1.04747e-09
51.14 2.51463e-73 4.49541e-10
51.16 2.80607e-72 1.8953e-10
51.18 3.07612e-71 7.84989e-11
51.2 3.31273e-70 3.19396e-11
51.22 3.50468e-69 1.27666e-11
51.24 3.64242e-68 5.01302e-12
51.26 3.71887e-67 1.93376e-12
51.28 3.73002e-66 7.328e-13
51.3 3.67528e-65 2.72802e-13
51.32 3.55753e-64 9.97675e-14
51.34 3.38288e-63 3.58434e-14
51.36 3.16012e-62 1.26505e-14
51.38 2.90001e-61 4.3862e-15
51.4 2.61441e-60 1.49398e-15
51.42 2.31541e-59 4.999e-16
51.44 2.01448e-58 1.64324e-16
51.46 1.72177e-57 5.30635e-17
51.48 1.44566e-56 1.68333e-17
51.5 1.19245e-55 5.24596e-18
51.52 9.6625e-55 1.60605e-18
51.54 7.69164e-54 4.83026e-19
51.56 6.01489e-53 1.42713e-19
51.58 4.62079e-52 4.14222e-20
51.6 3.48725e-51 1.18109e-20
51.62 2.58541e-50 3.30836e-21
51.64 1.88302e-49 9.10377e-22
51.66 1.34729e-48 2.46099e-22
51.68 9.46989e-48 6.53546e-23
51.7 6.53896e-47 1.70499e-23
51.72 4.43559e-46 4.36966e-24
51.74 2.95579e-45 1.10015e-24
51.76 1.93497e-44 2.72105e-25
51.78 1.24438e-43 6.61149e-26
51.8 7.86165e-43 1.57813e-26
51.82 4.87924e-42 3.70052e-27
51.84 2.97489e-41 8.5244e-28
51.86 1.78183e-40 1.92905e-28
51.88 1.04844e-39 4.28848e-29
51.9 6.06037e-39 9.36572e-30
51.92 3.44139e-38 2.00936e-30
51.94 1.91976e-37 4.23502e-31
51.96 1.05206e-36 8.76863e-32
51.98 5.66387e-36 1.78356e-32
52 2.99547e-35 3.56386e-33
52.02 1.55631e-34 6.99576e-34
52.04 7.94338e-34 1.34905e-34
52.06 3.98286e-33 2.55564e-35
52.08 1.96184e-32 4.7561e-36
52.1 9.49316e-32 8.69523e-37
52.12 4.51271e-31 1.56167e-37
52.14 2.10738e-30 2.75537e-38
52.16 9.66783e-30 4.77581e-39
52.18 4.35706e-29 8.13195e-40
52.2 1.92902e-28 1.36026e-40
52.22 8.38996e-28 2.23525e-41
52.24 3.58477e-27 3.60838e-42
52.26 1.50468e-26 5.72237e-43
52.28 6.20445e-26 8.91495e-44
52.3 2.51329e-25 1.3644e-44
52.32 1.00014e-24 2.05137e-45
52.34 3.90985e-24 3.02987e-46
52.36 1.50154e-23 4.39627e-47
52.38 5.66492e-23 6.26648e-48
52.4 2.09957e-22 8.7749e-49
52.42 7.64442e-22 1.20709e-49
52.44 2.73425e-21 1.63124e-50
52.46 9.60754e-21 2.16557e-51
52.48 3.31638e-20 2.82429e-52
52.5 1.1246e-19 3.61845e-53
52.52 3.74634e-19 4.55425e-54
52.54 1.22602e-18 5.63106e-55
52.56 3.94155e-18 6.83978e-56
52.58 1.24485e-17 8.16157e-57
52.6 3.86228e-17 9.56719e-58
52.62 1.1772e-16 1.10173e-58
52.64 3.52482e-16 1.24636e-59
52.66 1.03682e-15 1.38513e-60
52.68 2.99604e-15 1.51223e-61
52.7 8.50493e-15 1.62191e-62
52.72 2.37178e-14 1.70888e-63
52.74 6.49765e-14 1.76879e-64
52.76 1.74871e-13 1.79854e-65
52.78 4.62337e-13 1.79657e-66
52.8 1.20082e-12 1.76298e-67
52.82 3.06392e-12 1.69953e-68
52.84 7.67991e-12 1.6095e-69
52.86 1.8911e-11 1.49738e-70
52.88 4.57457e-11 1.36852e-71
52.9 1.08709e-10 1.22871e-72
52.92 2.53782e-10 1.08374e-73
52.94 5.82017e-10 9.3904e-75
52.96 1.31126e-09 7.9932e-76
52.98 2.90217e-09 6.684e-77
53 6.31007e-09 5.49074e-78
53.02 1.3478e-08 4.43103e-79
53.04 2.82811e-08 3.51284e-80
53.06 5.82969e-08 2.73584e-81
53.08 1.18052e-07 2.09316e-82
53.1 2.34846e-07 1.57323e-83
53.12 4.58955e-07 1.16162e-84
53.14 8.81122e-07 8.42583e-86
53.16 1.66181e-06 6.00401e-87
53.18 3.07898e-06 4.2029e-88
53.2 5.60416e-06 2.89025e-89
53.22 1.00206e-05 1.95255e-90
53.24 1.76018e-05 1.29583e-91
53.26 3.03737e-05 8.44835e-93
53.28 5.14896e-05 5.41097e-94
53.3 8.57471e-05 3.40454e-95
53.32 0.000140281 2.10436e-96
53.34 0.000225454 1.2778e-97
53.36 0.000355955 7.62224e-99
53.38 0.000552093 4.46666e-100
53.4 0.000841218 2.57135e-101
53.42 0.00125917 1.45419e-102
53.44 0.00185156 8.07899e-104
53.46 0.00267468 4.40934e-105
53.48 0.00379564 2.36412e-106
53.5 0.00529148 1.24522e-107
53.52 0.00724684 6.44316e-109
53.54 0.00974989 3.27516e-110
53.56 0.0128863 1.63548e-111
53.58 0.0167316 8.023e-113
53.6 0.0213416 3.86641e-114
53.62 0.026742 1.83045e-115
53.64 0.0329186 8.5131e-117
53.66 0.0398077 3.88953e-118
53.68 0.0472903 1.74576e-119
53.7 0.0551895 7.69754e-121
53.72 0.0632732 3.33425e-122
53.74 0.0712628 1.41881e-123
53.76 0.0788469 5.93101e-125
53.78 0.085701 2.43564e-126
53.8 0.0915095 9.82597e-128
53.82 0.09599 3.8942e-129
53.84 0.0989156 1.51614e-130
53.86 0.100134 5.79883e-132
53.88 0.0995818 2.17882e-133
53.9 0.0972873 8.04229e-135
53.92 0.093371 2.91621e-136
53.94 0.0880333 1.03881e-137
53.96 0.0815381 3.63524e-139
53.98 0.0741915 1.24971e-140
54 0.0663173 4.2205e-142
54.02 0.0582342 1.40023e-143
54.04 0.0502353 4.56365e-145
54.06 0.0425715 1.46118e-146
54.08 0.0354412 4.59597e-148
54.1 0.0289852 1.42013e-149
54.12 0.0232876 4.31081e-151
54.14 0.0183803 1.28549e-152
54.16 0.0142514 3.76581e-154
54.18 0.0108553 1.08374e-155
54.2 0.00812284 3.06389e-157
54.22 0.00597106 8.50942e-159
54.24 0.00431196 2.3217e-160
54.26 0.00305898 6.22287e-162
54.28 0.00213186 1.63853e-163
54.3 0.00145955 4.23837e-165
54.32 0.000981654 1.07701e-166
54.34 0.000648601 2.68858e-168
54.36 0.000420994 6.59332e-170
54.38 0.000268444 1.58848e-171
54.4 0.000168155 4.04322e-173
54.42 0.000103477 1.2196e-172
54.44 6.25548e-05 5.07254e-171
54.46 3.71497e-05 2.08753e-169
54.48 2.16735e-05 8.4396e-168
54.5 1.24217e-05 3.35189e-166
54.52 6.9938e-06 1.30779e-164
54.54 3.86834e-06 5.0126e-163
54.56 2.10191e-06 1.88742e-161
54.58 1.12198e-06 6.98156e-160
54.6 5.88346e-07 2.53698e-158
54.62 3.03083e-07 9.05648e-157
54.64 1.5338e-07 3.17601e-155
54.66 7.62526e-08 1.09417e-153
54.68 3.72409e-08 3.70309e-152
54.7 1.78675e-08 1.23119e-150
54.72 8.42149e-09 4.02127e-149
54.74 3.89935e-09 1.29027e-147
54.76 1.77368e-09 4.06704e-146
54.78 7.92567e-10 1.25938e-144
54.8 3.47918e-10 3.83099e-143
54.82 1.50037e-10 1.14484e-141
54.84 6.35618e-11 3.36094e-140
54.86 2.6453e-11 9.69292e-139
54.88 1.08151e-11 2.74617e-137
54.9 4.3438e-12 7.64327e-136
54.92 1.7139e-12 2.08983e-134
54.94 6.64325e-13 5.61333e-133
54.96 2.52962e-13 1.48119e-131
54.98 9.46257e-14 3.83954e-130
55 3.4773e-14 9.77748e-129
55.02 1.25532e-14 2.44599e-127
55.04 4.45191e-15 6.01119e-126
55.06 1.55104e-15 1.45126e-124
55.08 5.30938e-16 3.442e-123
55.1 1.78808e-16 8.01965e-122
55.12 6.00425e-17 1.8356e-120
55.14 2.27082e-17 4.12744e-119
55.16 1.76442e-17 9.11723e-118
55.18 3.85027e-17 1.97844e-116
55.2 1.14514e-16 4.21758e-115
55.22 3.48617e-16 8.83249e-114
55.24 1.04696e-15 1.81711e-112
55.26 3.0901e-15 3.67248e-111
55.28 8.96006e-15 7.29149e-110
55.3 2.55229e-14 1.42217e-108
55.32 7.14215e-14 2.72501e-107
55.34 1.96339e-13 5.12935e-106
55.36 5.3023e-13 9.48497e-105
55.38 1.4067e-12 1.72302e-103
55.4 3.6662e-12 3.07483e-102
55.42 9.38665e-12 5.39055e-101
55.44 2.36094e-11 9.28375e-100
55.46 5.83361e-11 1.5707e-98
55.48 1.41602e-10 2.61061e-97
55.5 3.37662e-10 4.26256e-96
55.52 7.90993e-10 6.83719e-95
55.54 1.8203e-09 1.07737e-93
55.56 4.11521e-09 1.66775e-92
55.58 9.13945e-09 2.53615e-91
55.6 1.99401e-08 3.78878e-90
55.62 4.2738e-08 5.56037e-89
55.64 8.99872e-08 8.01652e-88
55.66 1.86134e-07 1.1354e-86
55.68 3.78225e-07 1.57975e-85
55.7 7.55013e-07 2.15928e-84
55.72 1.4806e-06 2.89941e-83
55.74 2.85233e-06 3.82461e-82
55.76 5.39809e-06 4.95616e-81
55.78 1.0036e-05 6.30932e-80
55.8 1.83299e-05 7.8904e-79
55.82 3.28882e-05 9.69382e-78
55.84 5.79693e-05 1.16996e-76
55.86 0.000100377 1.38715e-75
55.88 0.000170747 1.61569e-74
55.9 0.00028533 1.84871e-73
55.92 0.000468406 2.07807e-72
55.94 0.0007554 2.29473e-71
55.96 0.00119677 2.48933e-70
55.98 0.00186261 2.65284e-69
56 0.00284783 2.77728e-68
56.02 0.00427746 2.85632e-67
56.04 0.00631155 2.88585e-66
56.06 0.00914883 2.86431e-65
56.08 0.0130279 2.79284e-64
56.1 0.0182248 2.67516e-63
56.12 0.0250455 2.51729e-62
56.14 0.0338123 2.327e-61
56.16 0.0448436 2.11319e-60
56.18 0.0584259 1.88521e-59
56.2 0.0747807 1.65219e-58
56.22 0.094027 1.42246e-57
56.24 0.116143 1.20309e-56
56.26 0.140934 9.99627e-56
56.28 0.168003 8.15934e-55
56.3 0.196742 6.54262e-54
56.32 0.226337 5.1538e-53
56.34 0.255797 3.98825e-52
56.36 0.283996 3.03191e-51
56.38 0.309748 2.26428e-50
56.4 0.331883 1.6612e-49
56.42 0.349334 1.19728e-48
56.44 0.361222 8.47707e-48
56.46 0.366934 5.89625e-47
56.48 0.366169 4.02889e-46
56.5 0.358966 2.70442e-45
56.52 0.345704 1.78337e-44
56.54 0.327066 1.15529e-43
56.56 0.30398 7.35217e-43
56.58 0.277545 4.59644e-42
56.6 0.248944 2.82297e-41
56.62 0.219356 1.70322e-40
56.64 0.189878 1.00952e-39
56.66 0.161466 5.87808e-39
56.68 0.134886 3.36231e-38
56.7 0.110696 1.88937e-37
56.72 0.0892429 1.04298e-36
56.74 0.07068 5.6561e-36
56.76 0.0549918 3.01325e-35
56.78 0.0420319 1.57701e-34
56.8 0.0315602 8.10793e-34
56.82 0.0232798 4.09512e-33
56.84 0.0168693 2.0319e-32
56.86 0.0120087 9.90412e-32
56.88 0.00839793 4.74252e-31
56.9 0.00576937 2.23091e-30
56.92 0.00389371 1.03094e-29
56.94 0.00258154 4.68022e-29
56.96 0.00168141 2.08726e-28
56.98 0.00107583 9.14463e-28
57 0.000676235 3.93582e-27
57.02 0.00041757 1.66411e-26
57.04 0.000253303 6.91211e-26
57.06 0.000150949 2.82044e-25
57.08 8.83688e-05 1.13058e-24
57.1 5.08215e-05 4.45213e-24
57.12 2.87128e-05 1.72231e-23
57.14 1.59361e-05 6.54539e-23
57.16 8.68896e-06 2.44364e-22
57.18 4.65407e-06 8.96231e-22
57.2 2.44893e-06 3.2291e-21
57.22 1.2659e-06 1.14293e-20
57.24 6.42841e-07 3.97412e-20
57.26 3.2069e-07 1.3575e-19
57.28 1.57162e-07 4.5553e-19
57.3 7.56636e-08 1.50167e-18
57.32 3.57855e-08 4.86307e-18
57.34 1.66267e-08 1.54713e-17
57.36 7.58899e-09 4.83527e-17
57.38 3.40284e-09 1.48455e-16
57.4 1.49892e-09 4.47762e-16
57.42 6.48624e-10 1.32672e-15
57.44 2.75733e-10 3.86182e-15
57.46 1.1515e-10 1.10429e-14
57.48 4.72406e-11 3.10207e-14
57.5 1.90392e-11 8.56054e-14
57.52 7.53806e-12 2.32076e-13
57.54 2.93191e-12 6.1807e-13
57.56 1.12026e-12 1.61705e-12
57.58 4.20504e-13 4.15614e-12
57.6 1.5506e-13 1.04939e-11
57.62 5.61703e-14 2.60291e-11
57.64 1.99891e-14 6.34254e-11
57.66 6.98811e-15 1.51826e-10
57.68 2.39997e-15 3.57033e-10
57.7 8.0971e-16 8.24802e-10
57.72 2.6837e-16 1.87185e-09
57.74 8.73809e-17 4.1732e-09
57.76 2.79498e-17 9.14005e-09
57.78 8.78254e-18 1.96656e-08
57.8 2.71107e-18 4.15666e-08
57.82 8.2213e-19 8.63099e-08
57.84 2.44917e-19 1.76058e-07
57.86 7.16767e-20 3.52802e-07
57.88 2.0607e-20 6.94521e-07
57.9 5.82012e-21 1.34313e-06
57.92 1.61484e-21 2.55171e-06
57.94 4.40153e-22 4.76237e-06
57.96 1.17858e-22 8.7316e-06
57.98 3.10021e-23 1.57269e-05
58 8.01132e-24 2.78275e-05
58.02 2.03374e-24 4.83707e-05
58.04 5.07186e-25 8.25981e-05
58.06 1.24256e-25 0.00013856
58.08 2.99052e-26 0.000228341
58.1 7.07059e-27 0.000369665
58.12 1.64227e-27 0.000587913
58.14 3.74724e-28 0.000918538
58.16 8.39958e-29 0.00140981
58.18 1.84962e-29 0.0021257
58.2 4.00118e-30 0.00314865
58.22 8.503e-31 0.00458168
58.24 1.77515e-31 0.00654945
58.26 3.64064e-32 0.00919737
58.28 7.33499e-33 0.0126883
58.3 1.45178e-33 0.0171957
58.32 2.8228e-34 0.0228937
58.34 5.39187e-35 0.0299428
58.36 1.01176e-35 0.0384722
58.38 1.86507e-36 0.0485604
58.4 3.37748e-37 0.0602137
58.42 6.00854e-38 0.073348
58.44 1.05008e-38 0.0877728
58.46 1.80285e-39 0.103184
58.48 3.04069e-40 0.119163
58.5 5.03809e-41 0.135192
58.52 8.20045e-42 0.150675
58.54 1.31126e-42 0.164971
58.56 2.05978e-43 0.177442
58.58 3.17855e-44 0.187492
58.6 4.81858e-45 0.19462
58.62 7.17607e-46 0.19846
58.64 1.04987e-46 0.198809
58.66 1.5089e-47 0.19565
58.68 2.13043e-48 0.189148
58.7 2.95496e-49 0.17964
58.72 4.02639e-50 0.167604
58.74 5.38964e-51 0.153619
58.76 7.08733e-52 0.13832
58.78 9.15555e-53 0.12235
58.8 1.16189e-53 0.106317
58.82 1.44852e-54 0.0907565
58.84 1.77405e-55 0.0761087
58.86 2.13444e-56 0.0627003
58.88 2.52279e-57 0.0507439
58.9 2.92927e-58 0.0403439
58.92 3.3413e-59 0.0315102
58.94 3.74413e-60 0.024177
58.96 4.1216e-61 0.0182236
58.98 4.45718e-62 0.0134941
59 4.73514e-63 0.00981601
59.02 4.9418e-64 0.00701462
59.04 5.06661e-65 0.00492439
59.06 5.10303e-66 0.0033961
59.08 5.04915e-67 0.00230084
59.1 4.9078e-68 0.00153134
59.12 4.68636e-69 0.00100124
59.14 4.39606e-70 0.000643105
59.16 4.05107e-71 0.000405794
59.18 3.66738e-72 0.000251541
59.2 3.26153e-73 0.000153176
59.22 2.84948e-74 9.16329e-05
59.24 2.44563e-75 5.38507e-05
59.26 2.06202e-76 3.10893e-05
59.28 1.70795e-77 1.76323e-05
59.3 1.38975e-78 9.82399e-06
59.32 1.1109e-79 5.37706e-06
59.34 8.72362e-81 2.89122e-06
59.36 6.7297e-82 1.5272e-06
59.38 5.10004e-83 7.92487e-07
59.4 3.79692e-84 4.03986e-07
59.42 2.77695e-85 2.02311e-07
59.44 1.99519e-86 9.95295e-08
59.46 1.40825e-87 4.8102e-08
59.48 9.76456e-89 2.28378e-08
59.5 6.6513e-90 1.06518e-08
59.52 4.45081e-91 4.88061e-09
59.54 2.92584e-92 2.19686e-09
59.56 1.88948e-93 9.71427e-10
59.58 1.1987e-94 4.21985e-10
59.6 7.47071e-96 1.80079e-10
59.62 4.57394e-97 7.54933e-11
59.64 2.75105e-98 3.10909e-11
59.66 1.62549e-99 1.25787e-11
59.68 9.43521e-101 4.99942e-12
59.7 5.38018e-102 1.95201e-12
59.72 3.01385e-103 7.48727e-13
59.74 1.65854e-104 2.82126e-13
59.76 8.96621e-106 1.04434e-13
59.78 4.7618e-107 3.79772e-14
59.8 2.48435e-108 1.35669e-14
59.82 1.27331e-109 4.76122e-15
59.84 6.41112e-111 1.64148e-15
59.86 3.17112e-112 5.55944e-16
59.88 1.54089e-113 1.84972e-16
59.9 7.35545e-115 6.04589e-17
59.92 3.44926e-116 1.9413e-17
59.94 1.58899e-117 6.12359e-18
59.96 7.19113e-119 1.89757e-18
59.98 3.19707e-120 5.77656e-19
60 1.39632e-121 1.72751e-19
60.02 5.99098e-123 5.07515e-20
60.04 2.52517e-124 1.46473e-20
60.06 1.04559e-125 4.15285e-21
60.08 4.25316e-127 1.15668e-21
60.1 1.69958e-128 3.1649e-22
60.12 6.67192e-130 8.50717e-23
60.14 2.57299e-131 2.24641e-23
60.16 9.74779e-133 5.82738e-24
60.18 3.62788e-134 1.48504e-24
60.2 1.32641e-135 3.71774e-25
60.22 4.76413e-137 9.14326e-26
60.24 1.681e-138 2.20903e-26
60.26 5.82681e-140 5.24302e-27
60.28 1.98415e-141 1.22248e-27
60.3 6.63736e-143 2.80014e-28
60.32 2.1812e-144 6.30082e-29
60.34 7.04169e-146 1.39282e-29
60.36 2.23324e-147 3.02461e-30
60.38 6.95784e-149 6.45246e-31
60.4 2.12957e-150 1.35226e-31
60.42 6.40309e-152 2.78403e-32
60.44 1.89132e-153 5.63075e-33
60.46 5.48809e-155 1.11876e-33
60.48 1.56443e-156 2.18368e-34
60.5 4.38097e-158 4.18717e-35
60.52 1.20521e-159 7.88733e-36
60.54 3.25713e-161 1.45955e-36
60.56 8.64743e-163 2.65331e-37
60.58 2.25537e-164 4.73843e-38
60.6 5.77867e-166 8.31307e-39
60.62 1.45451e-167 1.43274e-39
60.64 3.59654e-169 2.42578e-40
60.66 8.7364e-171 4.03475e-41
60.68 2.08478e-172 6.59265e-42
60.7 4.88726e-174 1.05824e-42
60.72 1.12551e-175 1.66872e-43
60.74 2.54633e-177 2.58503e-44
60.76 5.65925e-179 3.93392e-45
60.78 1.23561e-180 5.88119e-46
60.8 2.65023e-182 8.63742e-47
60.82 5.58425e-184 1.24618e-47
60.84 1.15591e-185 1.76628e-48
60.86 2.35053e-187 2.45932e-49
60.88 4.69552e-189 3.36396e-50
60.9 9.21472e-191 4.52028e-51
60.92 1.77648e-192 5.96705e-52
60.94 3.36446e-194 7.73807e-53
60.96 6.25967e-196 9.85791e-54
60.98 1.14411e-197 1.23372e-54
61 2.05428e-199 1.5168e-55
61.02 3.62355e-201 1.83197e-56
61.04 6.27894e-203 2.17363e-57
61.06 1.06885e-204 2.53358e-58
61.08 1.78743e-206 2.9011e-59
61.1 2.93643e-208 3.26339e-60
61.12 4.73902e-210 3.60625e-61
61.14 7.51341e-212 3.9149e-62
61.16 1.17021e-213 4.17508e-63
61.18 1.79049e-215 4.3741e-64
61.2 2.69128e-217 4.50185e-65
61.22 3.97396e-219 4.5517e-66
61.24 5.76459e-221 4.521e-67
61.26 8.21471e-223 4.41139e-68
61.28 1.14999e-224 4.22858e-69
61.3 1.58153e-226 3.98193e-70
61.32 2.13671e-228 3.6836e-71
61.34 3.06622e-230 3.34757e-72
61.36 1.75301e-229 2.98859e-73
61.38 1.30478e-227 2.62109e-74
61.4 9.56057e-226 2.25827e-75
61.42 6.88194e-224 1.9114e-76
61.44 4.8665e-222 1.58929e-77
61.46 3.38067e-220 1.29819e-78
61.48 2.30711e-218 1.04171e-79
61.5 1.54672e-216 8.21182e-81
61.52 1.01867e-214 6.35931e-82
61.54 6.59079e-213 4.83793e-83
61.56 4.18908e-211 3.61566e-84
61.58 2.61565e-209 2.65458e-85
61.6 1.60443e-207 1.91462e-86
61.62 9.66806e-206 1.35659e-87
61.64 5.72318e-204 9.44266e-89
61.66 3.32825e-202 6.45683e-90
61.68 1.9014e-200 4.33734e-91
61.7 1.06711e-198 2.86224e-92
61.72 5.88334e-197 1.85553e-93
61.74 3.18653e-195 1.18171e-94
61.76 1.69548e-193 7.39317e-96
61.78 8.86227e-192 4.54392e-97
61.8 4.55069e-190 2.74353e-98
61.82 2.29556e-188 1.6273e-99
61.84 1.13757e-186 9.48213e-101
61.86 5.53795e-185 5.42778e-102
61.88 2.64849e-183 3.05224e-103
61.9 1.2443e-181 1.68614e-104
61.92 5.74293e-180 9.15057e-106
61.94 2.60388e-178 4.87845e-107
61.96 1.15981e-176 2.55502e-108
61.98 5.07494e-175 1.31458e-109
62 2.1815e-173 6.64443e-111
62.02 9.21211e-172 3.2992e-112
62.04 3.82157e-170 1.6093e-113
62.06 1.55741e-168 7.71164e-115
62.08 6.23512e-167 3.63024e-116
62.1 2.45225e-165 1.67881e-117
62.12 9.47468e-164 7.62691e-119
62.14 3.59619e-162 3.40388e-120
62.16 1.34091e-160 1.49238e-121
62.18 4.91177e-159 6.42781e-123
62.2 1.76748e-157 2.71974e-124
62.22 6.24813e-156 1.1305e-125
62.24 2.16983e-154 4.61627e-127
62.26 7.40251e-153 1.85179e-128
62.28 2.48092e-151 7.29747e-130
62.3 8.16817e-150 2.82508e-131
62.32 2.6419e-148 1.07441e-132
62.34 8.39435e-147 4.0141e-134
62.36 2.62022e-145 1.47328e-135
62.38 8.03464e-144 5.31204e-137
62.4 2.42033e-142 1.88155e-138
62.42 7.16246e-141 6.54713e-140
62.44 2.08223e-139 2.23803e-141
62.46 5.94669e-138 7.51551e-143
62.48 1.6684e-136 2.48026e-144
62.5 4.59838e-135 1.10637e-145
62.52 1.24506e-133 9.47271e-145
62.54 3.31171e-132 2.89476e-143
62.56 8.65354e-131 8.71368e-142
62.58 2.22134e-129 2.57675e-140
62.6 5.60165e-128 7.48549e-139
62.62 1.3877e-126 2.13623e-137
62.64 3.37718e-125 5.98902e-136
62.66 8.07407e-124 1.64946e-134
62.68 1.89631e-122 4.46281e-133
62.7 4.37529e-121 1.18619e-131
62.72 9.91705e-120 3.09726e-130
62.74 2.20819e-118 7.94476e-129
62.76 4.83027e-117 2.002e-127
62.78 1.03797e-115 4.95593e-126
62.8 2.19118e-114 1.20522e-124
62.82 4.54412e-113 2.8793e-123
62.84 9.25764e-112 6.75749e-122
62.86 1.85281e-110 1.55799e-120
62.88 3.64284e-109 3.52876e-119
62.9 7.03605e-108 7.85162e-118
62.92 1.33505e-106 1.71623e-116
62.94 2.48854e-105 3.68528e-115
62.96 4.55691e-104 7.77402e-114
62.98 8.19739e-103 1.61101e-112
63 1.44864e-101 3.27969e-111
63.02 2.51492e-100 6.55911e-110
63.04 4.28911e-99 1.28865e-108
63.06 7.18604e-98 2.48718e-107
63.08 1.18275e-96 4.71582e-106
63.1 1.91237e-95 8.78387e-105
63.12 3.03761e-94 1.60729e-103
63.14 4.73992e-93 2.88923e-102
63.16 7.26591e-92 5.1021e-101
63.18 1.09418e-90 8.85105e-100
63.2 1.61869e-89 1.50841e-98
63.22 2.35245e-88 2.52537e-97
63.24 3.35858e-87 4.15344e-96
63.26 4.71053e-86 6.71075e-95
63.28 6.49028e-85 1.06515e-93
63.3 8.78489e-84 1.66086e-92
63.32 1.16812e-82 2.5441e-91
63.34 1.52588e-81 3.82837e-90
63.36 1.95808e-80 5.65943e-89
63.38 2.46843e-79 8.21885e-88
63.4 3.05695e-78 1.17254e-86
63.42 3.71909e-77 1.64333e-85
63.44 4.44492e-76 2.26256e-84
63.46 5.2188e-75 3.06024e-83
63.48 6.01945e-74 4.06621e-82
63.5 6.82058e-73 5.30766e-81
63.52 7.59217e-72 6.80605e-80
63.54 8.30212e-71 8.57368e-79
63.56 8.9185e-70 1.06101e-77
63.58 9.41182e-69 1.28988e-76
63.6 9.75741e-68 1.54049e-75
63.62 9.93744e-67 1.80737e-74
63.64 9.94247e-66 2.08312e-73
63.66 9.77221e-65 2.35864e-72
63.68 9.43562e-64 2.62354e-71
63.7 8.9501e-63 2.86677e-70
63.72 8.33996e-62 3.07735e-69
63.74 7.63448e-61 3.2452e-68
63.76 6.86553e-60 3.36189e-67
63.78 6.06524e-59 3.42142e-66
63.8 5.26382e-58 3.42064e-65
63.82 4.4878e-57 3.35961e-64
63.84 3.75876e-56 3.24152e-63
63.86 3.09268e-55 3.07247e-62
63.88 2.4998e-54 2.86092e-61
63.9 1.98497e-53 2.617e-60
63.92 1.5484e-52 2.35169e-59
63.94 1.18656e-51 2.07604e-58
63.96 8.93259e-51 1.80041e-57
63.98 6.60607e-50 1.53386e-56
64 4.79942e-49 1.28375e-55
64.02 3.42541e-48 1.05548e-54
64.04 2.40169e-47 8.52518e-54
64.06 1.65424e-46 6.76449e-53
64.08 1.11934e-45 5.27285e-52
64.1 7.44051e-45 4.03771e-51
64.12 4.85873e-44 3.03741e-50
64.14 3.1169e-43 2.24467e-49
64.16 1.96427e-42 1.62959e-48
64.18 1.21607e-41 1.16221e-47
64.2 7.396e-41 8.14275e-47
64.22 4.41889e-40 5.60449e-46
64.24 2.59364e-39 3.78948e-45
64.26 1.49549e-38 2.51712e-44
64.28 8.47107e-38 1.6425e-43
64.3 4.7138e-37 1.0529e-42
64.32 2.57682e-36 6.63053e-42
64.34 1.38381e-35 4.10193e-41
64.36 7.3004e-35 2.49292e-40
64.38 3.78353e-34 1.48835e-39
64.4 1.92631e-33 8.72939e-39
64.42 9.63462e-33 5.02969e-38
64.44 4.73394e-32 2.84693e-37
64.46 2.28502e-31 1.58304e-36
64.48 1.08352e-30 8.64743e-36
64.5 5.04732e-30 4.64046e-35
64.52 2.30975e-29 2.44632e-34
64.54 1.03836e-28 1.26691e-33
64.56 4.58577e-28 6.44551e-33
64.58 1.98955e-27 3.22142e-32
64.6 8.47962e-27 1.58168e-31
64.62 3.5504e-26 7.62899e-31
64.64 1.46035e-25 3.61489e-30
64.66 5.90087e-25 1.68268e-29
64.68 2.34236e-24 7.69466e-29
64.7 9.13423e-24 3.45665e-28
64.72 3.4992e-23 1.52546e-27
64.74 1.31687e-22 6.61339e-27
64.76 4.86855e-22 2.81662e-26
64.78 1.76821e-21 1.17845e-25
64.8 6.30881e-21 4.84365e-25
64.82 2.21126e-20 1.95575e-24
64.84 7.61399e-20 7.75772e-24
64.86 2.57551e-19 3.02297e-23
64.88 8.55842e-19 1.15721e-22
64.9 2.79385e-18 4.35181e-22
64.92 8.95967e-18 1.60771e-21
64.94 2.82267e-17 5.83477e-21
64.96 8.73589e-17 2.08027e-20
64.98 2.65604e-16 7.28609e-20
65 7.93304e-16 2.50697e-19
65.02 2.32769e-15 8.47386e-19
65.04 6.70947e-15 2.8138e-18
65.06 1.8999e-14 9.17879e-18
65.08 5.28511e-14 2.94142e-17
65.1 1.44429e-13 9.2599e-17
65.12 3.87737e-13 2.86375e-16
65.14 1.02258e-12 8.7005e-16
65.16 2.64933e-12 2.59676e-15
65.18 6.74302e-12 7.61375e-15
65.2 1.68598e-11 2.19303e-14
65.22 4.14123e-11 6.20541e-14
65.24 9.99276e-11 1.72494e-13
65.26 2.36876e-10 4.71041e-13
65.28 5.51614e-10 1.26363e-12
65.3 1.26191e-09 3.33015e-12
65.32 2.83597e-09 8.62154e-12
65.34 6.26116e-09 2.19273e-11
65.36 1.35796e-08 5.47855e-11
65.38 2.89332e-08 1.3447e-10
65.4 6.05601e-08 3.24237e-10
65.42 1.24525e-07 7.68033e-10
65.44 2.51538e-07 1.78721e-09
65.46 4.9915e-07 4.08557e-09
65.48 9.73056e-07 9.17503e-09
65.5 1.86348e-06 2.02415e-08
65.52 3.50581e-06 4.38687e-08
65.54 6.47937e-06 9.34002e-08
65.56 1.1764e-05 1.95353e-07
65.58 2.09826e-05 4.01394e-07
65.6 3.67656e-05 8.10216e-07
65.62 6.32852e-05 1.60661e-06
65.64 0.000107014 3.12967e-06
65.66 0.000177772 5.98918e-06
65.68 0.000290109 1.12594e-05
65.7 0.000465092 2.07941e-05
65.72 0.000732481 3.77265e-05
65.74 0.00113327 6.72405e-05
65.76 0.00172246 0.000117732
65.78 0.00257183 0.000202506
65.8 0.00377239 0.000342185
65.82 0.00543588 0.000568018
65.84 0.00769489 0.000926281
65.86 0.0107007 0.00148389
65.88 0.0146186 0.0023353
65.9 0.0196189 0.00361044
65.92 0.0258657 0.0054835
65.94 0.0335006 0.00818154
65.96 0.0426246 0.011992
65.98 0.0532779 0.0172674
66 0.0654205 0.0244253
66.02 0.0789149 0.0339418
66.04 0.0935155 0.0463348
66.06 0.108865 0.0621383
66.08 0.1245 0.0818636
66.1 0.139872 0.10595
66.12 0.154374 0.134707
66.14 0.167376 0.168252
66.16 0.178276 0.206447
66.18 0.18654 0.248849
66.2 0.191748 0.294674
66.22 0.193628 0.34279
66.24 0.192081 0.391735
66.26 0.187189 0.439781
66.28 0.179207 0.485021
66.3 0.168543 0.525488
66.32 0.15572 0.5593
66.34 0.141337 0.584798
66.36 0.126023 0.600684
66.38 0.110387 0.60613
66.4 0.0949882 0.600847
66.42 0.080297 0.585116
66.44 0.0666819 0.559756
66.46 0.0543996 0.52606
66.48 0.0435976 0.485681
66.5 0.0343249 0.4405
66.52 0.0265482 0.392482
66.54 0.0201716 0.343536
66.56 0.0150565 0.295396
66.58 0.0110404 0.249526
66.6 0.00795296 0.207065
66.62 0.00562795 0.168802
66.64 0.00391247 0.135184
66.66 0.00267197 0.106354
66.68 0.00179263 0.0821982
66.7 0.00118149 0.0624093
66.72 0.000764974 0.0465495
66.74 0.000486568 0.0341083
66.76 0.000304032 0.0245519
66.78 0.000186627 0.0173615
66.8 0.000112541 0.0120607
66.82 6.66689e-05 0.00823063
66.84 3.87986e-05 0.00551791
66.86 2.21814e-05 0.00363408
66.88 1.24577e-05 0.00235123
66.9 6.87337e-06 0.00149442
66.92 3.72546e-06 0.000933108
66.94 1.98367e-06 0.00057236
66.96 1.03762e-06 0.000344894
66.98 5.33193e-07 0.000204165
67 2.6916e-07 0.000118729
67.02 1.3348e-07 6.78282e-05
67.04 6.50281e-08 3.80666e-05
67.06 3.11219e-08 2.09873e-05
67.08 1.46322e-08 1.13671e-05
67.1 6.75821e-09 6.0481e-06
67.12 3.06643e-09 3.16133e-06
67.14 1.36683e-09 1.6233e-06
67.16 5.98515e-10 8.18855e-07
67.18 2.57463e-10 4.05784e-07
67.2 1.08801e-10 1.97543e-07
67.22 4.5168e-11 9.44731e-08
67.24 1.84208e-11 4.43847e-08
67.26 7.38013e-12 2.04851e-08
67.28 2.90469e-12 9.288e-09
67.3 1.12309e-12 4.137e-09
67.32 4.26588e-13 1.8102e-09
67.34 1.59177e-13 7.78124e-10
67.36 5.8349e-14 3.28587e-10
67.38 2.10119e-14 1.36311e-10
67.4 7.4332e-15 5.55506e-11
67.42 2.58325e-15 2.22396e-11
67.44 8.81932e-16 8.74671e-12
67.46 2.9579e-16 3.37941e-12
67.48 9.74565e-17 1.28268e-12
67.5 3.15441e-17 4.78269e-13
67.52 1.00301e-17 1.75189e-13
67.54 3.13306e-18 6.30406e-14
67.56 9.61421e-19 2.2285e-14
67.58 2.89826e-19 7.73901e-15
67.6 8.58302e-20 2.6402e-15
67.62 2.49702e-20 8.84844e-16
67.64 7.13647e-21 2.91324e-16
67.66 2.00366e-21 9.42248e-17
67.68 5.52641e-22 2.99387e-17
67.7 1.49742e-22 9.34503e-18
67.72 3.98584e-23 2.86554e-18
67.74 1.04226e-23 8.63203e-19
67.76 2.67741e-24 2.55445e-19
67.78 6.75663e-25 7.42612e-20
67.8 1.67504e-25 2.12083e-20
67.82 4.07943e-26 5.95015e-21
67.84 9.76006e-27 1.63995e-21
67.86 2.29396e-27 4.44028e-22
67.88 5.29659e-28 1.18106e-22
67.9 1.2014e-28 3.0861e-23
67.92 2.67706e-29 7.92188e-24
67.94 5.86013e-30 1.99768e-24
67.96 1.26019e-30 4.94884e-25
67.98 2.66222e-31 1.20437e-25
68 5.52498e-32 2.87935e-26
68.02 1.12641e-32 6.76253e-27
68.04 2.25602e-33 1.56028e-27
68.06 4.43882e-34 3.53652e-28
68.08 8.57968e-35 7.8746e-29
68.1 1.62912e-35 1.7225e-29
68.12 3.0389e-36 3.70144e-30
68.14 5.56875e-37 7.81376e-31
68.16 1.00249e-37 1.62043e-31
68.18 1.77288e-38 3.30124e-32
68.2 3.08005e-39 6.60701e-33
68.22 5.25673e-40 1.29901e-33
68.24 8.8136e-41 2.50898e-34
68.26 1.45168e-41 4.76061e-35
68.28 2.34891e-42 8.87375e-36
68.3 3.73372e-43 1.62492e-36
68.32 5.83036e-44 2.92303e-37
68.34 8.94395e-45 5.16554e-38
68.36 1.34785e-45 8.96761e-39
68.38 1.99542e-46 1.52939e-39
68.4 2.90205e-47 2.56234e-40
68.42 4.14625e-48 4.21731e-41
68.44 5.81949e-49 6.81888e-42
68.46 8.02406e-50 1.0831e-42
68.48 1.08688e-50 1.69008e-43
68.5 1.44627e-51 2.59073e-44
68.52 1.89058e-52 3.90137e-45
68.54 2.42785e-53 5.77154e-46
68.56 3.06285e-54 8.38773e-47
68.58 3.79586e-55 1.1975e-47
68.6 4.6214e-56 1.67953e-48
68.62 5.52734e-57 2.31409e-49
68.64 6.49439e-58 3.1322e-50
68.66 7.49616e-59 4.16485e-51
68.68 8.5e-60 5.44036e-52
68.7 9.46844e-61 6.98128e-53
68.72 1.03614e-61 8.8008e-54
68.74 1.11387e-62 1.0899e-54
68.76 1.17634e-63 1.32597e-55
68.78 1.22042e-64 1.58474e-56
68.8 1.24384e-65 1.86064e-57
68.82 1.24537e-66 2.14608e-58
68.84 1.22493e-67 2.43168e-59
68.86 1.1836e-68 2.70675e-60
68.88 1.12351e-69 2.95985e-61
68.9 1.04768e-70 3.17957e-62
68.92 9.59752e-72 3.35543e-63
68.94 8.63712e-73 3.47861e-64
68.96 7.63586e-74 3.54278e-65
68.98 6.63172e-75 3.54454e-66
69 5.65814e-76 3.48382e-67
69.02 4.74243e-77 3.36381e-68
69.04 3.90487e-78 3.1907e-69
69.06 3.15858e-79 2.97316e-70
69.08 2.5099e-80 2.72165e-71
69.1 1.95929e-81 2.44751e-72
69.12 1.50253e-82 2.16219e-73
69.14 1.13194e-83 1.87648e-74
69.16 8.37732e-85 1.59983e-75
69.18 6.09068e-86 1.33993e-76
69.2 4.35016e-87 1.10248e-77
69.22 3.05228e-88 8.91125e-79
69.24 2.10389e-89 7.07595e-80
69.26 1.42462e-90 5.51963e-81
69.28 9.47667e-92 4.22975e-82
69.3 6.19286e-93 3.18419e-83
69.32 3.97563e-94 2.35484e-84
69.34 2.50726e-95 1.71082e-85
69.36 1.55336e-96 1.22103e-86
69.38 9.45422e-98 8.56105e-88
69.4 5.65272e-99 5.89668e-89
69.42 3.32023e-100 3.98994e-90
69.44 1.91584e-101 2.65219e-91
69.46 1.08599e-102 1.7319e-92
69.48 6.04751e-104 1.11101e-93
69.5 3.30829e-105 7.00157e-95
69.52 1.77791e-106 4.33462e-96
69.54 9.38636e-108 2.63624e-97
69.56 4.86813e-109 1.57507e-98
69.58 2.48032e-110 9.24468e-100
69.6 1.24146e-111 5.33045e-101
69.62 6.10617e-113 3.01936e-102
69.64 3.34991e-114 1.68014e-103
69.66 8.48074e-114 9.18451e-105
69.68 1.70309e-112 4.93225e-106
69.7 3.41596e-111 2.60203e-107
69.72 6.73106e-110 1.34853e-108
69.74 1.30297e-108 6.86573e-110
69.76 2.47778e-107 3.43394e-111
69.78 4.62883e-106 1.68724e-112
69.8 8.4949e-105 8.14408e-114
69.82 1.53153e-103 3.86176e-115
69.84 2.71251e-102 1.7989e-116
69.86 4.71951e-101 8.23209e-118
69.88 8.0668e-100 3.70076e-119
69.9 1.35452e-98 1.63437e-120
69.92 2.23433e-97 7.09073e-122
69.94 3.62068e-96 3.0221e-123
69.96 5.76383e-95 1.26534e-124
69.98 9.01387e-94 5.20456e-126
70 1.38481e-92 2.10302e-127
70.02 2.09002e-91 8.38394e-129
70.04 3.09876e-90 1.26021e-129
70.06 4.51342e-89 2.38162e-128
70.08 6.45806e-88 5.95529e-127
70.1 9.07774e-87 1.46366e-125
70.12 1.25352e-85 3.53392e-124
70.14 1.70046e-84 8.38209e-123
70.16 2.26611e-83 1.95311e-121
70.18 2.9667e-82 4.47077e-120
70.2 3.81544e-81 1.00535e-118
70.22 4.82054e-80 2.2209e-117
70.24 5.9831e-79 4.8197e-116
70.26 7.29517e-78 1.02752e-114
70.28 8.73824e-77 2.152e-113
70.3 1.02823e-75 4.42763e-112
70.32 1.18861e-74 8.94912e-111
70.34 1.34979e-73 1.77692e-109
70.36 1.50581e-72 3.46605e-108
70.38 1.65027e-71 6.64174e-107
70.4 1.77672e-70 1.25028e-105
70.42 1.87915e-69 2.31213e-104
70.44 1.95247e-68 4.20045e-103
70.46 1.9929e-67 7.49652e-102
70.48 1.99833e-66 1.31432e-100
70.5 1.96846e-65 2.26372e-99
70.52 1.90487e-64 3.83023e-98
70.54 1.81086e-63 6.36656e-97
70.56 1.69115e-62 1.03959e-95
70.58 1.55152e-61 1.66764e-94
70.6 1.39835e-60 2.62797e-93
70.62 1.23808e-59 4.06834e-92
70.64 1.07687e-58 6.18719e-91
70.66 9.20148e-58 9.24376e-90
70.68 7.72379e-57 1.3567e-88
70.7 6.36917e-56 1.95613e-87
70.72 5.15958e-55 2.7707e-86
70.74 4.10605e-54 3.85533e-85
70.76 3.21007e-53 5.27003e-84
70.78 2.46537e-52 7.07691e-83
70.8 1.86008e-51 9.33585e-82
70.82 1.37866e-50 1.20988e-80
70.84 1.00384e-49 1.54032e-79
70.86 7.18043e-49 1.92645e-78
70.88 5.04563e-48 2.36693e-77
70.9 3.48305e-47 2.85687e-76
70.92 2.36202e-46 3.38747e-75
70.94 1.57357e-45 3.94585e-74
70.96 1.02983e-44 4.51527e-73
70.98 6.62107e-44 5.07582e-72
71 4.18185e-43 5.60542e-71
71.02 2.5947e-42 6.0812e-70
71.04 1.58156e-41 6.48112e-69
71.06 9.47031e-41 6.78562e-68
71.08 5.57085e-40 6.97924e-67
71.1 3.21927e-39 7.0519e-66
71.12 1.82756e-38 6.99976e-65
71.14 1.01922e-37 6.82558e-64
71.16 5.58395e-37 6.53845e-63
71.18 3.00534e-36 6.15304e-62
71.2 1.58901e-35 5.68832e-61
71.22 8.2535e-35 5.16603e-60
71.24 4.21142e-34 4.60903e-59
71.26 2.11105e-33 4.03963e-58
71.28 1.03956e-32 3.47818e-57
71.3 5.02893e-32 2.942e-56
71.32 2.38992e-31 2.44462e-55
71.34 1.11576e-30 1.99554e-54
71.36 5.11724e-30 1.60025e-53
71.38 2.30559e-29 1.26065e-52
71.4 1.02048e-28 9.75619e-52
71.42 4.4372e-28 7.4173e-51
71.44 1.89536e-27 5.53975e-50
71.46 7.95342e-27 4.06456e-49
71.48 3.27865e-26 2.92966e-48
71.5 1.32775e-25 2.07443e-47
71.52 5.2822e-25 1.44298e-46
71.54 2.0644e-24 9.86054e-46
71.56 7.92596e-24 6.61943e-45
71.58 2.98944e-23 4.36535e-44
71.6 1.10766e-22 2.82812e-43
71.62 4.03182e-22 1.79993e-42
71.64 1.4417e-21 1.12536e-41
71.66 5.06443e-21 6.91206e-41
71.68 1.74769e-20 4.17064e-40
71.7 5.92483e-20 2.47216e-39
71.72 1.97318e-19 1.43956e-38
71.74 6.45563e-19 8.23498e-38
71.76 2.07486e-18 4.6278e-37
71.78 6.55116e-18 2.55485e-36
71.8 2.03201e-17 1.38559e-35
71.82 6.19176e-17 7.38219e-35
71.84 1.85345e-16 3.8638e-34
71.86 5.45039e-16 1.98665e-33
71.88 1.57454e-15 1.00348e-32
71.9 4.46846e-15 4.97938e-32
71.92 1.24578e-14 2.42729e-31
71.94 3.41196e-14 1.16237e-30
71.96 9.18008e-14 5.46827e-30
71.98 2.42643e-13 2.52716e-29
72 6.30041e-13 1.14735e-28
72.02 1.60712e-12 5.11725e-28
72.04 4.02724e-12 2.24211e-27
72.06 9.91393e-12 9.65067e-27
72.08 2.39752e-11 4.08072e-26
72.1 5.69587e-11 1.6951e-25
72.12 1.32934e-10 6.91724e-25
72.14 3.04783e-10 2.773e-24
72.16 6.86476e-10 1.09206e-23
72.18 1.51893e-09 4.22494e-23
72.2 3.30165e-09 1.60574e-22
72.22 7.05023e-09 5.99527e-22
72.24 1.47895e-08 2.19898e-21
72.26 3.04779e-08 7.92344e-21
72.28 6.17013e-08 2.80469e-20
72.3 1.22711e-07 9.75294e-20
72.32 2.39746e-07 3.3317e-19
72.34 4.60149e-07 1.11808e-18
72.36 8.6761e-07 3.68606e-18
72.38 1.60705e-06 1.19379e-17
72.4 2.92425e-06 3.79819e-17
72.42 5.22732e-06 1.18714e-16
72.44 9.17957e-06 3.64508e-16
72.46 1.5836e-05 1.09949e-15
72.48 2.68378e-05 3.25803e-15
72.5 4.46815e-05 9.48412e-15
72.52 7.30781e-05 2.71218e-14
72.54 0.000117416 7.61939e-14
72.56 0.00018533 2.10281e-13
72.58 0.000287371 5.70111e-13
72.6 0.000437743 1.51844e-12
72.62 0.000655052 3.97298e-12
72.64 0.000962966 1.02121e-11
72.66 0.00139068 2.57863e-11
72.68 0.00197297 6.39654e-11
72.7 0.00274974 1.55876e-10
72.72 0.00376482 3.73159e-10
72.74 0.00506379 8.7758e-10
72.76 0.00669093 2.02749e-09
72.78 0.00868513 4.60162e-09
72.8 0.011075 1.02599e-08
72.82 0.0138737 2.24725e-08
72.84 0.0170734 4.83549e-08
72.86 0.0206408 1.02214e-07
72.88 0.024514 2.12254e-07
72.9 0.0286008 4.32995e-07
72.92 0.032781 8.67739e-07
72.94 0.0369102 1.70834e-06
72.96 0.0408271 3.30399e-06
72.98 0.044364 6.27743e-06
73 0.0473578 1.17167e-05
73.02 0.0496629 2.14836e-05
73.04 0.0511625 3.8698e-05
73.06 0.0517786 6.84776e-05
73.08 0.0514788 0.000119039
73.1 0.0502789 0.000203286
73.12 0.0482416 0.00034104
73.14 0.0454713 0.00056206
73.16 0.0421048 0.000909995
73.18 0.0383006 0.00144735
73.2 0.0342262 0.00226146
73.22 0.0300463 0.00347123
73.24 0.0259121 0.00523428
73.26 0.021953 0.00775371
73.28 0.0182711 0.0112834
73.3 0.0149387 0.0161307
73.32 0.0119989 0.0226539
73.34 0.0094678 0.0312545
73.36 0.00733899 0.0423604
73.38 0.00558859 0.0564012
73.4 0.00418069 0.0737726
73.42 0.00307236 0.0947941
73.44 0.00221807 0.119659
73.46 0.00157311 0.148386
73.48 0.00109603 0.180765
73.5 0.000750174 0.216331
73.52 0.000504409 0.254332
73.54 0.000333183 0.293739
73.56 0.000216203 0.333275
73.58 0.000137822 0.371469
73.6 8.63091e-05 0.406745
73.62 5.30974e-05 0.437522
73.64 3.209e-05 0.462336
73.66 1.90522e-05 0.479948
73.68 1.11122e-05 0.489452
73.7 6.36695e-06 0.490349
73.72 3.5838e-06 0.482592
73.74 1.98169e-06 0.466588
73.76 1.07648e-06 0.443166
73.78 5.74457e-07 0.413503
73.8 3.01153e-07 0.379026
73.82 1.55094e-07 0.341303
73.84 7.84664e-08 0.301918
73.86 3.89987e-08 0.262372
73.88 1.90413e-08 0.223989
73.9 9.13319e-09 0.187851
73.92 4.30355e-09 0.154768
73.94 1.9921e-09 0.125264
73.96 9.05887e-10 0.0995979
73.98 4.04684e-10 0.0777955
74 1.77598e-10 0.059695
74.02 7.65667e-11 0.0449987
74.04 3.24286e-11 0.0333228
74.06 1.3494e-11 0.0242417
74.08 5.52048e-12 0.0173246
74.1 2.23121e-12 0.012163
74.12 9.21516e-13 0.00838882
74.14 4.72677e-13 0.0056838
74.16 4.96908e-13 0.00378317
74.18 1.03975e-12 0.00247373
74.2 2.64189e-12 0.00158901
74.22 6.82896e-12 0.00100272
74.24 1.74276e-11 0.000621606
74.26 4.37221e-11 0.000378555
74.28 1.07767e-10 0.000226475
74.3 2.60948e-10 0.000133104
74.32 6.20732e-10 7.68498e-05
74.34 1.45055e-09 4.35886e-05
74.36 3.32998e-09 2.42874e-05
74.38 7.5098e-09 1.32944e-05
74.4 1.66378e-08 7.14887e-06
74.42 3.6211e-08 3.77645e-06
74.44 7.74222e-08 1.95979e-06
74.46 1.62618e-07 9.99114e-07
74.48 3.35547e-07 5.00379e-07
74.5 6.80167e-07 2.46186e-07
74.52 1.35443e-06 1.18989e-07
74.54 2.64959e-06 5.64973e-08
74.56 5.09189e-06 2.63529e-08
74.58 9.61298e-06 1.20756e-08
74.6 1.78286e-05 5.43586e-09
74.62 3.24829e-05 2.40385e-09
74.64 5.81395e-05 1.0443e-09
74.66 0.000102228 4.45679e-10
74.68 0.000176581 1.86852e-10
74.7 0.000299639 7.69581e-11
74.72 0.000499496 3.11379e-11
74.74 0.000817984 1.23767e-11
74.76 0.00131594 4.83277e-12
74.78 0.00207974 1.85383e-12
74.8 0.00322894 6.98587e-13
74.82 0.00492481 2.58614e-13
74.84 0.00737901 9.40506e-14
74.86 0.0108614 3.36009e-14
74.88 0.0157056 1.17929e-14
74.9 0.0223101 4.066e-15
74.92 0.0311334 1.37719e-15
74.94 0.0426808 4.58247e-16
74.96 0.05748 1.49791e-16
74.98 0.0760466 4.81005e-17
75 0.0988378 1.51738e-17
75.02 0.126196 4.70237e-18
75.04 0.158287 1.43159e-18
75.06 0.195041 4.28154e-19
75.08 0.236095 1.25794e-19
75.1 0.280753 3.63078e-20
75.12 0.327977 1.02948e-20
75.14 0.376392 2.86759e-21
75.16 0.424343 7.84684e-22
75.18 0.469973 2.10936e-22
75.2 0.511337 5.57041e-23
75.22 0.546539 1.44512e-23
75.24 0.573872 3.68296e-24
75.26 0.591953 9.22084e-25
75.28 0.599845 2.2679e-25
75.3 0.597131 5.47968e-26
75.32 0.583956 1.30067e-26
75.34 0.561008 3.03289e-27
75.36 0.529466 6.94745e-28
75.38 0.490892 1.56342e-28
75.4 0.447108 3.45623e-29
75.42 0.400054 7.50602e-30
75.44 0.351645 1.60139e-30
75.46 0.303647 3.35631e-31
75.48 0.25758 6.91045e-32
75.5 0.214652 1.39775e-32
75.52 0.175727 2.77737e-33
75.54 0.141325 5.42145e-34
75.56 0.111655 1.03963e-34
75.58 0.0866603 1.95848e-35
75.6 0.0660753 3.62442e-36
75.62 0.0494923 6.58927e-37
75.64 0.0364179 1.17684e-37
75.66 0.0263252 2.06478e-38
75.68 0.0186942 3.55886e-39
75.7 0.0130413 6.02596e-40
75.72 0.00893752 1.00236e-40
75.74 0.00601714 1.63793e-41
75.76 0.00397963 2.62936e-42
75.78 0.00258568 4.14651e-43
75.8 0.00165039 6.42384e-44
75.82 0.00103485 9.77656e-45
75.84 0.00063745 1.46169e-45
75.86 0.00038574 2.14687e-46
75.88 0.00022931 3.09767e-47
75.9 0.000133915 4.3908e-48
75.92 7.68275e-05 6.11408e-49
75.94 4.32994e-05 8.36368e-50
75.96 2.39733e-05 1.12394e-50
75.98 1.30392e-05 1.48378e-51
76 6.96714e-06 1.9243e-52
76.02 3.6571e-06 2.45164e-53
76.04 1.88581e-06 3.06845e-54
76.06 9.55299e-07 3.77277e-55
76.08 4.754e-07 4.55702e-56
76.1 2.32412e-07 5.40731e-57
76.12 1.11619e-07 6.3032e-58
76.14 5.26617e-08 7.21805e-59
76.16 2.4408e-08 8.12003e-60
76.18 1.11134e-08 8.97377e-61
76.2 4.971e-09 9.74251e-62
76.22 2.18433e-09 1.03907e-62
76.24 9.42913e-10 1.08868e-63
76.26 3.99857e-10 1.12056e-64
76.28 1.66578e-10 1.13305e-65
76.3 6.81724e-11 1.12549e-66
76.32 2.74081e-11 1.09828e-67
76.34 1.0825e-11 1.05284e-68
76.36 4.20008e-12 9.915e-70
76.38 1.60091e-12 9.1728e-71
76.4 5.99451e-13 8.33663e-72
76.42 2.20506e-13 7.44317e-73
76.44 7.96831e-14 6.52837e-74
76.46 2.82873e-14 5.62511e-75
76.48 9.86496e-15 4.76142e-76
76.5 3.37971e-15 3.95932e-77
76.52 1.13747e-15 3.23433e-78
76.54 3.76083e-16 2.59554e-79
76.56 1.22153e-16 2.0462e-80
76.58 3.89767e-17 1.58471e-81
76.6 1.22176e-17 1.20568e-82
76.62 3.76221e-18 9.01136e-84
76.64 1.1381e-18 6.61652e-85
76.66 3.38219e-19 4.77252e-86
76.68 9.87403e-20 3.38178e-87
76.7 2.83185e-20 2.35408e-88
76.72 7.97857e-21 1.60982e-89
76.74 2.2083e-21 1.08146e-90
76.76 6.00444e-22 7.13717e-92
76.78 1.60385e-22 4.62721e-93
76.8 4.20859e-23 2.94708e-94
76.82 1.08489e-23 1.84393e-95
76.84 2.74737e-24 1.13338e-96
76.86 6.83481e-25 6.84361e-98
76.88 1.67038e-25 4.05952e-99
76.9 4.01035e-26 2.36561e-100
76.92 9.45866e-27 1.35423e-101
76.94 2.19157e-27 7.61584e-103
76.96 4.98839e-28 4.2075e-104
76.98 1.11544e-28 2.28355e-105
77 2.45024e-29 1.21752e-106
77.02 5.28752e-30 6.37703e-108
77.04 1.12092e-30 3.28127e-109
77.06 2.3344e-31 1.65861e-110
77.08 4.77591e-32 8.23617e-112
77.1 9.59877e-33 4.01778e-113
77.12 1.8952e-33 1.92542e-114
77.14 3.67598e-34 9.06452e-116
77.16 7.00439e-35 4.19221e-117
77.18 1.31113e-35 1.90467e-118
77.2 2.41103e-36 8.50115e-120
77.22 4.3555e-37 3.72746e-121
77.24 7.72951e-38 1.60557e-122
77.26 1.34755e-38 6.79396e-124
77.28 2.30791e-39 2.82421e-125
77.3 3.88302e-40 1.15332e-126
77.32 6.41802e-41 4.62681e-128
77.34 1.0421e-41 1.82344e-129
77.36 1.66227e-42 7.05965e-131
77.38 2.60477e-43 2.68505e-132
77.4 4.00975e-44 1.00323e-133
77.42 6.06379e-45 3.68239e-135
77.44 9.00846e-46 1.32781e-136
77.46 1.31473e-46 4.70352e-138
77.48 1.88495e-47 1.63678e-139
77.5 2.65488e-48 5.59544e-141
77.52 3.6734e-49 1.87914e-142
77.54 4.9931e-50 6.19957e-144
77.56 6.66733e-51 2.0093e-145
77.58 8.74607e-52 6.39743e-147
77.6 1.12707e-52 2.001e-148
77.62 1.42683e-53 6.14847e-150
77.64 1.77448e-54 1.85595e-151
77.66 2.16794e-55 5.50357e-153
77.68 2.60199e-56 1.60325e-154
77.7 3.0679e-57 4.58817e-156
77.72 3.5535e-58 1.2899e-157
77.74 4.04344e-59 3.56247e-159
77.76 4.51985e-60 9.66553e-161
77.78 4.96338e-61 2.5762e-162
77.8 5.35438e-62 6.74547e-164
77.82 5.67441e-63 1.7351e-165
77.84 5.9076e-64 4.38446e-167
77.86 6.042e-65 1.0884e-168
77.88 6.07057e-66 2.65422e-170
77.9 5.99181e-67 6.35866e-172
77.92 5.80985e-68 1.49649e-173
77.94 5.53416e-69 3.45988e-175
77.96 5.17866e-70 7.85829e-177
77.98 4.76061e-71 1.75337e-178
78 4.29919e-72 3.84326e-180
78.02 3.81408e-73 8.27568e-182
78.04 3.32409e-74 1.7506e-183
78.06 2.846e-75 3.63789e-185
78.08 2.39373e-76 7.42663e-187
78.1 1.97786e-77 1.48941e-188
78.12 1.60544e-78 2.93436e-190
78.14 1.28019e-79 5.67928e-192
78.16 1.00284e-80 1.07982e-193
78.18 7.71736e-82 2.01693e-195
78.2 5.83425e-83 3.7009e-197
78.22 4.33292e-84 6.67119e-199
78.24 3.16122e-85 1.18135e-200
78.26 2.26573e-86 2.0551e-202
78.28 1.5953e-87 3.51211e-204
78.3 1.10345e-88 5.89632e-206
78.32 7.49801e-90 9.72464e-208
78.34 5.00514e-91 1.5756e-209
78.36 3.28221e-92 2.50782e-211
78.38 2.11444e-93 3.92127e-213
78.4 1.33815e-94 6.02332e-215
78.42 8.31939e-96 9.08917e-217
78.44 5.08111e-97 1.34739e-218
78.46 3.04863e-98 1.96218e-220
78.48 1.79692e-99 2.80715e-222
78.5 1.04048e-100 3.94521e-224
78.52 5.91858e-102 5.44697e-226
78.54 3.30735e-103 7.38786e-228
78.56 1.81561e-104 9.84378e-230
78.58 9.79138e-106 1.2885e-231
78.6 5.18733e-107 1.65686e-233
78.62 2.69975e-108 2.09298e-235
78.64 1.38033e-109 2.59732e-237
78.66 6.93299e-111 3.16639e-239
78.68 3.42088e-112 3.79213e-241
78.7 1.65819e-113 4.4615e-243
78.72 7.89606e-115 5.15652e-245
78.74 3.69373e-116 5.85481e-247
78.76 1.69746e-117 6.53052e-249
78.78 7.66325e-119 7.15587e-251
78.8 3.39864e-120 7.70293e-253
78.82 1.48073e-121 8.1457e-255
78.84 6.33765e-123 8.46214e-257
78.86 2.66476e-124 8.63598e-259
78.88 1.1007e-125 8.65809e-261
78.9 4.46638e-127 8.5273e-263
78.92 1.78043e-128 8.2505e-265
78.94 6.97222e-130 7.84202e-267
78.96 2.68224e-131 7.32243e-269
78.98 1.01368e-132 6.71679e-271
79 3.76346e-134 6.05267e-273
79.02 1.37262e-135 5.35812e-275
79.04 4.91806e-137 4.65968e-277
79.06 1.73108e-138 3.98088e-279
79.08 5.98574e-140 3.34104e-281
79.1 2.03329e-141 2.75463e-283
79.12 6.78513e-143 2.23113e-285
79.14 2.22432e-144 1.77527e-287
79.16 7.16335e-146 1.38766e-289
79.18 2.26628e-147 1.06557e-291
79.2 7.04353e-149 8.03821e-294
79.22 2.15053e-150 5.95685e-296
79.24 6.45032e-152 4.33663e-298
79.26 1.90062e-153 3.10147e-300
79.28 5.5016e-155 2.17903e-302
79.3 1.56445e-156 1.50396e-304
79.32 4.37033e-158 1.01974e-306
79.34 1.19935e-159 6.79237e-309
79.36 3.23337e-161 4.4446e-311
79.38 8.56338e-163 2.85708e-313
79.4 2.22799e-164 1.80423e-315
79.42 5.69458e-166 1.11929e-317
79.44 1.42985e-167 6.82107e-320
79.46 3.52692e-169 4.05134e-322
79.48 8.54636e-171 0
79.5 2.03445e-172 0
79.52 4.75763e-174 0
79.54 1.09298e-175 0
79.56 2.4667e-177 0
79.58 5.46887e-179 0
79.6 1.19113e-180 0
79.62 2.55751e-182 0
79.64 4.81629e-183 0
79.66 2.01566e-181 0
79.68 9.32314e-180 0
79.7 4.23653e-178 0
79.72 1.8912e-176 0
79.74 8.29361e-175 0
79.76 3.57297e-173 0
79.78 1.51215e-171 0
79.8 6.28692e-170 0
79.82 2.5678e-168 0
79.84 1.0303e-166 0
79.86 4.06111e-165 0
79.88 1.57255e-163 0
79.9 5.98199e-162 0
79.92 2.23545e-160 0
79.94 8.2066e-159 0
79.96 2.95965e-157 0
79.98 1.04857e-155 0
80 3.6495e-154 0
80.02 1.24781e-152 0
80.04 4.19125e-151 0
80.06 1.38298e-149 0
80.08 4.48301e-148 0
80.1 1.42759e-146 0
80.12 4.46595e-145 0
80.14 1.37247e-143 0
80.16 4.14356e-142 0
80.18 1.22892e-140 0
80.2 3.58056e-139 0
80.22 1.02484e-137 0
80.24 2.88167e-136 0
80.26 7.95995e-135 0
80.28 2.16001e-133 0
80.3 5.75811e-132 0
80.32 1.50794e-130 0
80.34 3.87941e-129 0
80.36 9.80454e-128 0
80.38 2.43427e-126 0
80.4 5.9373e-125 0
80.42 1.42262e-123 0
80.44 3.34863e-122 0
80.46 7.74327e-121 0
80.48 1.75898e-119 0
80.5 3.92535e-118 0
80.52 8.60545e-117 0
80.54 1.85331e-115 0
80.56 3.92105e-114 0
80.58 8.14958e-113 0
80.6 1.66398e-111 0
80.62 3.33764e-110 0
80.64 6.57673e-109 0
80.66 1.27309e-107 0
80.68 2.42097e-106 0
80.7 4.52269e-105 0
80.72 8.30013e-104 0
80.74 1.49641e-102 0
80.76 2.65032e-101 0
80.78 4.61129e-100 0
80.8 7.88183e-99 0
80.82 1.32346e-97 0
80.84 2.1831e-96 0
80.86 3.53766e-95 0
80.88 5.63167e-94 0
80.9 8.80719e-93 0
80.92 1.35306e-91 0
80.94 2.04209e-90 0
80.96 3.02771e-89 0
80.98 4.40993e-88 0
81 6.30998e-87 0
81.02 8.86959e-86 0
81.04 1.22478e-84 0
81.06 1.66147e-83 0
81.08 2.21414e-82 0
81.1 2.89867e-81 0
81.12 3.72795e-80 0
81.14 4.71e-79 0
81.16 5.8459e-78 0
81.18 7.12789e-77 0
81.2 8.53787e-76 0
81.22 1.00466e-74 0
81.24 1.16135e-73 0
81.26 1.31883e-72 0
81.28 1.47128e-71 0
81.3 1.61243e-70 0
81.32 1.73598e-69 0
81.34 1.83606e-68 0
81.36 1.9077e-67 0
81.38 1.9472e-66 0
81.4 1.9525e-65 0
81.42 1.92332e-64 0
81.44 1.86119e-63 0
81.46 1.76933e-62 0
81.48 1.65237e-61 0
81.5 1.51594e-60 0
81.52 1.36628e-59 0
81.54 1.20969e-58 0
81.56 1.05218e-57 0
81.58 8.99047e-57 0
81.6 7.54667e-56 0
81.62 6.22311e-55 0
81.64 5.04125e-54 0
81.66 4.01189e-53 0
81.68 3.13645e-52 0
81.7 2.40884e-51 0
81.72 1.81742e-50 0
81.74 1.34705e-49 0
81.76 9.80819e-49 0
81.78 7.01576e-48 0
81.8 4.92992e-47 0
81.82 3.40317e-46 0
81.84 2.30785e-45 0
81.86 1.53748e-44 0
81.88 1.00622e-43 2.32211e-322
81.9 6.46922e-43 3.89126e-320
81.92 4.08594e-42 6.37658e-318
81.94 2.5352e-41 1.02648e-315
81.96 1.54529e-40 1.62327e-313
81.98 9.25311e-40 2.52179e-311
82 5.44308e-39 3.84865e-309
82.02 3.14544e-38 5.77015e-307
82.04 1.78565e-37 8.49854e-305
82.06 9.95843e-37 1.22965e-302
82.08 5.45588e-36 1.74782e-300
82.1 2.93642e-35 2.44057e-298
82.12 1.55257e-34 3.34785e-296
82.14 8.0642e-34 4.51149e-294
82.16 4.11483e-33 5.97245e-292
82.18 2.06263e-32 7.7672e-290
82.2 1.01571e-31 9.92328e-288
82.22 4.91359e-31 1.24545e-285
82.24 2.33511e-30 1.53559e-283
82.26 1.09017e-29 1.85996e-281
82.28 4.99988e-29 2.21316e-279
82.3 2.25271e-28 2.58702e-277
82.32 9.97077e-28 2.97075e-275
82.34 4.33543e-27 3.35128e-273
82.36 1.85189e-26 3.71395e-271
82.38 7.771e-26 4.04334e-269
82.4 3.20345e-25 4.32437e-267
82.42 1.29729e-24 4.54345e-265
82.44 5.16105e-24 4.68951e-263
82.46 2.01705e-23 4.75497e-261
82.48 7.74417e-23 4.7364e-259
82.5 2.92087e-22 4.63476e-257
82.52 1.08225e-21 4.45539e-255
82.54 3.93934e-21 4.20749e-253
82.56 1.40864e-20 3.90338e-251
82.58 4.94826e-20 3.55743e-249
82.6 1.7076e-19 3.18502e-247
82.62 5.78893e-19 2.80134e-245
82.64 1.92793e-18 2.42047e-243
82.66 6.30755e-18 2.05453e-241
82.68 2.02727e-17 1.71319e-239
82.7 6.40089e-17 1.40338e-237
82.72 1.9854e-16 1.12935e-235
82.74 6.04974e-16 8.92805e-234
82.76 1.81094e-15 6.93371e-232
82.78 5.32537e-15 5.28998e-230
82.8 1.53842e-14 3.9648e-228
82.82 4.36596e-14 2.91923e-226
82.84 1.2172e-13 2.11151e-224
82.86 3.3337e-13 1.50037e-222
82.88 8.9695e-13 1.04733e-220
82.9 2.37077e-12 7.18202e-219
82.92 6.15588e-12 4.83826e-217
82.94 1.57025e-11 3.20192e-215
82.96 3.93486e-11 2.08167e-213
82.98 9.68651e-11 1.32951e-211
83 2.34253e-10 8.34165e-210
83.02 5.56521e-10 5.14151e-208
83.04 1.29884e-09 3.11321e-206
83.06 2.97792e-09 1.85185e-204
83.08 6.70728e-09 1.08214e-202
83.1 1.48409e-08 6.21209e-201
83.12 3.22591e-08 3.50326e-199
83.14 6.8885e-08 1.94082e-197
83.16 1.44503e-07 1.05628e-195
83.18 2.97787e-07 5.64744e-194
83.2 6.02859e-07 2.96622e-192
83.22 1.19896e-06 1.5305e-190
83.24 2.34246e-06 7.7579e-189
83.26 4.49593e-06 3.86308e-187
83.28 8.47707e-06 1.88974e-185
83.3 1.57019e-05 9.08133e-184
83.32 2.85717e-05 4.28723e-182
83.34 5.1074e-05 1.9883e-180
83.36 8.96898e-05 9.05874e-179
83.38 0.000154727 4.05445e-177
83.4 0.000262221 1.78269e-175
83.42 0.000436564 7.70014e-174
83.44 0.000714016 3.26739e-172
83.46 0.00114722 1.36202e-170
83.48 0.00181078 5.57754e-169
83.5 0.00280778 2.24379e-167
83.52 0.00427701 8.8675e-166
83.54 0.00640024 3.4427e-164
83.56 0.00940874 1.31304e-162
83.58 0.0135877 4.91964e-161
83.6 0.019277 1.81079e-159
83.62 0.0268666 6.54763e-158
83.64 0.0367845 2.32583e-156
83.66 0.0494762 8.11618e-155
83.68 0.0653743 2.7823e-153
83.7 0.0848587 9.36992e-152
83.72 0.10821 3.0999e-150
83.74 0.135554 1.00748e-148
83.76 0.166817 3.21667e-147
83.78 0.201673 1.00892e-145
83.8 0.239515 3.10873e-144
83.82 0.279446 9.41001e-143
83.84 0.320289 2.79819e-141
83.86 0.360633 8.17414e-140
83.88 0.398904 2.34578e-138
83.9 0.433461 6.61319e-137
83.92 0.462713 1.83153e-135
83.94 0.485235 4.98306e-134
83.96 0.499886 1.33186e-132
83.98 0.505906 3.49702e-131
84 0.502977 9.02025e-130
84.02 0.491253 2.28569e-128
84.04 0.471348 5.68979e-127
84.06 0.44428 1.3914e-125
84.08 0.411388 3.34265e-124
84.1 0.374219 7.88872e-123
84.12 0.334409 1.82895e-121
84.14 0.293569 4.16558e-120
84.16 0.253176 9.32029e-119
84.18 0.214493 2.04862e-117
84.2 0.178518 4.42359e-116
84.22 0.14596 9.38352e-115
84.24 0.117236 1.9554e-113
84.26 0.0925057 4.003e-112
84.28 0.071706 8.05035e-111
84.3 0.0546036 1.59046e-109
84.32 0.0408476 3.08681e-108
84.34 0.0300186 5.88541e-107
84.36 0.0216718 1.10236e-105
84.38 0.0153701 2.02837e-104
84.4 0.0107088 3.6665e-103
84.42 0.00732961 6.51081e-102
84.44 0.00492835 1.13579e-100
84.46 0.00325537 1.94643e-99
84.48 0.00211242 3.27688e-98
84.5 0.0013466 5.41951e-97
84.52 0.000843287 8.80521e-96
84.54 0.00051879 1.40539e-94
84.56 0.000313536 2.20362e-93
84.58 0.00018615 3.39432e-92
84.6 0.000108572 5.13629e-91
84.62 6.22085e-05 7.63528e-90
84.64 3.50157e-05 1.11501e-88
84.66 1.93622e-05 1.59961e-87
84.68 1.05178e-05 2.25438e-86
84.7 5.61275e-06 3.12118e-85
84.72 2.94242e-06 4.24512e-84
84.74 1.51535e-06 5.67206e-83
84.76 7.66658e-07 7.4451e-82
84.78 3.81038e-07 9.60019e-81
84.8 1.86044e-07 1.2161e-79
84.82 8.9236e-08 1.51334e-78
84.84 4.2048e-08 1.85005e-77
84.86 1.94639e-08 2.22182e-76
84.88 8.85099e-09 2.62128e-75
84.9 3.95398e-09 3.03807e-74
84.92 1.73522e-09 3.45909e-73
84.94 7.48095e-10 3.86905e-72
84.96 3.16837e-10 4.25134e-71
84.98 1.31824e-10 4.5891e-70
85 5.38808e-11 4.8664e-69
85.02 2.16347e-11 5.06953e-68
85.04 8.53391e-12 5.18808e-67
85.06 3.30692e-12 5.21584e-66
85.08 1.25887e-12 5.15136e-65
85.1 4.70775e-13 4.99802e-64
85.12 1.72953e-13 4.7638e-63
85.14 6.24195e-14 4.46055e-62
85.16 2.21305e-14 4.10301e-61
85.18 7.70803e-15 3.70763e-60
85.2 2.63739e-15 3.29131e-59
85.22 8.8651e-16 2.87025e-58
85.24 2.92733e-16 2.45896e-57
85.26 9.49599e-17 2.06948e-56
85.28 3.02613e-17 1.711e-55
85.3 9.47358e-18 1.38969e-54
85.32 2.91353e-18 1.10884e-53
85.34 8.80247e-19 8.69148e-53
85.36 2.61258e-19 6.69268e-52
85.38 7.6175e-20 5.06274e-51
85.4 2.1819e-20 3.76227e-50
85.42 6.13955e-21 2.74659e-49
85.44 1.69714e-21 1.96978e-48
85.46 4.60869e-22 1.38778e-47
85.48 1.22947e-22 9.60507e-47
85.5 3.22207e-23 6.53072e-46
85.52 8.29532e-24 4.36215e-45
85.54 2.09802e-24 2.86233e-44
85.56 5.21275e-25 1.84509e-43
85.58 1.27234e-25 1.16841e-42
85.6 3.05082e-26 7.26863e-42
85.62 7.18638e-27 4.4421e-41
85.64 1.66297e-27 2.66688e-40
85.66 3.78038e-28 1.57289e-39
85.68 8.44242e-29 9.11321e-39
85.7 1.85216e-29 5.18709e-38
85.72 3.99179e-30 2.90039e-37
85.74 8.45156e-31 1.59319e-36
85.76 1.75786e-31 8.59721e-36
85.78 3.5918e-32 4.55751e-35
85.8 7.20974e-33 2.37343e-34
85.82 1.42169e-33 1.21424e-33
85.84 2.75404e-34 6.10255e-33
85.86 5.24101e-35 3.01299e-32
85.88 9.79802e-36 1.46138e-31
85.9 1.79946e-36 6.96319e-31
85.92 3.24656e-37 3.25936e-30
85.94 5.75419e-38 1.49877e-29
85.96 1.0019e-38 6.77045e-29
85.98 1.71374e-39 3.00455e-28
86 2.87967e-40 1.30985e-27
86.02 4.75358e-41 5.60971e-27
86.04 7.70865e-42 2.36015e-26
86.06 1.22805e-42 9.7548e-26
86.08 1.9219e-43 3.96074e-25
86.1 2.95478e-44 1.57984e-24
86.12 4.46272e-45 6.19055e-24
86.14 6.62144e-46 2.383e-23
86.16 9.65128e-47 9.01154e-23
86.18 1.38196e-47 3.34775e-22
86.2 1.94396e-48 1.22176e-21
86.22 2.68632e-49 4.38024e-21
86.24 3.64676e-50 1.54273e-20
86.26 4.86335e-51 5.33777e-20
86.28 6.37152e-52 1.8143e-19
86.3 8.20031e-53 6.05813e-19
86.32 1.0368e-53 1.98722e-18
86.34 1.28778e-54 6.40375e-18
86.36 1.57133e-55 2.02722e-17
86.38 1.88352e-56 6.30444e-17
86.4 2.21796e-57 1.92607e-16
86.42 2.56576e-58 5.78064e-16
86.44 2.91579e-59 1.70435e-15
86.46 3.2552e-60 4.93653e-15
86.48 3.57007e-61 1.40464e-14
86.5 3.84641e-62 3.92632e-14
86.52 4.07112e-63 1.07817e-13
86.54 4.23303e-64 2.90847e-13
86.56 4.32383e-65 7.70768e-13
86.58 4.33875e-66 2.0066e-12
86.6 4.277e-67 5.13191e-12
86.62 4.14184e-68 1.28936e-11
86.64 3.94028e-69 3.18237e-11
86.66 3.68248e-70 7.71624e-11
86.68 3.3809e-71 1.83797e-10
86.7 3.04932e-72 4.30084e-10
86.72 2.7018e-73 9.88656e-10
86.74 2.35171e-74 2.23263e-09
86.76 2.01091e-75 4.95299e-09
86.78 1.68919e-76 1.07944e-08
86.8 1.39395e-77 2.31104e-08
86.82 1.13004e-78 4.86066e-08
86.84 8.99951e-80 1.0043e-07
86.86 7.04083e-81 2.0385e-07
86.88 5.41137e-82 4.06477e-07
86.9 4.08574e-83 7.96235e-07
86.92 3.03049e-84 1.53224e-06
86.94 2.20818e-85 2.89661e-06
86.96 1.58065e-86 5.37938e-06
86.98 1.11152e-87 9.81419e-06
87 7.67848e-89 1.75896e-05
87.02 5.21091e-90 3.09697e-05
87.04 3.47401e-91 5.35669e-05
87.06 2.27524e-92 9.10196e-05
87.08 1.46388e-93 0.000151933
87.1 9.25251e-95 0.000249144
87.12 5.74505e-96 0.000401354
87.14 3.50435e-97 0.00063516
87.16 2.09992e-98 0.000987457
87.18 1.23807e-99 0.00150811
87.2 1.04837e-100 0.00226269
87.22 5.75284e-100 0.00333502
87.24 9.61177e-99 0.00482892
87.26 1.58877e-97 0.00686881
87.28 2.57992e-96 0.00959824
87.3 4.11558e-95 0.0131759
87.32 6.44964e-94 0.0177685
87.34 9.92931e-93 0.0235395
87.36 1.5017e-91 0.0306355
87.38 2.23112e-90 0.039168
87.4 3.25645e-89 0.0491945
87.42 4.66923e-88 0.060699
87.44 6.57696e-87 0.0735741
87.46 9.10089e-86 0.0876089
87.48 1.23715e-84 0.102483
87.5 1.65211e-83 0.117769
87.52 2.16738e-82 0.132951
87.54 2.79326e-81 0.147446
87.56 3.53644e-80 0.160639
87.58 4.39846e-79 0.17193
87.6 5.3742e-78 0.180771
87.62 6.45069e-77 0.186718
87.64 7.60638e-76 0.189462
87.66 8.81108e-75 0.188858
87.68 1.00267e-73 0.18494
87.7 1.1209e-72 0.177912
87.72 1.231e-71 0.168135
87.74 1.32808e-70 0.156095
87.76 1.40758e-69 0.142364
87.78 1.46554e-68 0.127553
87.8 1.49901e-67 0.112269
87.82 1.50622e-66 0.0970755
87.84 1.4868e-65 0.082459
87.86 1.44177e-64 0.068809
87.88 1.37346e-63 0.0564068
87.9 1.28534e-62 0.0454253
87.92 1.18168e-61 0.0359371
87.94 1.06723e-60 0.0279297
87.96 9.46888e-60 0.0213241
87.98 8.2531e-59 0.0159938
88 7.06666e-58 0.0117846
88.02 5.94417e-57 0.00853013
88.04 4.91187e-56 0.00606563
88.06 3.98733e-55 0.00423716
88.08 3.17978e-54 0.00290773
88.1 2.49109e-53 0.00196025
88.12 1.91718e-52 0.00129822
88.14 1.44949e-51 0.000844627
88.16 1.07658e-50 0.000539834
88.18 7.85519e-50 0.00033895
88.2 5.63049e-49 0.000209069
88.22 3.96474e-48 0.000126684
88.24 2.7426e-47 7.54109e-05
88.26 1.86376e-46 4.40987e-05
88.28 1.24422e-45 2.53336e-05
88.3 8.15985e-45 1.42971e-05
88.32 5.25711e-44 7.92639e-06
88.34 3.32729e-43 4.31702e-06
88.36 2.06878e-42 2.30978e-06
88.38 1.26362e-41 1.21405e-06
88.4 7.58226e-41 6.2688e-07
88.42 4.46951e-40 3.17987e-07
88.44 2.58821e-39 1.58458e-07
88.46 1.47238e-38 7.75707e-08
88.48 8.22844e-38 3.73044e-08
88.5 4.51747e-37 1.76239e-08
88.52 2.43642e-36 8.17944e-09
88.54 1.29089e-35 3.72927e-09
88.56 6.71899e-35 1.67034e-09
88.58 3.43557e-34 7.34958e-10
88.6 1.72573e-33 3.17688e-10
88.62 8.5158e-33 1.34902e-10
88.64 4.12817e-32 5.62749e-11
88.66 1.96593e-31 2.30616e-11
88.68 9.19728e-31 9.28421e-12
88.7 4.22697e-30 3.6718e-12
88.72 1.90844e-29 1.42657e-12
88.74 8.4646e-29 5.44484e-13
88.76 3.6882e-28 2.04153e-13
88.78 1.5787e-27 7.51982e-14
88.8 6.63845e-27 2.72106e-14
88.82 2.74228e-26 9.67269e-15
88.84 1.11285e-25 3.37781e-15
88.86 4.43649e-25 1.15879e-15
88.88 1.73749e-24 3.90527e-16
88.9 6.68474e-24 1.29294e-16
88.92 2.52654e-23 4.20516e-17
88.94 9.38093e-23 1.34359e-17
88.96 3.42173e-22 4.21726e-18
88.98 1.22609e-21 1.30039e-18
89 4.31601e-21 3.93909e-19
89.02 1.49252e-20 1.17219e-19
89.04 5.07032e-20 3.42672e-20
89.06 1.69212e-19 9.84097e-21
89.08 5.54761e-19 2.77637e-21
89.1 1.78673e-18 7.69477e-22
89.12 5.65319e-18 2.09504e-22
89.14 1.75714e-17 5.60363e-23
89.16 5.36534e-17 1.4724e-23
89.18 1.60942e-16 3.80067e-24
89.2 4.74262e-16 9.63774e-25
89.22 1.37293e-15 2.40087e-25
89.24 3.90442e-15 5.87545e-26
89.26 1.0908e-14 1.41252e-26
89.28 2.99372e-14 3.33599e-27
89.3 8.07155e-14 7.73989e-28
89.32 2.13787e-13 1.76411e-28
89.34 5.56271e-13 3.94997e-29
89.36 1.4219e-12 8.68843e-30
89.38 3.57054e-12 1.87745e-30
89.4 8.80796e-12 3.98543e-31
89.42 2.1345e-11 8.31114e-32
89.44 5.08156e-11 1.70265e-32
89.46 1.18844e-10 3.42665e-33
89.48 2.73046e-10 6.77474e-34
89.5 6.16275e-10 1.31582e-34
89.52 1.36644e-09 2.5106e-35
89.54 2.97638e-09 4.70585e-36
89.56 6.3689e-09 8.66519e-37
89.58 1.33881e-08 1.56746e-37
89.6 2.76474e-08 2.78545e-38
89.62 5.60876e-08 4.86266e-39
89.64 1.11779e-07 8.33932e-40
89.66 2.18842e-07 1.40497e-40
89.68 4.20904e-07 2.32532e-41
89.7 7.95267e-07 3.78074e-42
89.72 1.47612e-06 6.0388e-43
89.74 2.6916e-06 9.47553e-44
89.76 4.82147e-06 1.46062e-44
89.78 8.4845e-06 2.21181e-45
89.8 1.46674e-05 3.29032e-46
89.82 2.49091e-05 4.80848e-47
89.84 4.15569e-05 6.9033e-48
89.86 6.81094e-05 9.7361e-49
89.88 0.00010966 1.34894e-49
89.9 0.000173449 1.83603e-50
89.92 0.00026951 2.45496e-51
89.94 0.000411391 3.22471e-52
89.96 0.0006169 4.16116e-53
89.98 0.00090877 5.27494e-54
90 0.00131514 6.56902e-55
