T pH2 oD2
5 1 1
6 1 0.999999
7 1 0.999993
8 1 0.999968
9 1 0.999894
10 1 0.999725
11 0.999998 0.9994
12 0.999994 0.998848
13 0.999982 0.998003
14 0.999954 0.996799
15 0.999897 0.995185
16 0.999791 0.993123
17 0.999608 0.990589
18 0.999316 0.98757
19 0.998873 0.984071
20 0.998235 0.980103
21 0.997352 0.975689
22 0.996173 0.970858
23 0.994646 0.965642
24 0.99272 0.960079
25 0.990348 0.954207
26 0.987485 0.948066
27 0.984095 0.941694
28 0.980146 0.935129
29 0.975614 0.928409
30 0.970483 0.921566
31 0.964746 0.914635
32 0.958402 0.907644
33 0.951458 0.900621
34 0.943928 0.893591
35 0.935835 0.886578
36 0.927203 0.879602
37 0.918065 0.872681
38 0.908457 0.865832
39 0.898417 0.85907
40 0.887987 0.852407
41 0.877208 0.845855
42 0.866126 0.839423
43 0.854783 0.833119
44 0.843223 0.826951
45 0.831488 0.820924
46 0.819618 0.815043
47 0.807652 0.809311
48 0.795627 0.803733
49 0.783577 0.798309
50 0.771534 0.79304
51 0.759527 0.787929
52 0.747584 0.782974
53 0.735729 0.778176
54 0.723982 0.773533
55 0.712365 0.769043
56 0.700894 0.764706
57 0.689583 0.76052
58 0.678447 0.756481
59 0.667495 0.752587
60 0.656737 0.748836
61 0.646181 0.745224
62 0.635833 0.741749
63 0.625697 0.738407
64 0.615777 0.735194
65 0.606076 0.732108
66 0.596594 0.729145
67 0.587333 0.726301
68 0.578292 0.723573
69 0.569471 0.720957
70 0.560867 0.718449
71 0.552479 0.716047
72 0.544305 0.713746
73 0.536341 0.711544
74 0.528584 0.709436
75 0.521031 0.707419
76 0.513679 0.705491
77 0.506523 0.703647
78 0.499559 0.701885
79 0.492784 0.700201
80 0.486193 0.698593
81 0.479782 0.697057
82 0.473547 0.695591
83 0.467483 0.694191
84 0.461586 0.692856
85 0.455853 0.691582
86 0.450278 0.690367
87 0.444858 0.689208
88 0.439588 0.688104
89 0.434465 0.687051
90 0.429484 0.686047
91 0.424641 0.685091
92 0.419934 0.68418
93 0.415357 0.683313
94 0.410908 0.682487
95 0.406582 0.6817
96 0.402376 0.680952
97 0.398288 0.680239
98 0.394312 0.67956
99 0.390447 0.678915
100 0.386689 0.678301
101 0.383035 0.677716
102 0.379482 0.677161
103 0.376027 0.676632
104 0.372667 0.676129
105 0.369399 0.675651
106 0.366222 0.675197
107 0.363131 0.674765
108 0.360126 0.674354
109 0.357202 0.673964
110 0.354359 0.673593
111 0.351593 0.673241
112 0.348903 0.672906
113 0.346286 0.672588
114 0.34374 0.672285
115 0.341263 0.671998
116 0.338854 0.671725
117 0.336509 0.671466
118 0.334228 0.67122
119 0.332009 0.670987
120 0.329849 0.670765
121 0.327748 0.670554
122 0.325703 0.670354
123 0.323713 0.670164
124 0.321776 0.669984
125 0.319891 0.669813
126 0.318057 0.669651
127 0.316271 0.669497
128 0.314534 0.66935
129 0.312842 0.669212
130 0.311196 0.66908
131 0.309594 0.668955
132 0.308034 0.668836
133 0.306515 0.668724
134 0.305037 0.668617
135 0.303598 0.668516
136 0.302197 0.668419
137 0.300833 0.668328
138 0.299505 0.668242
139 0.298212 0.66816
140 0.296953 0.668082
141 0.295727 0.668008
142 0.294534 0.667938
143 0.293372 0.667872
144 0.292241 0.667809
145 0.291139 0.667749
146 0.290066 0.667693
147 0.289021 0.667639
148 0.288004 0.667588
149 0.287014 0.66754
150 0.286049 0.667494
151 0.285109 0.667451
152 0.284195 0.66741
153 0.283304 0.667371
154 0.282436 0.667334
155 0.281591 0.667299
156 0.280768 0.667266
157 0.279966 0.667234
158 0.279186 0.667204
159 0.278425 0.667176
160 0.277685 0.667149
161 0.276964 0.667124
162 0.276261 0.6671
163 0.275577 0.667077
164 0.274911 0.667055
165 0.274262 0.667035
166 0.27363 0.667015
167 0.273014 0.666997
168 0.272414 0.66698
169 0.27183 0.666963
170 0.271261 0.666947
171 0.270707 0.666933
172 0.270167 0.666919
173 0.269642 0.666905
174 0.26913 0.666893
175 0.268631 0.666881
176 0.268145 0.666869
177 0.267672 0.666859
178 0.267211 0.666848
179 0.266762 0.666839
180 0.266324 0.66683
181 0.265898 0.666821
182 0.265484 0.666813
183 0.265079 0.666805
184 0.264686 0.666798
185 0.264302 0.666791
186 0.263929 0.666784
187 0.263565 0.666778
188 0.26321 0.666772
189 0.262865 0.666766
190 0.262529 0.666761
191 0.262201 0.666756
192 0.261882 0.666751
193 0.261572 0.666747
194 0.261269 0.666743
195 0.260974 0.666739
196 0.260687 0.666735
197 0.260407 0.666731
198 0.260135 0.666728
199 0.259869 0.666724
200 0.259611 0.666721
201 0.259359 0.666718
202 0.259114 0.666716
203 0.258875 0.666713
204 0.258642 0.666711
205 0.258416 0.666708
206 0.258195 0.666706
207 0.25798 0.666704
208 0.257771 0.666702
209 0.257567 0.6667
210 0.257368 0.666698
211 0.257175 0.666697
212 0.256986 0.666695
213 0.256803 0.666693
214 0.256624 0.666692
215 0.25645 0.666691
216 0.25628 0.666689
217 0.256115 0.666688
218 0.255954 0.666687
219 0.255798 0.666686
220 0.255645 0.666685
221 0.255497 0.666684
222 0.255352 0.666683
223 0.255211 0.666682
224 0.255074 0.666681
225 0.25494 0.666681
226 0.25481 0.66668
227 0.254683 0.666679
228 0.25456 0.666678
229 0.254439 0.666678
230 0.254322 0.666677
231 0.254208 0.666677
232 0.254097 0.666676
233 0.253989 0.666676
234 0.253884 0.666675
235 0.253781 0.666675
236 0.253681 0.666674
237 0.253584 0.666674
238 0.253489 0.666673
239 0.253397 0.666673
240 0.253307 0.666673
241 0.253219 0.666672
242 0.253134 0.666672
243 0.253051 0.666672
244 0.252971 0.666672
245 0.252892 0.666671
246 0.252815 0.666671
247 0.252741 0.666671
248 0.252668 0.666671
249 0.252597 0.66667
250 0.252529 0.66667
251 0.252461 0.66667
252 0.252396 0.66667
253 0.252333 0.66667
254 0.252271 0.666669
255 0.25221 0.666669
256 0.252152 0.666669
257 0.252095 0.666669
258 0.252039 0.666669
259 0.251985 0.666669
260 0.251932 0.666669
261 0.251881 0.666669
262 0.251831 0.666668
263 0.251782 0.666668
264 0.251735 0.666668
265 0.251688 0.666668
266 0.251643 0.666668
267 0.2516 0.666668
268 0.251557 0.666668
269 0.251516 0.666668
270 0.251475 0.666668
271 0.251436 0.666668
272 0.251398 0.666668
273 0.25136 0.666668
274 0.251324 0.666668
275 0.251289 0.666668
276 0.251254 0.666667
277 0.251221 0.666667
278 0.251188 0.666667
279 0.251157 0.666667
280 0.251126 0.666667
281 0.251096 0.666667
282 0.251066 0.666667
283 0.251038 0.666667
284 0.25101 0.666667
285 0.250983 0.666667
286 0.250957 0.666667
287 0.250931 0.666667
288 0.250906 0.666667
289 0.250882 0.666667
290 0.250859 0.666667
291 0.250836 0.666667
292 0.250813 0.666667
293 0.250792 0.666667
294 0.25077 0.666667
295 0.25075 0.666667
296 0.25073 0.666667
297 0.25071 0.666667
298 0.250691 0.666667
299 0.250672 0.666667
300 0.250654 0.666667
