t bod
0 0
0.2 11.2395
0.4 21.9737
0.6 32.2253
0.8 42.016
1 51.3666
1.2 60.2968
1.4 68.8255
1.6 76.9707
1.8 84.7498
2 92.1791
2.2 99.2744
2.4 106.051
2.6 112.522
2.8 118.703
3 124.606
3.2 130.243
3.4 135.627
3.6 140.769
3.8 145.68
4 150.37
4.2 154.849
4.4 159.127
4.6 163.213
4.8 167.114
5 170.841
5.2 174.4
5.4 177.798
5.6 181.045
5.8 184.145
6 187.105
6.2 189.933
6.4 192.633
6.6 195.213
6.8 197.676
7 200.028
7.2 202.275
7.4 204.42
7.6 206.47
7.8 208.427
8 210.296
8.2 212.081
8.4 213.785
8.6 215.414
8.8 216.969
9 218.454
9.2 219.872
9.4 221.226
9.6 222.52
9.8 223.755
10 224.935
10.2 226.062
10.4 227.138
10.6 228.166
10.8 229.148
11 230.085
11.2 230.981
11.4 231.836
11.6 232.652
11.8 233.432
12 234.177
12.2 234.888
12.4 235.568
12.6 236.217
12.8 236.836
13 237.428
13.2 237.993
13.4 238.533
13.6 239.049
13.8 239.541
14 240.011
14.2 240.46
14.4 240.889
14.6 241.299
14.8 241.69
15 242.064
15.2 242.42
15.4 242.761
15.6 243.087
15.8 243.397
16 243.694
16.2 243.978
16.4 244.248
16.6 244.507
16.8 244.754
17 244.99
17.2 245.215
17.4 245.43
17.6 245.636
17.8 245.832
18 246.019
18.2 246.198
18.4 246.369
18.6 246.532
18.8 246.688
19 246.837
19.2 246.979
19.4 247.115
19.6 247.245
19.8 247.369
20 247.487
20.2 247.6
20.4 247.708
20.6 247.811
20.8 247.909
21 248.003
21.2 248.093
21.4 248.179
21.6 248.261
21.8 248.339
22 248.414
22.2 248.485
22.4 248.553
22.6 248.618
22.8 248.68
23 248.74
23.2 248.796
23.4 248.85
23.6 248.902
23.8 248.951
24 248.999
24.2 249.044
24.4 249.087
24.6 249.128
24.8 249.167
25 249.204
25.2 249.24
25.4 249.274
25.6 249.307
25.8 249.338
26 249.368
26.2 249.396
26.4 249.423
26.6 249.449
26.8 249.474
27 249.498
27.2 249.52
27.4 249.542
27.6 249.562
27.8 249.582
28 249.601
28.2 249.619
28.4 249.636
28.6 249.652
28.8 249.668
29 249.683
29.2 249.697
29.4 249.711
29.6 249.724
29.8 249.736
30 249.748
