V kappa
0 4.26
0.1 4.22582
0.2 4.19172
0.3 4.15768
0.4 4.12371
0.5 4.0898
0.6 4.05596
0.7 4.02219
0.8 3.98849
0.9 3.95486
1 3.92129
1.1 3.88778
1.2 3.85435
1.3 3.82098
1.4 3.78767
1.5 3.75443
1.6 3.72126
1.7 3.68815
1.8 3.65511
1.9 3.62213
2 3.58922
2.1 3.55637
2.2 3.52358
2.3 3.49086
2.4 3.4582
2.5 3.42561
2.6 3.39308
2.7 3.36061
2.8 3.32821
2.9 3.29587
3 3.26359
3.1 3.23138
3.2 3.19922
3.3 3.16713
3.4 3.13511
3.5 3.10314
3.6 3.07124
3.7 3.03939
3.8 3.00761
3.9 2.97589
4 2.94423
4.1 2.91263
4.2 2.88109
4.3 2.84962
4.4 2.8182
4.5 2.78684
4.6 2.75554
4.7 2.72431
4.8 2.69313
4.9 2.66201
5 2.63095
5.1 2.59995
5.2 2.56901
5.3 2.53813
5.4 2.50731
5.5 2.47654
5.6 2.44583
5.7 2.41518
5.8 2.38459
5.9 2.35406
6 2.32358
6.1 2.29317
6.2 2.26281
6.3 2.2325
6.4 2.20226
6.5 2.17207
6.6 2.14193
6.7 2.11186
6.8 2.08184
6.9 2.05187
7 2.02196
7.1 1.99211
7.2 1.96231
7.3 1.93257
7.4 1.90289
7.5 1.87326
7.6 1.84368
7.7 1.81416
7.8 1.78469
7.9 1.75528
8 1.72593
8.1 1.69662
8.2 1.66738
8.3 1.63818
8.4 1.60904
8.5 1.57995
8.6 1.55092
8.7 1.52194
8.8 1.49301
8.9 1.46414
9 1.43532
9.1 1.40655
9.2 1.37784
9.3 1.34918
9.4 1.32057
9.5 1.29201
9.6 1.2635
9.7 1.23505
9.8 1.20665
9.9 1.1783
10 1.15
10.1 1.17154
10.2 1.19303
10.3 1.21449
10.4 1.23591
10.5 1.25729
10.6 1.27863
10.7 1.29993
10.8 1.3212
10.9 1.34242
11 1.36361
11.1 1.38476
11.2 1.40587
11.3 1.42695
11.4 1.44798
11.5 1.46898
11.6 1.48994
11.7 1.51087
11.8 1.53175
11.9 1.5526
12 1.57341
12.1 1.59418
12.2 1.61492
12.3 1.63562
12.4 1.65628
12.5 1.67691
12.6 1.6975
12.7 1.71805
12.8 1.73857
12.9 1.75905
13 1.7795
13.1 1.7999
13.2 1.82028
13.3 1.84061
13.4 1.86091
13.5 1.88118
13.6 1.9014
13.7 1.9216
13.8 1.94176
13.9 1.96188
14 1.98196
14.1 2.00202
14.2 2.02203
14.3 2.04201
14.4 2.06196
14.5 2.08187
14.6 2.10175
14.7 2.12159
14.8 2.1414
14.9 2.16117
15 2.18091
15.1 2.20062
15.2 2.22029
15.3 2.23992
15.4 2.25953
15.5 2.2791
15.6 2.29863
15.7 2.31813
15.8 2.3376
15.9 2.35703
16 2.37643
16.1 2.3958
16.2 2.41513
16.3 2.43443
16.4 2.4537
16.5 2.47293
16.6 2.49213
16.7 2.5113
16.8 2.53043
16.9 2.54954
17 2.56861
17.1 2.58764
17.2 2.60665
17.3 2.62562
17.4 2.64456
17.5 2.66347
17.6 2.68234
17.7 2.70119
17.8 2.72
17.9 2.73878
18 2.75753
18.1 2.77624
18.2 2.79493
18.3 2.81358
18.4 2.8322
18.5 2.85079
18.6 2.86935
18.7 2.88787
18.8 2.90637
18.9 2.92484
19 2.94327
19.1 2.96167
19.2 2.98004
19.3 2.99838
19.4 3.0167
19.5 3.03497
19.6 3.05322
19.7 3.07144
19.8 3.08963
19.9 3.10779
20 3.12592
