E i
0.3 1.13594e-08
0.303958 1.32515e-08
0.307917 1.54588e-08
0.311875 1.80337e-08
0.315833 2.10375e-08
0.319792 2.45417e-08
0.32375 2.86295e-08
0.327708 3.33982e-08
0.331667 3.89613e-08
0.335625 4.54509e-08
0.339583 5.30215e-08
0.343542 6.18532e-08
0.3475 7.21559e-08
0.351458 8.41747e-08
0.355417 9.81954e-08
0.359375 1.14551e-07
0.363333 1.33632e-07
0.367292 1.55891e-07
0.37125 1.81857e-07
0.375208 2.12148e-07
0.379167 2.47485e-07
0.383125 2.88708e-07
0.387083 3.36797e-07
0.391042 3.92896e-07
0.395 4.5834e-07
0.398958 5.34684e-07
0.402917 6.23745e-07
0.406875 7.2764e-07
0.410833 8.48841e-07
0.414792 9.9023e-07
0.41875 1.15517e-06
0.422708 1.34758e-06
0.426667 1.57204e-06
0.430625 1.83389e-06
0.434583 2.13936e-06
0.438542 2.49571e-06
0.4425 2.91141e-06
0.446458 3.39635e-06
0.450417 3.96207e-06
0.454375 4.62201e-06
0.458333 5.39188e-06
0.462292 6.28999e-06
0.46625 7.33768e-06
0.470208 8.55989e-06
0.474167 9.98567e-06
0.478125 1.16489e-05
0.482083 1.35892e-05
0.486042 1.58527e-05
0.49 1.84932e-05
0.493958 2.15735e-05
0.497917 2.51668e-05
0.501875 2.93587e-05
0.505833 3.42487e-05
0.509792 3.99532e-05
0.51375 4.66078e-05
0.517708 5.43706e-05
0.521667 6.34264e-05
0.525625 7.39904e-05
0.529583 8.63137e-05
0.533542 0.000100689
0.5375 0.000117459
0.541458 0.000137021
0.545417 0.00015984
0.549375 0.00018646
0.553333 0.000217511
0.557292 0.000253732
0.56125 0.000295983
0.565208 0.000345266
0.569167 0.000402753
0.573125 0.000469807
0.577083 0.000548019
0.581042 0.000639242
0.585 0.000745639
0.588958 0.00086973
0.592917 0.00101445
0.596875 0.00118323
0.600833 0.00138004
0.604792 0.00160954
0.60875 0.00187713
0.612708 0.00218912
0.616667 0.00255282
0.620625 0.00297677
0.624583 0.00347088
0.628542 0.00404667
0.6325 0.00471754
0.636458 0.005499
0.640417 0.00640908
0.644375 0.00746865
0.648333 0.00870186
0.652292 0.0101366
0.65625 0.0118051
0.660208 0.0137444
0.664167 0.0159972
0.668125 0.0186122
0.672083 0.0216452
0.676042 0.0251599
0.68 0.0292282
0.683958 0.0339315
0.687917 0.0393609
0.691875 0.045618
0.695833 0.0528152
0.699792 0.0610751
0.70375 0.0705307
0.707708 0.0813234
0.711667 0.0936013
0.715625 0.107516
0.719583 0.123218
0.723542 0.140851
0.7275 0.160546
0.731458 0.182409
0.735417 0.206518
0.739375 0.232905
0.743333 0.261553
0.747292 0.292381
0.75125 0.325242
0.755208 0.359919
0.759167 0.396121
0.763125 0.4335
0.767083 0.47165
0.771042 0.510134
0.775 0.548499
0.778958 0.586296
0.782917 0.623103
0.786875 0.658542
0.790833 0.692295
0.794792 0.724109
0.79875 0.753803
0.802708 0.781267
0.806667 0.806454
0.810625 0.829374
0.814583 0.850084
0.818542 0.868679
0.8225 0.885278
0.826458 0.900021
0.830417 0.913055
0.834375 0.924533
0.838333 0.934603
0.842292 0.943413
0.84625 0.951097
0.850208 0.957785
0.854167 0.963593
0.858125 0.968628
0.862083 0.972987
0.866042 0.976754
0.87 0.980007
0.873958 0.982813
0.877917 0.98523
0.881875 0.987313
0.885833 0.989104
0.889792 0.990646
0.89375 0.99197
0.897708 0.993109
0.901667 0.994087
0.905625 0.994927
0.909583 0.995648
0.913542 0.996267
0.9175 0.996799
0.921458 0.997254
0.925417 0.997646
0.929375 0.997981
0.933333 0.998269
0.937292 0.998516
0.94125 0.998727
0.945208 0.998909
0.949167 0.999064
0.953125 0.999198
0.957083 0.999312
0.961042 0.999411
0.965 0.999495
0.968958 0.999567
0.972917 0.999629
0.976875 0.999682
0.980833 0.999727
0.984792 0.999766
0.98875 0.999799
0.992708 0.999828
0.996667 0.999853
1.00063 0.999874
1.00458 0.999892
1.00854 0.999907
1.0125 0.99992
1.01646 0.999932
1.02042 0.999942
1.02438 0.99995
1.02833 0.999957
1.03229 0.999963
1.03625 0.999968
1.04021 0.999973
1.04417 0.999977
1.04812 0.99998
1.05208 0.999983
1.05604 0.999985
1.06 0.999987
1.06396 0.999989
1.06792 0.999991
1.07187 0.999992
1.07583 0.999993
1.07979 0.999994
1.08375 0.999995
1.08771 0.999996
1.09167 0.999996
1.09562 0.999997
1.09958 0.999997
1.10354 0.999998
1.1075 0.999998
1.11146 0.999998
1.11542 0.999999
1.11937 0.999999
1.12333 0.999999
1.12729 0.999999
1.13125 0.999999
1.13521 0.999999
1.13917 0.999999
1.14312 1
1.14708 1
1.15104 1
1.155 1
1.15896 1
1.16292 1
1.16687 1
1.17083 1
1.17479 1
1.17875 1
1.18271 1
1.18667 1
1.19063 1
1.19458 1
1.19854 1
1.2025 1
1.20646 1
1.21042 1
1.21437 1
1.21833 1
1.22229 1
1.22625 1
1.23021 1
1.23417 1
1.23812 1
1.24208 1
1.24604 1
1.25 1
