t X Y
0 1 1
0.05 0.907038 1.09534
0.1 0.826564 1.18252
0.15 0.756642 1.26291
0.2 0.695764 1.33751
0.25 0.642718 1.40712
0.3 0.596496 1.47239
0.35 0.556245 1.53385
0.4 0.521228 1.59195
0.45 0.490803 1.64709
0.5 0.464407 1.69962
0.55 0.441541 1.74985
0.6 0.421768 1.79806
0.65 0.404698 1.84447
0.7 0.38999 1.88932
0.75 0.377343 1.9328
0.8 0.366491 1.97506
0.85 0.357202 2.01626
0.9 0.349273 2.05653
0.95 0.342526 2.09599
1 0.336806 2.13473
1.05 0.331978 2.17284
1.1 0.327925 2.2104
1.15 0.324546 2.24747
1.2 0.321752 2.28411
1.25 0.319467 2.32037
1.3 0.317626 2.35628
1.35 0.316171 2.39189
1.4 0.315053 2.42723
1.45 0.314229 2.46233
1.5 0.313663 2.4972
1.55 0.313323 2.53186
1.6 0.313181 2.56634
1.65 0.313214 2.60065
1.7 0.313402 2.6348
1.75 0.313727 2.66879
1.8 0.314174 2.70265
1.85 0.31473 2.73637
1.9 0.315384 2.76997
1.95 0.316126 2.80344
2 0.316947 2.83679
2.05 0.317842 2.87002
2.1 0.318803 2.90315
2.15 0.319825 2.93616
2.2 0.320905 2.96906
2.25 0.322037 3.00186
2.3 0.32322 3.03454
2.35 0.324451 3.06712
2.4 0.325726 3.09959
2.45 0.327046 3.13195
2.5 0.328407 3.1642
2.55 0.329809 3.19635
2.6 0.331251 3.22838
2.65 0.332732 3.2603
2.7 0.334253 3.2921
2.75 0.335812 3.32379
2.8 0.33741 3.35536
2.85 0.339048 3.38682
2.9 0.340724 3.41814
2.95 0.34244 3.44935
3 0.344197 3.48043
3.05 0.345995 3.51137
3.1 0.347835 3.54219
3.15 0.349718 3.57287
3.2 0.351645 3.60341
3.25 0.353618 3.6338
3.3 0.355638 3.66405
3.35 0.357706 3.69415
3.4 0.359824 3.72409
3.45 0.361994 3.75388
3.5 0.364218 3.7835
3.55 0.366497 3.81295
3.6 0.368835 3.84223
3.65 0.371234 3.87133
3.7 0.373695 3.90025
3.75 0.376223 3.92897
3.8 0.378819 3.9575
3.85 0.381488 3.98582
3.9 0.384232 4.01394
3.95 0.387056 4.04183
4 0.389963 4.0695
4.05 0.392957 4.09693
4.1 0.396044 4.12412
4.15 0.399229 4.15105
4.2 0.402516 4.17772
4.25 0.405911 4.20412
4.3 0.409422 4.23022
4.35 0.413055 4.25603
4.4 0.416817 4.28152
4.45 0.420716 4.30668
4.5 0.424763 4.3315
4.55 0.428965 4.35596
4.6 0.433335 4.38003
4.65 0.437883 4.4037
4.7 0.442623 4.42695
4.75 0.44757 4.44975
4.8 0.452738 4.47208
4.85 0.458145 4.4939
4.9 0.463812 4.51518
4.95 0.46976 4.5359
5 0.476012 4.556
5.05 0.482598 4.57545
5.1 0.489547 4.5942
5.15 0.496894 4.61219
5.2 0.50468 4.62937
5.25 0.512949 4.64566
5.3 0.521754 4.66099
5.35 0.531154 4.67527
5.4 0.541218 4.6884
5.45 0.552027 4.70027
5.5 0.563674 4.71073
5.55 0.576271 4.71964
5.6 0.589947 4.72681
5.65 0.604859 4.73203
5.7 0.621195 4.73505
5.75 0.639183 4.73556
5.8 0.659098 4.7332
5.85 0.681285 4.72751
5.9 0.70617 4.71795
5.95 0.734292 4.70384
6 0.766335 4.6843
6.05 0.803187 4.65823
6.1 0.846009 4.6242
6.15 0.896344 4.58034
6.2 0.956276 4.52414
6.25 1.02866 4.45219
6.3 1.11747 4.35981
6.35 1.22829 4.24045
6.4 1.36899 4.08496
6.45 1.55048 3.88069
6.5 1.78689 3.6111
6.55 2.09332 3.25798
6.6 2.47601 2.81136
6.65 2.9102 2.29261
6.7 3.32076 1.77597
6.75 3.61392 1.35881
6.8 3.75059 1.0874
6.85 3.75979 0.940018
6.9 3.6909 0.872405
6.95 3.58153 0.849853
7 3.45363 0.851827
7.05 3.31876 0.867371
7.1 3.1828 0.890793
7.15 3.0487 0.919115
7.2 2.91793 0.950741
7.25 2.79117 0.984789
7.3 2.66873 1.02075
7.35 2.55067 1.05834
7.4 2.43698 1.09736
7.45 2.32755 1.13769
7.5 2.22226 1.17926
7.55 2.12097 1.22198
7.6 2.02354 1.26582
7.65 1.92982 1.31071
7.7 1.8397 1.35661
7.75 1.75305 1.40346
7.8 1.66976 1.4512
7.85 1.58972 1.49976
7.9 1.51286 1.54907
7.95 1.4391 1.59904
8 1.36836 1.6496
8.05 1.30061 1.70065
8.1 1.23578 1.75207
8.15 1.17385 1.80377
8.2 1.11478 1.85564
8.25 1.05854 1.90756
8.3 1.0051 1.95942
8.35 0.954435 2.01111
8.4 0.906516 2.06252
8.45 0.861309 2.11354
8.5 0.818772 2.16409
8.55 0.778861 2.21407
8.6 0.741519 2.26341
8.65 0.706684 2.31205
8.7 0.674284 2.35994
8.75 0.644239 2.40703
8.8 0.61646 2.4533
8.85 0.590853 2.49873
8.9 0.567317 2.54332
8.95 0.545747 2.58707
9 0.526035 2.63
9.05 0.508072 2.67212
9.1 0.491747 2.71345
9.15 0.476953 2.75403
9.2 0.463581 2.7939
9.25 0.451529 2.83308
9.3 0.440697 2.87161
9.35 0.43099 2.90953
9.4 0.422317 2.94687
9.45 0.414594 2.98368
9.5 0.40774 3.01998
9.55 0.401682 3.0558
9.6 0.39635 3.09119
9.65 0.391682 3.12616
9.7 0.387618 3.16074
9.75 0.384107 3.19496
9.8 0.381098 3.22884
9.85 0.378548 3.2624
9.9 0.376416 3.29566
9.95 0.374666 3.32864
10 0.373265 3.36134
10.05 0.372183 3.39379
10.1 0.371394 3.42599
10.15 0.370874 3.45795
10.2 0.370601 3.48969
10.25 0.370556 3.52121
10.3 0.370723 3.55251
10.35 0.371087 3.5836
10.4 0.371633 3.61449
10.45 0.37235 3.64517
10.5 0.373228 3.67565
10.55 0.374257 3.70594
10.6 0.375431 3.73602
10.65 0.376742 3.76591
10.7 0.378184 3.79559
10.75 0.379752 3.82508
10.8 0.381444 3.85436
10.85 0.383255 3.88343
10.9 0.385183 3.91229
10.95 0.387226 3.94094
11 0.389384 3.96936
11.05 0.391656 3.99757
11.1 0.394042 4.02554
11.15 0.396544 4.05327
11.2 0.399162 4.08076
11.25 0.401898 4.108
11.3 0.404757 4.13498
11.35 0.407739 4.16168
11.4 0.410851 4.18811
11.45 0.414095 4.21424
11.5 0.417478 4.24007
11.55 0.421005 4.26558
11.6 0.424684 4.29076
11.65 0.428521 4.31559
11.7 0.432526 4.34006
11.75 0.436707 4.36415
11.8 0.441077 4.38784
11.85 0.445646 4.4111
11.9 0.450428 4.43392
11.95 0.455437 4.45626
12 0.460692 4.4781
12.05 0.466209 4.49942
12.1 0.472011 4.52016
12.15 0.47812 4.5403
12.2 0.484563 4.55979
12.25 0.49137 4.57859
12.3 0.498574 4.59664
12.35 0.506215 4.61388
12.4 0.514336 4.63024
12.45 0.522988 4.64566
12.5 0.532228 4.66004
12.55 0.542124 4.67329
12.6 0.552754 4.68529
12.65 0.564208 4.69592
12.7 0.576595 4.70502
12.75 0.59004 4.71241
12.8 0.604695 4.71789
12.85 0.620741 4.72122
12.9 0.638396 4.72209
12.95 0.657929 4.72016
13 0.679668 4.71499
13.05 0.704022 4.70605
13.1 0.731505 4.6927
13.15 0.762772 4.67409
13.2 0.798663 4.64918
13.25 0.840279 4.61662
13.3 0.889074 4.57463
13.35 0.947006 4.52084
13.4 1.01675 4.45206
13.45 1.10199 4.36392
13.5 1.20793 4.25033
13.55 1.34183 4.10282
13.6 1.51382 3.90962
13.65 1.73718 3.65523
13.7 2.0268 3.32182
13.75 2.39146 2.89701
13.8 2.81459 2.39388
13.85 3.23222 1.87486
13.9 3.55098 1.43595
13.95 3.71768 1.13688
14 3.74964 0.967777
14.05 3.69451 0.886531
14.1 3.59257 0.856162
14.15 3.46842 0.853729
14.2 3.33531 0.86673
14.25 3.20004 0.888619
14.3 3.06605 0.915965
14.35 2.93507 0.946927
14.4 2.80795 0.980495
14.45 2.68504 1.01609
14.5 2.56649 1.05338
14.55 2.45227 1.09214
14.6 2.34232 1.13225
14.65 2.23651 1.17361
14.7 2.1347 1.21615
14.75 2.03677 1.25981
14.8 1.94257 1.30454
14.85 1.85198 1.35028
14.9 1.76487 1.39699
14.95 1.68112 1.44459
15 1.60065 1.49303
15.05 1.52336 1.54224
15.1 1.44918 1.59212
15.15 1.37804 1.6426
15.2 1.30987 1.69357
15.25 1.24465 1.74494
15.3 1.18232 1.79661
15.35 1.12286 1.84846
15.4 1.06622 1.90038
15.45 1.0124 1.95225
15.5 0.961351 2.00396
15.55 0.913052 2.05541
15.6 0.86747 2.10649
15.65 0.824565 2.15711
15.7 0.784291 2.20717
15.75 0.746595 2.25661
15.8 0.711415 2.30535
15.85 0.67868 2.35334
15.9 0.648312 2.40054
15.95 0.620222 2.44693
16 0.594318 2.49248
16.05 0.570498 2.53718
16.1 0.54866 2.58105
16.15 0.528695 2.62409
16.2 0.510494 2.66632
16.25 0.493946 2.70776
16.3 0.478944 2.74845
16.35 0.465379 2.78841
16.4 0.453149 2.82768
16.45 0.442152 2.8663
16.5 0.432293 2.90431
16.55 0.42348 2.94173
16.6 0.415628 2.97861
16.65 0.408657 3.01497
16.7 0.402492 3.05086
16.75 0.397062 3.08631
16.8 0.392305 3.12133
16.85 0.38816 3.15597
16.9 0.384574 3.19024
16.95 0.381497 3.22417
17 0.378885 3.25777
17.05 0.376697 3.29107
17.1 0.374895 3.32408
17.15 0.373447 3.35682
17.2 0.372322 3.38931
17.25 0.371493 3.42154
17.3 0.370937 3.45354
17.35 0.370631 3.48531
17.4 0.370555 3.51685
17.45 0.370693 3.54818
17.5 0.37103 3.57931
17.55 0.371551 3.61022
17.6 0.372245 3.64093
17.65 0.373101 3.67144
17.7 0.37411 3.70175
17.75 0.375263 3.73187
17.8 0.376555 3.76178
17.85 0.377979 3.79149
17.9 0.379531 3.82101
17.95 0.381205 3.85031
18 0.382999 3.87941
18.05 0.384911 3.9083
18.1 0.386938 3.93698
18.15 0.38908 3.96544
18.2 0.391336 3.99367
18.25 0.393707 4.02168
18.3 0.396192 4.04945
18.35 0.398794 4.07697
18.4 0.401514 4.10424
18.45 0.404355 4.13125
18.5 0.40732 4.158
18.55 0.410414 4.18446
18.6 0.413639 4.21064
18.65 0.417003 4.23651
18.7 0.42051 4.26206
18.75 0.424167 4.28729
18.8 0.427981 4.31217
18.85 0.431962 4.33669
18.9 0.436119 4.36084
18.95 0.440461 4.38458
19 0.445002 4.4079
19.05 0.449753 4.43078
19.1 0.454731 4.45319
19.15 0.45995 4.47511
19.2 0.46543 4.4965
19.25 0.471191 4.51732
19.3 0.477256 4.53755
19.35 0.483651 4.55713
19.4 0.490405 4.57603
19.45 0.497553 4.59418
19.5 0.505131 4.61154
19.55 0.513182 4.62803
19.6 0.521757 4.64358
19.65 0.530912 4.65811
19.7 0.540713 4.67153
19.75 0.551236 4.68371
19.8 0.562571 4.69453
19.85 0.574821 4.70385
19.9 0.588111 4.71149
19.95 0.602589 4.71725
20 0.61843 4.72089
20.05 0.635848 4.72212
20.1 0.655103 4.7206
20.15 0.676514 4.71591
20.2 0.700478 4.70753
20.25 0.727493 4.69483
20.3 0.75819 4.67701
20.35 0.793383 4.65305
20.4 0.834129 4.62164
20.45 0.881827 4.58108
20.5 0.938354 4.52909
20.55 1.00627 4.46261
20.6 1.0891 4.37747
20.65 1.19179 4.26785
20.7 1.32129 4.12565
20.75 1.48728 3.93962
20.8 1.70264 3.69475
20.85 1.98229 3.37328
20.9 2.3367 2.96121
20.95 2.75436 2.46646
21 3.17828 1.94406
21.05 3.51553 1.48893
21.1 3.70359 1.16973
21.15 3.7515 0.98495
21.2 3.70567 0.894059
21.25 3.60841 0.858316
21.3 3.48635 0.852943
21.35 3.35397 0.864295
21.4 3.21873 0.885209
21.45 3.08444 0.911934
21.5 2.95298 0.94247
21.55 2.82529 0.975718
21.6 2.70179 1.01106
21.65 2.58264 1.04812
21.7 2.46782 1.08669
21.75 2.35729 1.12662
21.8 2.25091 1.16781
21.85 2.14856 1.21019
21.9 2.0501 1.2537
21.95 1.95539 1.29828
22 1.86431 1.34389
22.05 1.77672 1.39047
22.1 1.69252 1.43795
22.15 1.6116 1.48628
22.2 1.53387 1.53538
22.25 1.45926 1.58518
22.3 1.3877 1.63558
22.35 1.31913 1.68649
22.4 1.2535 1.73781
22.45 1.19078 1.78945
22.5 1.13092 1.84128
22.55 1.07389 1.89319
22.6 1.01968 1.94508
22.65 0.968251 1.99682
22.7 0.919574 2.04831
22.75 0.873618 2.09945
22.8 0.830345 2.15013
22.85 0.78971 2.20028
22.9 0.751661 2.2498
22.95 0.716136 2.29864
23 0.683068 2.34674
23.05 0.652377 2.39406
23.1 0.623977 2.44056
23.15 0.597776 2.48622
23.2 0.573674 2.53105
23.25 0.551568 2.57503
23.3 0.53135 2.61818
23.35 0.512912 2.66052
23.4 0.496142 2.70207
23.45 0.480932 2.74286
23.5 0.467175 2.78292
23.55 0.454766 2.82229
23.6 0.443604 2.861
23.65 0.433593 2.89908
23.7 0.424641 2.93658
23.75 0.416661 2.97353
23.8 0.409572 3.00997
23.85 0.4033 3.04592
23.9 0.397772 3.08143
23.95 0.392925 3.11651
24 0.388699 3.1512
24.05 0.385039 3.18552
24.1 0.381894 3.21949
24.15 0.379221 3.25314
24.2 0.376976 3.28648
24.25 0.375123 3.31953
24.3 0.373627 3.35231
24.35 0.372459 3.38483
24.4 0.371591 3.41709
24.45 0.370998 3.44912
24.5 0.370659 3.48092
24.55 0.370552 3.5125
24.6 0.370662 3.54386
24.65 0.370972 3.57501
24.7 0.371468 3.60595
24.75 0.372139 3.63669
24.8 0.372973 3.66723
24.85 0.373961 3.69757
24.9 0.375095 3.72771
24.95 0.376369 3.75765
25 0.377775 3.78739
25.05 0.379308 3.81693
25.1 0.380966 3.84627
25.15 0.382744 3.8754
25.2 0.38464 3.90432
25.25 0.386651 3.93303
25.3 0.388777 3.96151
25.35 0.391017 3.98978
25.4 0.393372 4.01782
25.45 0.395841 4.04562
25.5 0.398427 4.07318
25.55 0.40113 4.10048
25.6 0.403955 4.12753
25.65 0.406903 4.15431
25.7 0.409978 4.18082
25.75 0.413185 4.20703
25.8 0.416529 4.23294
25.85 0.420015 4.25855
25.9 0.423651 4.28382
25.95 0.427444 4.30875
26 0.431401 4.33332
26.05 0.435533 4.35752
26.1 0.439849 4.38132
26.15 0.444361 4.4047
26.2 0.449083 4.42764
26.25 0.454028 4.45012
26.3 0.459213 4.47211
26.35 0.464655 4.49357
26.4 0.470376 4.51447
26.45 0.476397 4.53478
26.5 0.482745 4.55446
26.55 0.489448 4.57345
26.6 0.496539 4.59171
26.65 0.504055 4.60919
26.7 0.512038 4.6258
26.75 0.520537 4.64149
26.8 0.529608 4.65617
26.85 0.539316 4.66974
26.9 0.549734 4.6821
26.95 0.56095 4.69312
27 0.573067 4.70266
27.05 0.586205 4.71054
27.1 0.600508 4.71658
27.15 0.616149 4.72052
27.2 0.633334 4.72211
27.25 0.652318 4.72099
27.3 0.673409 4.71677
27.35 0.696992 4.70894
27.4 0.723551 4.69688
27.45 0.753695 4.67982
27.5 0.788208 4.65678
27.55 0.828111 4.62649
27.6 0.874747 4.58731
27.65 0.929918 4.53707
27.7 0.99607 4.47282
27.75 1.07658 4.39056
27.8 1.17616 4.28475
27.85 1.30145 4.14765
27.9 1.46169 3.96849
27.95 1.66934 3.7328
28 1.93924 3.42297
28.05 2.28323 3.02374
28.1 2.69433 2.53842
28.15 3.12263 2.0146
28.2 3.47709 1.54463
28.25 3.68677 1.20521
28.3 3.75158 1.00391
28.35 3.71587 0.902618
28.4 3.6238 0.861032
28.45 3.50409 0.852467
28.5 3.37258 0.862038
28.55 3.23745 0.881907
28.6 3.10289 0.907975
28.65 2.97096 0.938064
28.7 2.84272 0.970982
28.75 2.71863 1.00606
28.8 2.59887 1.0429
28.85 2.48346 1.08127
28.9 2.37233 1.12102
28.95 2.26539 1.16204
29 2.16249 1.20426
29.05 2.0635 1.24761
29.1 1.96828 1.29205
29.15 1.8767 1.33752
29.2 1.78864 1.38397
29.25 1.70397 1.43133
29.3 1.6226 1.47955
29.35 1.54444 1.52855
29.4 1.46941 1.57825
29.45 1.39743 1.62857
29.5 1.32845 1.67942
29.55 1.26241 1.73069
29.6 1.19929 1.78229
29.65 1.13903 1.8341
29.7 1.08162 1.886
29.75 1.02702 1.9379
29.8 0.975204 1.98967
29.85 0.926148 2.0412
29.9 0.879817 2.0924
29.95 0.836175 2.14315
30 0.795178 2.19337
30.05 0.756775 2.24299
30.1 0.720905 2.29193
30.15 0.687501 2.34013
30.2 0.656486 2.38756
30.25 0.627774 2.43417
30.3 0.601275 2.47995
30.35 0.576889 2.52489
30.4 0.554513 2.56899
30.45 0.53404 2.61226
30.5 0.515361 2.65471
30.55 0.498367 2.69637
30.6 0.482948 2.73726
30.65 0.468996 2.77742
30.7 0.456407 2.81688
30.75 0.445078 2.85568
30.8 0.434913 2.89385
30.85 0.42582 2.93143
30.9 0.41771 2.96845
30.95 0.410503 3.00496
31 0.404122 3.04097
31.05 0.398495 3.07654
31.1 0.393558 3.11168
31.15 0.389249 3.14642
31.2 0.385513 3.18079
31.25 0.3823 3.21481
31.3 0.379564 3.2485
31.35 0.377262 3.28188
31.4 0.375357 3.31497
31.45 0.373814 3.34779
31.5 0.372603 3.38034
31.55 0.371695 3.41264
31.6 0.371065 3.4447
31.65 0.370691 3.47654
31.7 0.370554 3.50814
31.75 0.370635 3.53953
31.8 0.370918 3.57071
31.85 0.371389 3.60168
31.9 0.372036 3.63245
31.95 0.372848 3.66302
32 0.373816 3.69338
32.05 0.37493 3.72355
32.1 0.376184 3.75352
32.15 0.377572 3.78329
32.2 0.379089 3.81286
32.25 0.380729 3.84222
32.3 0.382491 3.87138
32.35 0.38437 3.90033
32.4 0.386366 3.92907
32.45 0.388476 3.95758
32.5 0.390701 3.98588
32.55 0.393039 4.01395
32.6 0.395493 4.04178
32.65 0.398062 4.06938
32.7 0.400749 4.09672
32.75 0.403557 4.1238
32.8 0.406487 4.15062
32.85 0.409544 4.17717
32.9 0.412733 4.20342
32.95 0.416058 4.22938
33 0.419524 4.25502
33.05 0.423139 4.28034
33.1 0.426909 4.30532
33.15 0.430843 4.32994
33.2 0.43495 4.35419
33.25 0.43924 4.37805
33.3 0.443725 4.40149
33.35 0.448416 4.4245
33.4 0.45333 4.44704
33.45 0.45848 4.46909
33.5 0.463886 4.49063
33.55 0.469567 4.51162
33.6 0.475545 4.53201
33.65 0.481846 4.55178
33.7 0.488498 4.57087
33.75 0.495533 4.58923
33.8 0.502988 4.60682
33.85 0.510904 4.62356
33.9 0.519328 4.63938
33.95 0.528317 4.6542
34 0.537932 4.66793
34.05 0.548246 4.68047
34.1 0.559346 4.69168
34.15 0.571332 4.70143
34.2 0.584321 4.70956
34.25 0.598453 4.71586
34.3 0.613897 4.72011
34.35 0.630855 4.72204
34.4 0.649572 4.72132
34.45 0.670351 4.71755
34.5 0.693563 4.71026
34.55 0.719677 4.69882
34.6 0.749282 4.68251
34.65 0.783136 4.66037
34.7 0.822221 4.63117
34.75 0.867831 4.59334
34.8 0.921691 4.54478
34.85 0.986147 4.48268
34.9 1.06442 4.4032
34.95 1.16102 4.30106
35 1.28226 4.16885
35.05 1.437 3.99629
35.1 1.63724 3.76942
35.15 1.89764 3.47093
35.2 2.23111 3.08456
35.25 2.63471 2.60955
35.3 3.06553 2.08619
35.35 3.43575 1.60298
35.4 3.6671 1.2434
35.45 3.74975 1.02478
35.5 3.72502 0.912295
35.55 3.63868 0.864362
35.6 3.52162 0.852328
35.65 3.39113 0.859972
35.7 3.25619 0.87872
35.75 3.12138 0.904092
35.8 2.98902 0.933711
35.85 2.86023 0.966286
35.9 2.73555 1.00109
35.95 2.61518 1.03771
36 2.49917 1.07587
36.05 2.38746 1.11544
36.1 2.27994 1.15629
36.15 2.17649 1.19834
36.2 2.07697 1.24155
36.25 1.98124 1.28584
36.3 1.88916 1.33117
36.35 1.80062 1.37748
36.4 1.71549 1.42472
36.45 1.63367 1.47283
36.5 1.55507 1.52172
36.55 1.47961 1.57133
36.6 1.40721 1.62157
36.65 1.33782 1.67235
36.7 1.27138 1.72357
36.75 1.20785 1.77513
36.8 1.1472 1.82692
36.85 1.08939 1.87882
36.9 1.03441 1.93072
36.95 0.98221 1.98252
37 0.932774 2.03409
37.05 0.886068 2.08533
37.1 0.842057 2.13615
37.15 0.800696 2.18646
37.2 0.761937 2.23616
37.25 0.72572 2.2852
37.3 0.69198 2.33351
37.35 0.660639 2.38104
37.4 0.631614 2.42777
37.45 0.604814 2.47367
37.5 0.580141 2.51872
37.55 0.557494 2.56294
37.6 0.536764 2.60632
37.65 0.517844 2.64888
37.7 0.500623 2.69065
37.75 0.484992 2.73165
37.8 0.470843 2.7719
37.85 0.458071 2.81146
37.9 0.446574 2.85035
37.95 0.436254 2.8886
38 0.427018 2.92626
38.05 0.418777 2.96336
38.1 0.41145 2.99993
38.15 0.404958 3.03602
38.2 0.399231 3.07164
38.25 0.394202 3.10684
38.3 0.38981 3.14163
38.35 0.385998 3.17605
38.4 0.382716 3.21012
38.45 0.379916 3.24386
38.5 0.377556 3.27728
38.55 0.375598 3.31041
38.6 0.374007 3.34326
38.65 0.372752 3.37585
38.7 0.371803 3.40819
38.75 0.371136 3.44028
38.8 0.370729 3.47214
38.85 0.37056 3.50378
38.9 0.370611 3.5352
38.95 0.370867 3.56641
39 0.371313 3.59741
39.05 0.371936 3.62821
39.1 0.372726 3.6588
39.15 0.373673 3.68919
39.2 0.374767 3.71939
39.25 0.376003 3.74938
39.3 0.377372 3.77918
39.35 0.378871 3.80878
39.4 0.380495 3.83817
39.45 0.38224 3.86736
39.5 0.384103 3.89634
39.55 0.386083 3.9251
39.6 0.388177 3.95365
39.65 0.390386 3.98198
39.7 0.392709 4.01008
39.75 0.395146 4.03795
39.8 0.397699 4.06557
39.85 0.40037 4.09295
39.9 0.403161 4.12007
39.95 0.406074 4.14693
40 0.409114 4.17351
