E i
-1.1 -1
-1.095 -1
-1.09 -1
-1.085 -1
-1.08 -1
-1.075 -1
-1.07 -1
-1.065 -1
-1.06 -1
-1.055 -1
-1.05 -1
-1.045 -1
-1.04 -1
-1.035 -1
-1.03 -1
-1.025 -1
-1.02 -1
-1.015 -1
-1.01 -1
-1.005 -1
-1 -1
-0.995 -1
-0.99 -1
-0.985 -1
-0.98 -1
-0.975 -1
-0.97 -1
-0.965 -1
-0.96 -1
-0.955 -1
-0.95 -1
-0.945 -1
-0.94 -1
-0.935 -1
-0.93 -1
-0.925 -1
-0.92 -1
-0.915 -1
-0.91 -1
-0.905 -1
-0.9 -1
-0.895 -1
-0.89 -1
-0.885 -1
-0.88 -1
-0.875 -1
-0.87 -1
-0.865 -1
-0.86 -1
-0.855 -1
-0.85 -1
-0.845 -1
-0.84 -1
-0.835 -1
-0.83 -1
-0.825 -1
-0.82 -1
-0.815 -1
-0.81 -1
-0.805 -1
-0.8 -1
-0.795 -1
-0.79 -1
-0.785 -1
-0.78 -1
-0.775 -1
-0.77 -1
-0.765 -1
-0.76 -1
-0.755 -1
-0.75 -1
-0.745 -1
-0.74 -1
-0.735 -1
-0.73 -1
-0.725 -1
-0.72 -1
-0.715 -1
-0.71 -1
-0.705 -1
-0.7 -1
-0.695 -1
-0.69 -1
-0.685 -1
-0.68 -1
-0.675 -1
-0.67 -1
-0.665 -1
-0.66 -1
-0.655 -1
-0.65 -1
-0.645 -1
-0.64 -1
-0.635 -1
-0.63 -1
-0.625 -0.999999
-0.62 -0.999999
-0.615 -0.999999
-0.61 -0.999999
-0.605 -0.999999
-0.6 -0.999999
-0.595 -0.999999
-0.59 -0.999999
-0.585 -0.999999
-0.58 -0.999999
-0.575 -0.999999
-0.57 -0.999998
-0.565 -0.999998
-0.56 -0.999998
-0.555 -0.999998
-0.55 -0.999998
-0.545 -0.999998
-0.54 -0.999997
-0.535 -0.999997
-0.53 -0.999997
-0.525 -0.999996
-0.52 -0.999996
-0.515 -0.999995
-0.51 -0.999995
-0.505 -0.999994
-0.5 -0.999994
-0.495 -0.999993
-0.49 -0.999992
-0.485 -0.999992
-0.48 -0.999991
-0.475 -0.99999
-0.47 -0.999989
-0.465 -0.999988
-0.46 -0.999986
-0.455 -0.999985
-0.45 -0.999983
-0.445 -0.999982
-0.44 -0.99998
-0.435 -0.999977
-0.43 -0.999975
-0.425 -0.999972
-0.42 -0.99997
-0.415 -0.999966
-0.41 -0.999963
-0.405 -0.999959
-0.4 -0.999955
-0.395 -0.99995
-0.39 -0.999945
-0.385 -0.999939
-0.38 -0.999932
-0.375 -0.999925
-0.37 -0.999917
-0.365 -0.999909
-0.36 -0.999899
-0.355 -0.999888
-0.35 -0.999877
-0.345 -0.999864
-0.34 -0.999849
-0.335 -0.999833
-0.33 -0.999816
-0.325 -0.999797
-0.32 -0.999775
-0.315 -0.999752
-0.31 -0.999725
-0.305 -0.999697
-0.3 -0.999665
-0.295 -0.999629
-0.29 -0.99959
-0.285 -0.999547
-0.28 -0.9995
-0.275 -0.999447
-0.27 -0.999389
-0.265 -0.999325
-0.26 -0.999254
-0.255 -0.999176
-0.25 -0.999089
-0.245 -0.998993
-0.24 -0.998887
-0.235 -0.998771
-0.23 -0.998641
-0.225 -0.998499
-0.22 -0.998341
-0.215 -0.998167
-0.21 -0.997975
-0.205 -0.997762
-0.2 -0.997527
-0.195 -0.997268
-0.19 -0.996982
-0.185 -0.996665
-0.18 -0.996316
-0.175 -0.99593
-0.17 -0.995504
-0.165 -0.995033
-0.16 -0.994514
-0.155 -0.99394
-0.15 -0.993307
-0.145 -0.992608
-0.14 -0.991837
-0.135 -0.990987
-0.13 -0.990048
-0.125 -0.989013
-0.12 -0.987872
-0.115 -0.986613
-0.11 -0.985226
-0.105 -0.983698
-0.1 -0.982014
-0.095 -0.98016
-0.09 -0.978119
-0.085 -0.975873
-0.08 -0.973403
-0.075 -0.970688
-0.07 -0.967705
-0.065 -0.964429
-0.06 -0.960834
-0.055 -0.956893
-0.05 -0.952574
-0.045 -0.947846
-0.04 -0.942676
-0.035 -0.937027
-0.03 -0.930862
-0.025 -0.924142
-0.02 -0.916827
-0.015 -0.908877
-0.01 -0.90025
-0.005 -0.890903
0 -0.880797
0.005 -0.869892
0.01 -0.858149
0.015 -0.845535
0.02 -0.832018
0.025 -0.817574
0.03 -0.802184
0.035 -0.785835
0.04 -0.768525
0.045 -0.75026
0.05 -0.731059
0.055 -0.71095
0.06 -0.689974
0.065 -0.668188
0.07 -0.645656
0.075 -0.622459
0.08 -0.598688
0.085 -0.574443
0.09 -0.549834
0.095 -0.524979
0.1 -0.5
0.105 -0.475021
0.11 -0.450166
0.115 -0.425557
0.12 -0.401312
0.125 -0.377541
0.13 -0.354344
0.135 -0.331812
0.14 -0.310026
0.145 -0.28905
0.15 -0.268941
0.155 -0.24974
0.16 -0.231475
0.165 -0.214165
0.17 -0.197816
0.175 -0.182426
0.18 -0.167982
0.185 -0.154465
0.19 -0.141851
0.195 -0.130108
0.2 -0.119203
0.205 -0.109097
0.21 -0.0997505
0.215 -0.091123
0.22 -0.0831727
0.225 -0.0758582
0.23 -0.0691384
0.235 -0.0629734
0.24 -0.0573242
0.245 -0.0521536
0.25 -0.0474259
0.255 -0.0431073
0.26 -0.0391657
0.265 -0.0355712
0.27 -0.0322955
0.275 -0.0293122
0.28 -0.026597
0.285 -0.024127
0.29 -0.0218813
0.295 -0.0198403
0.3 -0.0179862
0.305 -0.0163025
0.31 -0.014774
0.315 -0.0133869
0.32 -0.0121284
0.325 -0.0109869
0.33 -0.0099518
0.335 -0.0090133
0.34 -0.00816257
0.345 -0.00739154
0.35 -0.00669285
0.355 -0.0060598
0.36 -0.0054863
0.365 -0.0049668
0.37 -0.00449627
0.375 -0.00407014
0.38 -0.00368424
0.385 -0.00333481
0.39 -0.00301842
0.395 -0.00273196
0.4 -0.00247262
0.405 -0.00223785
0.41 -0.00202532
0.415 -0.00183294
0.42 -0.0016588
0.425 -0.00150118
0.43 -0.00135852
0.435 -0.0012294
0.44 -0.00111254
0.445 -0.00100677
0.45 -0.000911051
0.455 -0.000824425
0.46 -0.000746029
0.465 -0.000675083
0.47 -0.000610879
0.475 -0.000552779
0.48 -0.000500201
0.485 -0.000452622
0.49 -0.000409567
0.495 -0.000370606
0.5 -0.00033535
