x a0 a1 a2 a3 f0 f1 f2 f3 f4 f5 f6 f7 f8 f9 f10 f11 f12 f13 f14 f15
0.05 0 0.05 0.09 15.06 17.55 17.5692 22.5278 22.5531 22.5703 24.9504 37.55 37.5651 60.1637 nan nan nan nan nan nan nan
0.3 0 0.3 0.539 15.361 17.8 17.8179 17.9122 22.6707 22.8115 22.9299 22.9802 22.9802 22.9802 25.2454 25.2964 37.8 37.8488 37.8924 60.449 60.482
0.55 0 0.55 0.9867 15.6633 18.05 18.0645 18.2505 22.8206 23.0581 23.2979 23.3103 23.3103 23.3815 25.5551 25.6591 38.05 38.1376 38.2231 60.7358 60.7986
0.8 0 0.8 1.433 15.967 18.2595 18.2944 18.5841 22.9776 23.2931 23.6673 23.686 23.686 23.7849 25.879 26.0492 38.3 38.4249 38.557 61.024 61.1189
1.05 0 1.05 1.8777 16.2723 18.4355 18.5082 18.55 18.913 23.1418 23.5173 24.0319 24.0641 24.1917 26.2165 26.4688 38.55 38.7106 38.8942 61.3138 61.4426
1.3 0 1.3 2.321 16.579 18.5891 18.7063 18.8 19.2373 23.313 23.7314 24.3872 24.4432 24.6029 26.5666 26.9186 38.8 38.9948 39.2346 61.6051 61.7699
1.55 0 1.55 2.7627 16.8873 18.7239 18.8894 19.05 19.5571 23.4911 23.9366 24.7305 24.8219 25.0194 26.9281 27.3976 39.05 39.2775 39.5783 61.8981 62.1006
1.8 0 1.8 3.2029 17.1971 18.8428 19.0583 19.3 19.8725 23.6757 24.1339 25.0609 25.1993 25.4415 27.3 27.9037 39.3 39.5589 39.9251 62.1927 62.4347
2.05 0 2.05 3.6413 17.5087 18.9484 19.214 19.55 20.1835 23.8667 24.3244 25.379 25.575 25.8694 27.6811 28.4337 39.55 39.8389 40.275 62.489 62.7722
2.3 0 2.3 4.0781 17.8219 19.0428 19.3573 19.8 20.4901 24.0635 24.509 25.686 25.9484 26.3028 28.0703 28.9842 39.8 40.1176 40.6281 62.787 63.113
2.55 0 2.55 4.5132 18.1368 19.1278 19.4893 20.05 20.7924 24.2656 24.6886 25.9835 26.3195 26.7414 28.4668 29.5518 40.05 40.3951 40.9842 63.0869 63.4571
2.8 0 2.8 4.9465 18.4535 19.2047 19.6108 20.3 21.0904 24.4728 24.8641 26.2731 26.6883 27.1849 28.8697 30.1336 40.3 40.6714 41.3433 63.3885 63.8044
3.05 0 3.05 5.3779 18.7721 19.2748 19.7228 20.55 21.384 24.6844 25.0362 26.5561 27.0546 27.6328 29.2783 30.7269 40.55 40.9467 41.7055 63.6921 64.1548
3.3 0 3.3 5.8075 19.0925 19.3391 19.8261 20.8 21.6733 24.9001 25.2055 26.8338 27.4184 28.0847 29.6919 31.3295 40.8 41.2209 42.0706 63.9977 64.5083
3.55 0 3.55 6.2352 19.4148 19.3982 19.9216 21.05 21.9582 25.1194 25.3727 27.1071 27.7799 28.5404 30.1099 31.9395 41.05 41.4942 42.4387 64.3052 64.865
3.8 0 3.8 6.6609 19.7391 19.453 20.0099 21.3 22.2387 25.342 25.5383 27.3767 28.139 28.9994 30.5319 32.5555 41.3 41.7666 42.8096 64.6149 65.2246
4.05 0 4.05 7.0846 20.0654 19.5039 20.0918 21.55 22.5145 25.5675 25.7029 27.6435 28.4958 29.4614 30.9573 33.1761 41.55 42.0381 43.1835 64.9266 65.5871
4.3 0 4.3 7.5062 20.3938 19.5514 20.168 21.8 22.7856 25.7956 25.867 27.9078 28.8502 29.9262 31.3858 33.8003 41.8 42.309 43.5601 65.2406 65.9526
4.55 0 4.55 7.9257 20.7243 19.5959 20.2388 22.05 23.0518 26.0259 26.0259 28.17 29.2023 30.3934 31.817 34.4273 42.05 42.5792 43.9395 65.5568 66.3209
4.8 0 4.8 8.3431 21.0569 19.6378 20.305 22.3 23.3128 26.1958 26.2582 28.4306 29.5522 30.8629 32.2506 35.0562 42.3 42.8489 44.3217 65.8753 66.692
5.05 0 5.05 8.7583 21.3917 19.6774 20.3668 22.55 23.5685 26.3614 26.4924 28.6898 29.8998 31.3345 32.6863 35.6866 42.55 43.118 44.7065 66.1962 67.0658
5.3 0 5.3 9.1713 21.7287 19.7148 20.4247 22.8 23.8184 26.5287 26.7281 28.9478 30.2452 31.808 33.1238 36.3177 42.8 43.3868 45.094 66.5196 67.4423
5.55 0 5.55 9.582 22.068 19.7503 20.4791 23.05 24.0624 26.698 26.9652 29.2048 30.5884 32.2832 33.5629 36.9492 43.05 43.6553 45.4841 66.8456 67.8214
5.8 0 5.8 9.9903 22.4097 19.7841 20.5303 23.3 24.3002 26.8699 27.2035 29.461 30.9294 32.7599 34.0034 37.5807 43.3 43.9236 45.8768 67.1742 68.203
6.05 0 6.05 10.3964 22.7536 19.8164 20.5785 23.55 24.5313 27.0449 27.443 29.7164 31.2684 33.2381 34.4449 38.2118 43.55 44.1918 46.272 67.5054 68.5872
6.3 0 6.3 10.8 23.1 19.8472 20.6241 23.8 24.7555 27.2234 27.6834 29.9712 31.6053 33.7176 34.8874 38.8421 43.8 44.4599 46.6697 67.8395 68.9738
6.55 0 6.55 11.2012 23.4488 19.8767 20.6672 24.05 24.9724 27.406 27.9247 30.2254 31.9401 34.1982 35.3305 39.4715 44.05 44.7282 47.0698 68.1764 69.3629
6.8 0 6.8 11.6 23.8 19.905 20.708 24.3 25.182 27.5929 28.1668 30.4792 32.2729 34.68 35.7742 40.0995 44.3 44.9967 47.4723 68.5163 69.7542
7.05 0 7.05 11.9963 24.1537 19.9323 20.7468 24.55 25.3839 27.7844 28.4096 30.7326 32.6037 35.1629 36.2182 40.726 44.55 45.2655 47.8771 68.8592 70.1479
7.3 0 7.3 12.3901 24.5099 19.9585 20.7837 24.8 25.5781 27.9808 28.653 30.9856 32.9326 35.6466 36.6624 41.3507 44.8 45.5348 48.2842 69.2052 70.5438
7.55 0 7.55 12.7814 24.8686 19.9838 20.8188 25.05 25.7647 28.1822 28.8969 31.2383 33.2595 36.1312 37.1065 41.9734 45.05 45.8046 48.6935 69.5545 70.942
7.8 0 7.8 13.1701 25.2299 20.0082 20.8523 25.3 25.9437 28.3885 29.1414 31.4907 33.5847 36.6167 37.5504 42.594 45.3 46.0752 49.105 69.9071 71.3422
8.05 0 8.05 13.5562 25.5938 20.0319 20.8843 25.55 26.1153 28.5996 29.3863 31.7429 33.9079 37.1028 37.994 43.2122 45.55 46.3466 49.5187 70.263 71.7446
8.3 0 8.3 13.9398 25.9602 20.0547 20.9149 25.8 26.2797 28.8154 29.6316 31.9948 34.2294 37.5897 38.4369 43.8279 45.8 46.619 49.9345 70.6225 72.149
8.55 0 8.55 14.3208 26.3292 20.0769 20.9441 26.05 26.4374 29.0356 29.8772 32.2466 34.5491 38.0772 38.8791 44.4409 46.05 46.8925 50.3523 70.9856 72.5554
8.8 0 8.8 14.6992 26.7008 20.0984 20.9722 26.3 26.5886 29.26 30.1232 32.4982 34.8671 38.5653 39.3203 45.051 46.3 47.1674 50.7721 71.3525 72.9637
9.05 0 9.05 15.0749 27.0751 20.1193 20.9991 26.55 26.7339 29.4881 30.3695 32.7496 35.1835 39.054 39.7604 45.658 46.55 47.4437 51.1939 71.7231 73.3739
9.3 0 9.3 15.4481 27.4519 20.1396 21.025 26.8 26.8734 29.7197 30.6161 33.0009 35.4982 39.5432 40.1991 46.2618 46.8 47.7217 51.6175 72.0976 73.786
9.55 0 9.55 15.8187 27.8313 20.1594 21.0499 27.0078 27.05 29.9545 30.8629 33.2521 35.8113 40.0329 40.6363 46.8623 47.05 48.0015 52.0431 72.4762 74.1999
9.8 0 9.8 16.1867 28.2133 20.1786 21.0739 27.1373 27.3 30.192 31.1099 33.5032 36.1228 40.523 41.0717 47.3 47.4594 48.2834 52.4704 72.8588 74.6156
10.05 0 10.05 16.5521 28.5979 20.1974 21.0969 27.2623 27.55 30.4321 31.3572 33.7542 36.4328 41.0136 41.5052 47.55 48.0527 48.5675 52.8996 73.2457 75.033
10.3 0 10.3 16.9149 28.9851 20.2157 21.1192 27.3831 27.8 30.6743 31.6046 34.005 36.7413 41.5045 41.9364 47.8 48.6423 48.8541 53.3304 73.6369 75.4521
10.55 0 10.55 17.2752 29.3748 20.2336 21.1407 27.5001 28.05 30.9185 31.8522 34.2558 37.0483 41.9959 42.3651 48.05 49.1434 49.228 53.7629 74.0325 75.8728
10.8 0 10.8 17.6329 29.7671 20.251 21.1614 27.6136 28.3 31.1644 32.1 34.5066 37.354 42.4875 42.7912 48.3 49.4356 49.8097 54.1971 74.4327 76.2951
11.05 0 11.05 17.9881 30.1619 20.2681 21.1815 27.7237 28.55 31.4119 32.3479 34.7572 37.6582 42.9796 43.2143 48.55 49.731 50.3872 54.6329 74.8374 76.719
11.3 0 11.3 18.3408 30.5592 20.2848 21.2008 27.8308 28.8 31.6606 32.596 35.0079 37.9611 43.4719 43.6342 48.8 50.0299 50.9605 55.0702 75.2469 77.1444
11.55 0 11.55 18.691 30.959 20.3011 21.2196 27.935 29.05 31.9106 32.8441 35.2584 38.2627 43.9645 44.0506 49.05 50.3324 51.5293 55.509 75.6612 77.5713
11.8 0 11.8 19.0388 31.3612 20.317 21.2378 28.0366 29.3 32.1615 33.0924 35.5089 38.563 44.4575 44.4575 49.3 50.6389 52.0936 55.9493 76.0804 77.9997
12.05 0 12.05 19.3842 31.7658 20.3327 21.2554 28.1356 29.55 32.4133 33.3408 35.7594 38.8621 44.872 44.9506 49.55 50.9496 52.6534 56.3911 76.5046 78.4295
12.3 0 12.3 19.7273 32.1727 20.348 21.2725 28.2323 29.8 32.6659 33.5893 36.0098 39.16 45.2765 45.4441 49.8 51.2648 53.2084 56.8342 76.9338 78.8606
12.55 0 12.55 20.068 32.582 20.3631 21.2891 28.3268 30.05 32.9191 33.8378 36.2602 39.4566 45.6764 45.9377 50.05 51.5847 53.7586 57.2787 77.3682 79.2931
12.8 0 12.8 20.4064 32.9936 20.3778 21.3052 28.4191 30.3 33.1729 34.0865 36.5105 39.7522 46.0716 46.4316 50.3 51.9095 54.3039 57.7245 77.8078 79.7269
13.05 0 13.05 20.7425 33.4075 20.3923 21.3209 28.5095 30.55 33.4273 34.3352 36.7608 40.0466 46.4618 46.9257 50.55 52.2395 54.8442 58.1716 78.2527 80.162
13.3 0 13.3 21.0764 33.8236 20.4065 21.3361 28.598 30.8 33.682 34.584 37.0111 40.34 46.8468 47.42 50.8 52.5749 55.3794 58.6199 78.703 80.5983
13.55 0 13.55 21.4082 34.2418 20.4204 21.3509 28.6847 31.05 33.9371 34.8329 37.2614 40.6323 47.2264 47.9145 51.05 52.9159 55.9095 59.0695 79.1587 81.0358
13.8 0 13.8 21.7378 34.6622 20.4341 21.3652 28.7697 31.3 34.1926 35.0818 37.5116 40.9235 47.6006 48.4092 51.3 53.2626 56.4345 59.5202 79.6198 81.4745
14.05 0 14.05 22.0653 35.0847 20.4475 21.3793 28.853 31.55 34.4483 35.3308 37.7618 41.2138 47.9691 48.9041 51.55 53.6152 56.9541 59.9721 80.0865 81.9144
14.3 0 14.3 22.3908 35.5092 20.4608 21.3929 28.9348 31.8 34.7043 35.5798 38.012 41.5031 48.3319 49.3991 51.8 53.9736 57.4685 60.4251 80.5587 82.3554
14.55 0 14.55 22.7144 35.9356 20.4738 21.4062 29.015 32.05 34.9605 35.8289 38.2622 41.7915 48.6889 49.8943 52.05 54.338 57.9776 60.8792 81.0365 82.7976
14.8 0 14.8 23.0359 36.3641 20.4866 21.4191 29.0938 32.3 35.2168 36.078 38.5123 42.0789 49.0402 50.3896 52.3 54.7084 58.4813 61.3343 81.5198 83.2408
15.05 0 15.05 23.3556 36.7944 20.4991 21.4318 29.1712 32.55 35.4733 36.3272 38.7625 42.3655 49.3858 50.8851 52.55 55.0847 58.9796 61.7905 82.0088 83.685
15.3 0 15.3 23.6734 37.2266 20.5115 21.4441 29.2472 32.8 35.7299 36.5764 39.0126 42.6512 49.7257 51.3807 52.8 55.4669 59.4725 62.2476 82.5034 84.1303
15.55 0 15.55 23.9894 37.6606 20.5237 21.4561 29.322 33.05 35.9866 36.8257 39.2627 42.936 50.0601 51.8765 53.05 55.8548 59.96 62.7058 83.0036 84.5765
15.8 0 15.8 24.3036 38.0964 20.5357 21.4678 29.3955 33.3 36.2434 37.075 39.5128 43.2201 50.389 52.3723 53.3 56.2484 60.4421 63.1648 83.5094 85.0238
16.05 0 16.05 24.6161 38.5339 20.5475 21.4793 29.4677 33.55 36.5002 37.3243 39.7629 43.5033 50.7127 52.8683 53.55 56.6474 60.9188 63.6248 84.0207 85.472
16.3 0 16.3 24.927 38.973 20.5592 21.4905 29.5388 33.8 36.7571 37.5736 40.013 43.7858 51.0314 53.3644 53.8 57.0517 61.3902 64.0857 84.5377 85.9211
16.55 0 16.55 25.2362 39.4138 20.5706 21.5014 29.6087 34.05 37.014 37.823 40.263 44.0675 51.3452 53.8606 54.05 57.461 61.8562 64.5474 85.0601 86.3711
16.8 0 16.8 25.5439 39.8561 20.5819 21.5121 29.6775 34.3 37.271 38.0724 40.5131 44.3485 51.6543 54.3 54.357 57.8753 62.3169 65.01 85.5881 86.822
17.05 0 17.05 25.85 40.3 20.5931 21.5225 29.7452 34.55 37.5279 38.3219 40.7631 44.6288 51.959 54.55 54.8534 58.2941 62.7723 65.4734 86.1215 87.2738
17.3 0 17.3 26.1546 40.7454 20.6041 21.5327 29.8118 34.8 37.7849 38.5714 41.0132 44.9085 52.2596 54.8 55.3499 58.7173 63.2225 65.9376 86.6602 87.7264
17.55 0 17.55 26.4578 41.1922 20.6149 21.5427 29.8775 35.05 38.0418 38.8208 41.2632 45.1874 52.5562 55.05 55.8465 59.1447 63.6676 66.4025 87.2043 88.1798
17.8 0 17.8 26.7596 41.6404 20.6256 21.5525 29.9421 35.3 38.2988 39.0704 41.5132 45.4657 52.849 55.3 56.3432 59.5761 64.1076 66.8682 87.7536 88.6341
18.05 0 18.05 27.06 42.09 20.6361 21.5621 30.0057 35.55 38.5557 39.3199 41.7633 45.7434 53.1384 55.55 56.84 60.0111 64.5425 67.3347 88.3081 89.0891
18.3 0 18.3 27.3591 42.5409 20.6465 21.5715 30.0684 35.8 38.8126 39.5695 42.0133 46.0204 53.4245 55.8 57.3369 60.4496 64.9725 67.8018 88.8677 89.5449
18.55 0 18.55 27.6568 42.9932 20.6568 21.5806 30.1301 36.05 39.0694 39.819 42.2633 46.2969 53.7075 56.05 57.8338 60.8914 65.3976 68.2697 89.4323 90.0015
18.8 0 18.8 27.9534 43.4466 20.6669 21.5896 30.1909 36.3 39.3263 40.0686 42.5133 46.5728 53.9877 56.3 58.3308 61.3363 65.8179 68.7382 90.0019 90.4587
19.05 0 19.05 28.2487 43.9013 20.6769 21.5984 30.2509 36.55 39.5831 40.3182 42.7633 46.8481 54.2652 56.55 58.828 61.7841 66.2336 69.2073 90.5763 90.9167
19.3 0 19.3 28.5429 44.3571 20.6868 21.6071 30.3099 36.8 39.8398 40.5679 43.0133 47.1228 54.5403 56.8 59.3251 62.2346 66.6446 69.6771 91.1554 91.3754
19.55 0 19.55 28.8359 44.8141 20.6965 21.6155 30.3681 37.05 40.0966 40.8175 43.2633 47.3971 54.813 57.05 59.8224 62.6876 67.0511 70.1476 91.7392 91.8348
19.8 0 19.8 29.1278 45.2722 20.7061 21.6238 30.4255 37.3 40.3532 41.0671 43.5132 47.6708 55.0835 57.3 60.3197 63.1429 67.4531 70.6186 92.2948 92.3275
20.05 0 20.05 29.4187 45.7313 20.7156 21.632 30.4821 37.55 40.6099 41.3168 43.7632 47.944 55.3521 57.55 60.817 63.6005 67.8509 71.0902 92.7555 92.9203
20.3 0 20.3 29.7085 46.1915 20.725 21.6399 30.5378 37.8 40.8664 41.5665 44.0132 48.2167 55.6188 57.8 61.3145 64.0601 68.2444 71.5624 93.2168 93.5174
20.55 0 20.55 29.9973 46.6527 20.7343 21.6478 30.5928 38.05 41.123 41.8162 44.2632 48.489 55.8837 58.05 61.812 64.5217 68.6338 72.0351 93.6788 94.1187
20.8 0 20.8 30.2851 47.1149 20.7434 21.6555 30.647 38.3 41.3794 42.0659 44.5131 48.7608 56.1471 58.3 62.3095 64.9851 69.0192 72.5084 94.1413 94.7242
21.05 0 21.05 30.572 47.578 20.7525 21.663 30.7005 38.55 41.6359 42.3156 44.7631 49.0321 56.4089 58.55 62.8071 65.4502 69.4007 72.9822 94.6045 95.3338
21.3 0 21.3 30.858 48.042 20.7614 21.6704 30.7532 38.8 41.8922 42.5653 45.0131 49.303 56.6694 58.8 63.3048 65.9169 69.7783 73.4565 95.0682 95.9472
21.55 0 21.55 31.1431 48.5069 20.7703 21.6777 30.8052 39.05 42.1486 42.8151 45.2631 49.5735 56.9286 59.05 63.8025 66.3851 70.1522 73.9313 95.5325 96.5644
21.8 0 21.8 31.4273 48.9727 20.779 21.6848 30.8565 39.3 42.4048 43.0648 45.513 49.8435 57.1866 59.3 64.3003 66.8547 70.5226 74.4066 95.9974 97.1854
22.05 0 22.05 31.7107 49.4393 20.7876 21.6918 30.9071 39.55 42.661 43.3146 45.763 50.1132 57.4435 59.55 64.7981 67.3256 70.8894 74.8824 96.4628 97.81
22.3 0 22.3 31.9933 49.9067 20.7962 21.6987 30.957 39.8 42.9172 43.5643 46.0129 50.3824 57.6993 59.8 65.2959 67.7978 71.2528 75.3586 96.9287 98.4381
22.55 0 22.55 32.2751 50.3749 20.8046 21.7055 31.0062 40.05 43.1733 43.8141 46.2629 50.6513 57.9542 60.05 65.7938 68.2711 71.6129 75.8353 97.3952 99.0696
22.8 0 22.8 32.5561 50.8439 20.813 21.7121 31.0548 40.3 43.4293 44.0639 46.5128 50.9198 58.2082 60.3 66.2918 68.7455 71.9698 76.3124 97.8622 99.7044
23.05 0 23.05 32.8365 51.3135 20.8212 21.7187 31.1028 40.55 43.6853 44.3137 46.7628 51.1879 58.4614 60.55 66.7898 69.2209 72.3236 76.7899 98.3296 100.342
23.3 0 23.3 33.1161 51.7839 20.8294 21.7251 31.1501 40.8 43.9412 44.5635 47.0128 51.4557 58.7138 60.8 67.2878 69.6973 72.6744 77.2679 98.7976 100.984
23.55 0 23.55 33.395 52.255 20.8375 21.7314 31.1968 41.05 44.1971 44.8133 47.2627 51.7232 58.9655 61.05 67.7859 70.1746 73.0222 77.7462 99.266 101.628
23.8 0 23.8 33.6732 52.7268 20.8455 21.7376 31.2428 41.3 44.4529 45.0631 47.5127 51.9903 59.2165 61.3 68.284 70.6528 73.3672 78.225 99.7349 102.275
24.05 0 24.05 33.9508 53.1992 20.8534 21.7438 31.2883 41.55 44.7086 45.3129 47.7626 52.257 59.4669 61.55 68.7821 71.1318 73.7094 78.7041 100.204 102.925
24.3 0 24.3 34.2277 53.6723 20.8612 21.7498 31.3332 41.8 44.9643 45.5627 48.0126 52.5235 59.7167 61.8 69.2803 71.6116 74.049 79.1837 100.674 103.577
24.55 0 24.55 34.5041 54.1459 20.869 21.7557 31.3775 42.05 45.22 45.8126 48.2625 52.7897 59.966 62.05 69.7785 72.0921 74.3861 79.6635 101.144 104.233
24.8 0 24.8 34.7798 54.6202 20.8766 21.7615 31.4213 42.3 45.4755 46.0624 48.5125 53.0555 60.2148 62.3 70.2768 72.5733 74.7206 80.1438 101.615 104.89
25.05 0 25.05 35.055 55.095 20.8842 21.7672 31.4645 42.55 45.7311 46.3123 48.7624 53.321 60.4631 62.55 70.7751 73.0552 75.0527 80.6244 102.086 105.551
25.3 0 25.3 35.3296 55.5704 20.8917 21.7729 31.5071 42.8 45.9866 46.5621 49.0124 53.5863 60.711 62.8 71.2734 73.5376 75.3825 81.1053 102.558 106.213
25.55 0 25.55 35.6037 56.0463 20.8992 21.7784 31.5492 43.05 46.242 46.8119 49.2623 53.8513 60.9585 63.05 71.7718 74.0207 75.71 81.5866 103.03 106.879
25.8 0 25.8 35.8772 56.5228 20.9065 21.7839 31.5908 43.3 46.4973 47.0618 49.5122 54.116 61.2056 63.3 72.2701 74.5043 76.0353 82.0682 103.502 107.546
26.05 0 26.05 36.1502 56.9998 20.9138 21.7893 31.6319 43.55 46.7527 47.3117 49.7622 54.3804 61.4523 63.55 72.7686 74.9885 76.3586 82.5501 103.975 108.216
26.3 0 26.3 36.4228 57.4772 20.921 21.7946 31.6724 43.8 47.0079 47.5615 50.0121 54.6446 61.6988 63.8 73.267 75.4732 76.6797 83.0323 104.448 108.887
26.55 0 26.55 36.6948 57.9552 20.9281 21.7998 31.7125 44.05 47.2631 47.8114 50.2621 54.9085 61.9449 64.05 73.7655 75.9583 76.9989 83.5148 104.921 109.561
26.8 0 26.8 36.9664 58.4336 20.9352 21.8049 31.752 44.3 47.5183 48.0613 50.512 55.1722 62.1907 64.3 74.264 76.4439 77.3162 83.9976 105.395 110.237
27.05 0 27.05 37.2375 58.9125 20.9422 21.81 31.7911 44.55 47.7734 48.3111 50.762 55.4357 62.4363 64.55 74.7625 76.93 77.6317 84.4807 105.869 110.914
27.3 0 27.3 37.5082 59.3918 20.9492 21.815 31.8297 44.8 48.0285 48.561 51.0119 55.6989 62.6817 64.8 75.2611 77.4165 77.9453 84.9641 106.344 111.594
27.55 0 27.55 37.7785 59.8715 20.956 21.8199 31.8678 45.05 48.2835 48.8109 51.2619 55.9618 62.9268 65.05 75.7596 77.9033 78.2572 85.4477 106.819 112.275
27.8 0 27.8 38.0483 60.3517 20.9628 21.8247 31.9055 45.3 48.5384 49.0608 51.5118 56.2246 63.1717 65.3 76.2582 78.3906 78.5675 85.9316 107.294 112.958
28.05 0 28.05 38.3178 60.8322 20.9696 21.8295 31.9427 45.55 48.7934 49.3107 51.7617 56.4871 63.4164 65.55 76.7569 78.8761 78.8761 86.4158 107.769 113.643
28.3 0 28.3 38.5868 61.3132 20.9762 21.8342 31.9794 45.8 49.0482 49.5606 52.0117 56.7494 63.6609 65.8 77.2555 79.1832 79.3662 86.9003 108.245 114.329
28.55 0 28.55 38.8554 61.7946 20.9829 21.8389 32.0157 46.05 49.303 49.8105 52.2616 57.0115 63.9053 66.05 77.7542 79.4887 79.8545 87.3849 108.721 115.017
28.8 0 28.8 39.1237 62.2763 20.9894 21.8434 32.0516 46.3 49.5578 50.0604 52.5116 57.2734 64.1495 66.3 78.2529 79.7928 80.3431 87.8699 109.198 115.706
29.05 0 29.05 39.3917 62.7583 20.9959 21.848 32.0871 46.55 49.8125 50.3103 52.7615 57.5351 64.3936 66.55 78.7516 80.0955 80.8321 88.355 109.675 116.397
29.3 0 29.3 39.6592 63.2408 21.0023 21.8524 32.1221 46.8 50.0672 50.5602 53.0115 57.7966 64.6375 66.8 79.2503 80.3968 81.3213 88.8404 110.152 117.089
29.55 0 29.55 39.9264 63.7236 21.0087 21.8568 32.1568 47.05 50.3218 50.8101 53.2614 58.0579 64.8813 67.05 79.7491 80.6967 81.8108 89.3261 110.629 117.783
29.8 0 29.8 40.1933 64.2067 21.015 21.8611 32.191 47.3 50.5764 51.06 53.5114 58.3191 65.125 67.3 80.2479 80.9954 82.3006 89.8119 111.107 118.478
30.05 0 30.05 40.4599 64.6901 21.0213 21.8654 32.2248 47.55 50.8309 51.3099 53.7613 58.58 65.3686 67.55 80.7467 81.2929 82.7906 90.298 111.585 119.175
30.3 0 30.3 40.7262 65.1738 21.0275 21.8696 32.2583 47.8 51.0854 51.5598 54.0112 58.8408 65.6121 67.8 81.2455 81.5891 83.2809 90.7843 112.063 119.872
30.55 0 30.55 40.9921 65.6579 21.0336 21.8738 32.2913 48.05 51.3399 51.8098 54.2612 59.1014 65.8555 68.05 81.7443 81.8842 83.7715 91.2708 112.542 120.571
30.8 0 30.8 41.2577 66.1423 21.0397 21.8779 32.324 48.3 51.5943 52.0597 54.5111 59.3618 66.0989 68.3 82.1781 82.2432 84.2622 91.7575 113.021 121.271
31.05 0 31.05 41.5231 66.6269 21.0458 21.8819 32.3563 48.55 51.8487 52.3096 54.7611 59.6221 66.3421 68.55 82.4709 82.7421 84.7532 92.2444 113.5 121.972
31.3 0 31.3 41.7881 67.1119 21.0518 21.8859 32.3883 48.8 52.103 52.5595 55.011 59.8822 66.5853 68.8 82.7627 83.241 85.2444 92.7315 113.979 122.674
31.55 0 31.55 42.0529 67.5971 21.0577 21.8898 32.4198 49.05 52.3573 52.8095 55.261 60.1421 66.8285 69.05 83.0535 83.7399 85.7359 93.2187 114.459 123.378
31.8 0 31.8 42.3175 68.0825 21.0636 21.8937 32.451 49.3 52.6115 53.0594 55.5109 60.4019 67.0716 69.3 83.3433 84.2388 86.2275 93.7062 114.938 124.082
32.05 0 32.05 42.5817 68.5683 21.0694 21.8976 32.4819 49.55 52.8657 53.3093 55.7608 60.6615 67.3146 69.55 83.6321 84.7377 86.7193 94.1939 115.418 124.788
32.3 0 32.3 42.8457 69.0543 21.0752 21.9014 32.5124 49.8 53.1199 53.5593 56.0108 60.921 67.5576 69.8 83.9199 85.2367 87.2113 94.6817 115.899 125.494
32.55 0 32.55 43.1095 69.5405 21.0809 21.9051 32.5426 50.05 53.374 53.8092 56.2607 61.1803 67.8006 70.05 84.2069 85.7357 87.7035 95.1697 116.379 126.201
32.8 0 32.8 43.373 70.027 21.0866 21.9088 32.5725 50.3 53.6281 54.0591 56.5107 61.4395 68.0435 70.3 84.493 86.2346 88.1958 95.6579 116.86 126.91
33.05 0 33.05 43.6362 70.5138 21.0923 21.9124 32.602 50.55 53.8821 54.3091 56.7606 61.6986 68.2864 70.55 84.7782 86.7336 88.6883 96.1463 117.341 127.619
33.3 0 33.3 43.8993 71.0007 21.0979 21.916 32.6312 50.8 54.1361 54.559 57.0106 61.9575 68.5293 70.8 85.0627 87.2327 89.181 96.6348 117.822 128.329
33.55 0 33.55 44.1621 71.4879 21.1034 21.9196 32.66 51.05 54.3901 54.809 57.2605 62.2163 68.7721 71.05 85.3463 87.7317 89.6738 97.1235 118.304 129.04
33.8 0 33.8 44.4247 71.9753 21.1089 21.9231 32.6886 51.3 54.644 55.0589 57.5105 62.4749 69.015 71.3 85.6291 88.2307 90.1668 97.6123 118.786 129.751
34.05 0 34.05 44.687 72.463 21.1144 21.9266 32.7168 51.55 54.8979 55.3088 57.7604 62.7334 69.2578 71.55 85.9112 88.7298 90.66 98.1013 119.267 130.464
34.3 0 34.3 44.9492 72.9508 21.1198 21.93 32.7448 51.8 55.1518 55.5588 58.0104 62.9918 69.5006 71.8 86.1926 89.2289 91.1532 98.5905 119.75 131.177
34.55 0 34.55 45.2112 73.4388 21.1251 21.9334 32.7724 52.05 55.4056 55.8087 58.2603 63.2501 69.7434 72.05 86.4732 89.728 91.6466 99.0798 120.232 131.891
34.8 0 34.8 45.4729 73.9271 21.1305 21.9368 32.7997 52.3 55.6594 56.0587 58.5103 63.5083 69.9862 72.3 86.7532 90.2271 92.1402 99.5692 120.714 132.606
35.05 0 35.05 45.7345 74.4155 21.1357 21.9401 32.8268 52.55 55.9132 56.3086 58.7602 63.7663 70.229 72.55 87.0325 90.7262 92.6339 100.059 121.197 133.322
35.3 0 35.3 45.9958 74.9042 21.141 21.9433 32.8536 52.8 56.1669 56.5586 59.0102 64.0242 70.4718 72.8 87.3111 91.2253 93.1276 100.549 121.68 134.038
35.55 0 35.55 46.257 75.393 21.1462 21.9466 32.88 53.05 56.4206 56.8085 59.2601 64.282 70.7146 73.05 87.5891 91.7244 93.6216 101.038 122.163 134.755
35.8 0 35.8 46.518 75.882 21.1513 21.9498 32.9062 53.3 56.6743 57.0585 59.5101 64.5397 70.9575 73.3 87.8665 92.2236 94.1156 101.528 122.646 135.472
36.05 0 36.05 46.7789 76.3711 21.1564 21.9529 32.9322 53.55 56.9279 57.3085 59.76 64.7973 71.2003 73.55 88.1433 92.7227 94.6098 102.019 123.13 136.19
36.3 0 36.3 47.0395 76.8605 21.1615 21.9561 32.9578 53.8 57.1815 57.5584 60.0099 65.0548 71.4431 73.8 88.4195 93.2219 95.104 102.509 123.614 136.909
36.55 0 36.55 47.3 77.35 21.1666 21.9591 32.9832 54.05 57.435 57.8084 60.2599 65.3122 71.6859 74.05 88.6952 93.7211 95.5984 102.999 124.097 137.628
36.8 0 36.8 47.5603 77.8397 21.1716 21.9622 33.0083 54.3 57.6886 58.0583 60.5098 65.5695 71.9288 74.3 88.9703 94.2203 96.0929 103.49 124.582 138.348
37.05 0 37.05 47.8205 78.3295 21.1765 21.9652 33.0332 54.55 57.9421 58.3083 60.7598 65.8266 72.1717 74.55 89.2449 94.7195 96.5874 103.98 125.066 139.069
37.3 0 37.3 48.0805 78.8195 21.1814 21.9682 33.0578 54.8 58.1955 58.5582 61.0097 66.0837 72.4145 74.8 89.519 95.2187 97.0821 104.471 125.55 139.79
37.55 0 37.55 48.3403 79.3097 21.1863 21.9711 33.0821 55.05 58.449 58.8082 61.2597 66.3407 72.6574 75.05 89.7926 95.7179 97.5769 104.962 126.035 140.511
37.8 0 37.8 48.6 79.8 21.1912 21.974 33.1062 55.3 58.7024 59.0582 61.5097 66.5976 72.9004 75.3 90.0656 96.2172 98.0717 105.453 126.519 141.234
38.05 0 38.05 48.8595 80.2905 21.196 21.9769 33.1301 55.55 58.9557 59.3081 61.7596 66.8544 73.1433 75.55 90.3382 96.7164 98.5667 105.944 127.004 141.956
38.3 0 38.3 49.1189 80.7811 21.2007 21.9798 33.1537 55.8 59.2091 59.5581 62.0096 67.1111 73.3863 75.8 90.6104 97.2157 99.0617 106.435 127.489 142.679
38.55 0 38.55 49.3782 81.2718 21.2055 21.9826 33.1771 56.05 59.4624 59.8081 62.2595 67.3677 73.6292 76.05 90.8821 97.7149 99.5569 106.927 127.974 143.403
38.8 0 38.8 49.6373 81.7627 21.2102 21.9854 33.2003 56.3 59.7157 60.058 62.5095 67.6242 73.8723 76.3 91.1533 98.2142 100.052 107.418 128.46 144.127
39.05 0 39.05 49.8963 82.2537 21.2148 21.9882 33.2232 56.55 59.9689 60.308 62.7594 67.8807 74.1153 76.55 91.4241 98.7135 100.547 107.91 128.945 144.852
39.3 0 39.3 50.1551 82.7449 21.2195 21.9909 33.2459 56.8 60.2222 60.558 63.0094 68.137 74.3583 76.8 91.6946 99.2128 101.043 108.401 129.431 145.577
39.55 0 39.55 50.4139 83.2361 21.2241 21.9936 33.2683 57.05 60.4754 60.8079 63.2593 68.3933 74.6014 77.05 91.9646 99.7121 101.538 108.893 129.917 146.302
39.8 0 39.8 50.6724 83.7276 21.2286 21.9963 33.2906 57.3 60.7286 61.0579 63.5093 68.6495 74.8445 77.3 92.2342 100.211 102.034 109.385 130.403 147.028
40.05 0 40.05 50.9309 84.2191 21.2331 21.9989 33.3126 57.55 60.9817 61.3079 63.7592 68.9056 75.0877 77.55 92.5034 100.711 102.529 109.877 130.889 147.754
