E i
-1.1 1.30678e-05
-1.0975 1.42035e-05
-1.095 1.54378e-05
-1.0925 1.67794e-05
-1.09 1.82376e-05
-1.0875 1.98226e-05
-1.085 2.15452e-05
-1.0825 2.34176e-05
-1.08 2.54527e-05
-1.0775 2.76646e-05
-1.075 3.00688e-05
-1.0725 3.26819e-05
-1.07 3.55221e-05
-1.0675 3.86091e-05
-1.065 4.19644e-05
-1.0625 4.56112e-05
-1.06 4.9575e-05
-1.0575 5.38833e-05
-1.055 5.8566e-05
-1.0525 6.36556e-05
-1.05 6.91875e-05
-1.0475 7.52002e-05
-1.045 8.17354e-05
-1.0425 8.88386e-05
-1.04 9.6559e-05
-1.0375 0.00010495
-1.035 0.000114071
-1.0325 0.000123984
-1.03 0.000134759
-1.0275 0.00014647
-1.025 0.000159199
-1.0225 0.000173034
-1.02 0.000188071
-1.0175 0.000204415
-1.015 0.00022218
-1.0125 0.000241488
-1.01 0.000262475
-1.0075 0.000285285
-1.005 0.000310077
-1.0025 0.000337024
-1 0.000366313
-0.9975 0.000398147
-0.995 0.000432747
-0.9925 0.000470355
-0.99 0.000511231
-0.9875 0.000555659
-0.985 0.000603948
-0.9825 0.000656433
-0.98 0.00071348
-0.9775 0.000775484
-0.975 0.000842877
-0.9725 0.000916126
-0.97 0.000995741
-0.9675 0.00108228
-0.965 0.00117633
-0.9625 0.00127856
-0.96 0.00138967
-0.9575 0.00151044
-0.955 0.0016417
-0.9525 0.00178437
-0.95 0.00193944
-0.9475 0.00210798
-0.945 0.00229118
-0.9425 0.00249029
-0.94 0.00270671
-0.9375 0.00294193
-0.935 0.00319759
-0.9325 0.00347548
-0.93 0.00377751
-0.9275 0.00410579
-0.925 0.0044626
-0.9225 0.00485042
-0.92 0.00527194
-0.9175 0.0057301
-0.915 0.00622806
-0.9125 0.00676931
-0.91 0.00735759
-0.9075 0.00799699
-0.905 0.00869196
-0.9025 0.00944733
-0.9 0.0102683
-0.8975 0.0111607
-0.895 0.0121306
-0.8925 0.0131848
-0.89 0.0143306
-0.8875 0.015576
-0.885 0.0169296
-0.8825 0.0184009
-0.88 0.02
-0.8775 0.0217381
-0.875 0.0236272
-0.8725 0.0256805
-0.87 0.0279122
-0.8675 0.0303379
-0.865 0.0329744
-0.8625 0.03584
-0.86 0.0389547
-0.8575 0.04234
-0.855 0.0460195
-0.8525 0.0500188
-0.85 0.0543656
-0.8475 0.0590902
-0.845 0.0642254
-0.8425 0.0698069
-0.84 0.0758734
-0.8375 0.0824671
-0.835 0.0896338
-0.8325 0.0974233
-0.83 0.10589
-0.8275 0.115092
-0.825 0.125094
-0.8225 0.135965
-0.82 0.147781
-0.8175 0.160624
-0.815 0.174583
-0.8125 0.189755
-0.81 0.206245
-0.8075 0.224169
-0.805 0.24365
-0.8025 0.264824
-0.8 0.287838
-0.7975 0.312853
-0.795 0.340041
-0.7925 0.369592
-0.79 0.401711
-0.7875 0.436621
-0.785 0.474565
-0.7825 0.515807
-0.78 0.560632
-0.7775 0.609354
-0.775 0.662309
-0.7725 0.719866
-0.77 0.782426
-0.7675 0.850422
-0.765 0.924327
-0.7625 1.00465
-0.76 1.09196
-0.7575 1.18686
-0.755 1.29
-0.7525 1.40211
-0.75 1.52396
-0.7475 1.6564
-0.745 1.80034
-0.7425 1.9568
-0.74 2.12685
-0.7375 2.31169
-0.735 2.51258
-0.7325 2.73093
-0.73 2.96826
-0.7275 3.22622
-0.725 3.50659
-0.7225 3.81133
-0.72 4.14254
-0.7175 4.50255
-0.715 4.89384
-0.7125 5.31913
-0.71 5.78139
-0.7075 6.28381
-0.705 6.8299
-0.7025 7.42345
-0.7 8.06858
-0.6975 8.76977
-0.695 9.5319
-0.6925 10
-0.69 10
-0.6875 10
-0.685 10
-0.6825 10
-0.68 10
-0.6775 10
-0.675 10
-0.6725 10
-0.67 10
-0.6675 10
-0.665 10
-0.6625 10
-0.66 10
-0.6575 10
-0.655 10
-0.6525 10
-0.65 10
-0.6475 10
-0.645 10
-0.6425 10
-0.64 10
-0.6375 10
-0.635 10
-0.6325 10
-0.63 10
-0.6275 10
-0.625 10
-0.6225 10
-0.62 10
-0.6175 10
-0.615 10
-0.6125 10
-0.61 10
-0.6075 10
-0.605 10
-0.6025 10
-0.6 10
-0.5975 10
-0.595 10
-0.5925 10
-0.59 10
-0.5875 10
-0.585 10
-0.5825 10
-0.58 10
-0.5775 10
-0.575 10
-0.5725 10
-0.57 10
-0.5675 10
-0.565 10
-0.5625 10
-0.56 10
-0.5575 10
-0.555 10
-0.5525 10
-0.55 10
-0.5475 10
-0.545 10
-0.5425 10
-0.54 10
-0.5375 10
-0.535 10
-0.5325 10
-0.53 10
-0.5275 10
-0.525 10
-0.5225 10
-0.52 10
-0.5175 10
-0.515 10
-0.5125 10
-0.51 10
-0.5075 10
-0.505 10
-0.5025 10
-0.5 10
-0.4975 10
-0.495 10
-0.4925 10
-0.49 10
-0.4875 10
-0.485 10
-0.4825 10
-0.48 10
-0.4775 10
-0.475 10
-0.4725 10
-0.47 10
-0.4675 10
-0.465 10
-0.4625 10
-0.46 10
-0.4575 10
-0.455 10
-0.4525 10
-0.45 10
-0.4475 10
-0.445 10
-0.4425 10
-0.44 10
-0.4375 10
-0.435 10
-0.4325 10
-0.43 10
-0.4275 10
-0.425 10
-0.4225 10
-0.42 10
-0.4175 10
-0.415 10
-0.4125 10
-0.41 10
-0.4075 10
-0.405 10
-0.4025 10
-0.4 10
-0.3975 10
-0.395 10
-0.3925 10
-0.39 10
-0.3875 10
-0.385 10
-0.3825 10
-0.38 10
-0.3775 10
-0.375 10
-0.3725 10
-0.37 10
-0.3675 10
-0.365 10
-0.3625 10
-0.36 10
-0.3575 10
-0.355 10
-0.3525 10
-0.35 10
-0.3475 10
-0.345 10
-0.3425 10
-0.34 10
-0.3375 10
-0.335 10
-0.3325 10
-0.33 10
-0.3275 10
-0.325 10
-0.3225 10
-0.32 10
-0.3175 10
-0.315 10
-0.3125 10
-0.31 10
-0.3075 10
-0.305 10
-0.3025 10
-0.3 10
