T H
300 0.610292
350 17.1047
400 33.599
450 50.0934
500 66.5878
550 84.5966
600 102.605
650 120.614
700 138.623
750 156.632
800 174.641
850 192.65
900 210.658
950 228.667
1000 246.676
1050 266.658
1100 286.64
1150 306.621
1200 326.603
1250 346.585
1300 366.567
1350 386.548
1400 406.53
1450 426.512
1500 446.493
1550 467.704
1600 488.915
1650 510.126
1700 531.337
1750 552.547
1800 573.758
1850 594.969
1900 616.18
1950 637.391
2000 658.601
2050 680.305
2100 702.008
2150 723.838
2200 745.667
2250 767.62
2300 789.573
2350 811.629
2400 833.686
2450 855.84
2500 877.994
2550 900.398
2600 922.801
2650 945.204
2700 967.608
2750 990.011
2800 1012.41
2850 1034.82
2900 1057.22
2950 1079.62
3000 1102.03
