ppm y
9 0.00103465
8.998 0.00104465
8.996 0.0010548
8.994 0.0010651
8.992 0.00107557
8.99 0.0010862
8.988 0.00109699
8.986 0.00110795
8.984 0.00111909
8.982 0.00113041
8.98 0.0011419
8.978 0.00115358
8.976 0.00116545
8.974 0.00117751
8.972 0.00118977
8.97 0.00120223
8.968 0.00121489
8.966 0.00122777
8.964 0.00124086
8.962 0.00125417
8.96 0.00126771
8.958 0.00128147
8.956 0.00129548
8.954 0.00130972
8.952 0.00132421
8.95 0.00133895
8.948 0.00135396
8.946 0.00136922
8.944 0.00138476
8.942 0.00140057
8.94 0.00141667
8.938 0.00143306
8.936 0.00144975
8.934 0.00146675
8.932 0.00148405
8.93 0.00150168
8.928 0.00151964
8.926 0.00153793
8.924 0.00155657
8.922 0.00157557
8.92 0.00159493
8.918 0.00161466
8.916 0.00163477
8.914 0.00165528
8.912 0.00167619
8.91 0.00169752
8.908 0.00171927
8.906 0.00174146
8.904 0.0017641
8.902 0.0017872
8.9 0.00181077
8.898 0.00183483
8.896 0.00185939
8.894 0.00188446
8.892 0.00191007
8.89 0.00193621
8.888 0.00196292
8.886 0.0019902
8.884 0.00201808
8.882 0.00204657
8.88 0.00207568
8.878 0.00210544
8.876 0.00213587
8.874 0.00216699
8.872 0.00219881
8.87 0.00223136
8.868 0.00226467
8.866 0.00229875
8.864 0.00233363
8.862 0.00236933
8.86 0.00240589
8.858 0.00244332
8.856 0.00248167
8.854 0.00252095
8.852 0.00256119
8.85 0.00260244
8.848 0.00264473
8.846 0.00268808
8.844 0.00273254
8.842 0.00277814
8.84 0.00282492
8.838 0.00287293
8.836 0.00292221
8.834 0.0029728
8.832 0.00302475
8.83 0.00307811
8.828 0.00313293
8.826 0.00318927
8.824 0.00324718
8.822 0.00330673
8.82 0.00336796
8.818 0.00343096
8.816 0.00349578
8.814 0.0035625
8.812 0.00363119
8.81 0.00370194
8.808 0.00377482
8.806 0.00384993
8.804 0.00392734
8.802 0.00400717
8.8 0.00408951
8.798 0.00417446
8.796 0.00426215
8.794 0.00435268
8.792 0.00444619
8.79 0.0045428
8.788 0.00464266
8.786 0.00474591
8.784 0.0048527
8.782 0.00496321
8.78 0.00507761
8.778 0.00519607
8.776 0.0053188
8.774 0.005446
8.772 0.0055779
8.77 0.00571472
8.768 0.00585672
8.766 0.00600416
8.764 0.00615733
8.762 0.00631651
8.76 0.00648204
8.758 0.00665425
8.756 0.00683351
8.754 0.0070202
8.752 0.00721475
8.75 0.0074176
8.748 0.00762923
8.746 0.00785015
8.744 0.00808092
8.742 0.00832212
8.74 0.0085744
8.738 0.00883844
8.736 0.00911499
8.734 0.00940484
8.732 0.00970886
8.73 0.010028
8.728 0.0103632
8.726 0.0107157
8.724 0.0110866
8.722 0.0114772
8.72 0.011889
8.718 0.0123235
8.716 0.0127823
8.714 0.0132674
8.712 0.0137808
8.71 0.0143246
8.708 0.0149014
8.706 0.0155139
8.704 0.016165
8.702 0.0168581
8.7 0.0175968
8.698 0.0183851
8.696 0.0192277
8.694 0.0201295
8.692 0.0210963
8.69 0.0221342
8.688 0.0232506
8.686 0.0244533
8.684 0.0257516
8.682 0.0271555
8.68 0.0286769
8.678 0.0303291
8.676 0.0321272
8.674 0.0340889
8.672 0.0362343
8.67 0.0385867
8.668 0.0411732
8.666 0.0440256
8.664 0.0471807
8.662 0.0506822
8.66 0.0545817
8.658 0.0589404
8.656 0.0638315
8.654 0.069343
8.652 0.0755809
8.65 0.0826747
8.648 0.090782
8.646 0.100097
8.644 0.110861
8.642 0.123373
8.64 0.138009
8.638 0.155241
8.636 0.175668
8.634 0.200045
8.632 0.229329
8.63 0.264716
8.628 0.307679
8.626 0.359959
8.624 0.423453
8.622 0.499882
8.62 0.589997
8.618 0.692085
8.616 0.799718
8.614 0.899663
8.612 0.972596
8.61 0.999609
8.608 0.972597
8.606 0.899665
8.604 0.799721
8.602 0.692089
8.6 0.590003
8.598 0.499889
8.596 0.423462
8.594 0.359968
8.592 0.30769
8.59 0.264728
8.588 0.229342
8.586 0.200059
8.584 0.175683
8.582 0.155258
8.58 0.138027
8.578 0.123392
8.576 0.110881
8.574 0.100119
8.572 0.0908045
8.57 0.0826984
8.568 0.0756059
8.566 0.069369
8.564 0.0638588
8.562 0.0589689
8.56 0.0546114
8.558 0.0507131
8.556 0.0472128
8.554 0.0440588
8.552 0.0412077
8.55 0.0386224
8.548 0.0362712
8.546 0.034127
8.544 0.0321665
8.542 0.0303696
8.54 0.0287187
8.538 0.0271985
8.536 0.0257957
8.534 0.0244987
8.532 0.0232972
8.53 0.0221821
8.528 0.0211453
8.526 0.0201798
8.524 0.0192792
8.522 0.0184379
8.52 0.0176507
8.518 0.0169133
8.516 0.0162215
8.514 0.0155716
8.512 0.0149604
8.51 0.0143848
8.508 0.0138422
8.506 0.0133301
8.504 0.0128463
8.502 0.0123887
8.5 0.0119555
8.498 0.011545
8.496 0.0111556
8.494 0.010786
8.492 0.0104348
8.49 0.0101008
8.488 0.00978294
8.486 0.0094802
8.484 0.00919164
8.482 0.00891638
8.48 0.00865363
8.478 0.00840265
8.476 0.00816274
8.474 0.00793328
8.472 0.00771367
8.47 0.00750335
8.468 0.00730181
8.466 0.00710858
8.464 0.00692321
8.462 0.00674528
8.46 0.0065744
8.458 0.00641021
8.456 0.00625237
8.454 0.00610055
8.452 0.00595446
8.45 0.00581381
8.448 0.00567835
8.446 0.00554781
8.444 0.00542198
8.442 0.00530062
8.44 0.00518353
8.438 0.00507052
8.436 0.0049614
8.434 0.004856
8.432 0.00475415
8.43 0.00465569
8.428 0.00456049
8.426 0.0044684
8.424 0.00437928
8.422 0.00429302
8.42 0.0042095
8.418 0.0041286
8.416 0.00405021
8.414 0.00397424
8.412 0.00390059
8.41 0.00382917
8.408 0.00375989
8.406 0.00369267
8.404 0.00362743
8.402 0.0035641
8.4 0.00350259
8.398 0.00344286
8.396 0.00338482
8.394 0.00332842
8.392 0.0032736
8.39 0.00322031
8.388 0.00316848
8.386 0.00311807
8.384 0.00306903
8.382 0.00302131
8.38 0.00297486
8.378 0.00292965
8.376 0.00288563
8.374 0.00284276
8.372 0.002801
8.37 0.00276032
8.368 0.00272068
8.366 0.00268205
8.364 0.0026444
8.362 0.00260769
8.36 0.0025719
8.358 0.002537
8.356 0.00250296
8.354 0.00246975
8.352 0.00243735
8.35 0.00240574
8.348 0.00237488
8.346 0.00234477
8.344 0.00231537
8.342 0.00228667
8.34 0.00225865
8.338 0.00223128
8.336 0.00220455
8.334 0.00217844
8.332 0.00215294
8.33 0.00212802
8.328 0.00210367
8.326 0.00207988
8.324 0.00205662
8.322 0.0020339
8.32 0.00201168
8.318 0.00198996
8.316 0.00196873
8.314 0.00194797
8.312 0.00192767
8.31 0.00190782
8.308 0.00188841
8.306 0.00186942
8.304 0.00185085
8.302 0.00183269
8.3 0.00181492
8.298 0.00179754
8.296 0.00178053
8.294 0.0017639
8.292 0.00174762
8.29 0.00173169
8.288 0.00171611
8.286 0.00170086
8.284 0.00168594
8.282 0.00167134
8.28 0.00165705
8.278 0.00164307
8.276 0.00162938
8.274 0.00161599
8.272 0.00160289
8.27 0.00159007
8.268 0.00157752
8.266 0.00156524
8.264 0.00155322
8.262 0.00154146
8.26 0.00152995
8.258 0.00151869
8.256 0.00150767
8.254 0.00149689
8.252 0.00148634
8.25 0.00147602
8.248 0.00146592
8.246 0.00145605
8.244 0.00144639
8.242 0.00143694
8.24 0.0014277
8.238 0.00141866
8.236 0.00140983
8.234 0.00140119
8.232 0.00139274
8.23 0.00138449
8.228 0.00137642
8.226 0.00136853
8.224 0.00136083
8.222 0.0013533
8.22 0.00134595
8.218 0.00133877
8.216 0.00133176
8.214 0.00132492
8.212 0.00131824
8.21 0.00131172
8.208 0.00130536
8.206 0.00129916
8.204 0.00129312
8.202 0.00128722
8.2 0.00128148
8.198 0.00127589
8.196 0.00127044
8.194 0.00126514
8.192 0.00125998
8.19 0.00125496
8.188 0.00125008
8.186 0.00124534
8.184 0.00124073
8.182 0.00123626
8.18 0.00123192
8.178 0.00122771
8.176 0.00122364
8.174 0.00121969
8.172 0.00121587
8.17 0.00121217
8.168 0.0012086
8.166 0.00120516
8.164 0.00120184
8.162 0.00119863
8.16 0.00119555
8.158 0.00119259
8.156 0.00118975
8.154 0.00118703
8.152 0.00118442
8.15 0.00118193
8.148 0.00117955
8.146 0.00117729
8.144 0.00117515
8.142 0.00117311
8.14 0.00117119
8.138 0.00116939
8.136 0.00116769
8.134 0.0011661
8.132 0.00116463
8.13 0.00116327
8.128 0.00116201
8.126 0.00116087
8.124 0.00115983
8.122 0.00115891
8.12 0.00115809
8.118 0.00115738
8.116 0.00115678
8.114 0.00115629
8.112 0.00115591
8.11 0.00115564
8.108 0.00115547
8.106 0.00115541
8.104 0.00115547
8.102 0.00115563
8.1 0.0011559
8.098 0.00115627
8.096 0.00115676
8.094 0.00115736
8.092 0.00115806
8.09 0.00115888
8.088 0.00115981
8.086 0.00116084
8.084 0.00116199
8.082 0.00116326
8.08 0.00116463
8.078 0.00116612
8.076 0.00116772
8.074 0.00116943
8.072 0.00117126
8.07 0.00117321
8.068 0.00117527
8.066 0.00117745
8.064 0.00117975
8.062 0.00118217
8.06 0.00118471
8.058 0.00118737
8.056 0.00119015
8.054 0.00119305
8.052 0.00119608
8.05 0.00119924
8.048 0.00120253
8.046 0.00120594
8.044 0.00120948
8.042 0.00121316
8.04 0.00121697
8.038 0.00122091
8.036 0.00122499
8.034 0.00122921
8.032 0.00123357
8.03 0.00123807
8.028 0.00124271
8.026 0.0012475
8.024 0.00125244
8.022 0.00125752
8.02 0.00126276
8.018 0.00126816
8.016 0.00127371
8.014 0.00127942
8.012 0.0012853
8.01 0.00129133
8.008 0.00129754
8.006 0.00130391
8.004 0.00131046
8.002 0.00131719
8 0.00132409
7.998 0.00133118
7.996 0.00133845
7.994 0.00134592
7.992 0.00135357
7.99 0.00136143
7.988 0.00136948
7.986 0.00137774
7.984 0.00138621
7.982 0.00139489
7.98 0.00140379
7.978 0.00141291
7.976 0.00142226
7.974 0.00143184
7.972 0.00144166
7.97 0.00145172
7.968 0.00146203
7.966 0.00147259
7.964 0.00148341
7.962 0.0014945
7.96 0.00150586
7.958 0.0015175
7.956 0.00152942
7.954 0.00154163
7.952 0.00155415
7.95 0.00156697
7.948 0.0015801
7.946 0.00159356
7.944 0.00160735
7.942 0.00162147
7.94 0.00163595
7.938 0.00165079
7.936 0.00166599
7.934 0.00168157
7.932 0.00169754
7.93 0.00171391
7.928 0.00173069
7.926 0.00174789
7.924 0.00176553
7.922 0.00178361
7.92 0.00180216
7.918 0.00182118
7.916 0.00184069
7.914 0.0018607
7.912 0.00188123
7.91 0.0019023
7.908 0.00192392
7.906 0.00194611
7.904 0.00196889
7.902 0.00199228
7.9 0.00201629
7.898 0.00204095
7.896 0.00206629
7.894 0.00209232
7.892 0.00211906
7.89 0.00214654
7.888 0.0021748
7.886 0.00220385
7.884 0.00223372
7.882 0.00226444
7.88 0.00229605
7.878 0.00232858
7.876 0.00236206
7.874 0.00239653
7.872 0.00243202
7.87 0.00246857
7.868 0.00250624
7.866 0.00254505
7.864 0.00258506
7.862 0.00262632
7.86 0.00266887
7.858 0.00271277
7.856 0.00275808
7.854 0.00280485
7.852 0.00285315
7.85 0.00290304
7.848 0.0029546
7.846 0.0030079
7.844 0.00306301
7.842 0.00312002
7.84 0.00317902
7.838 0.0032401
7.836 0.00330336
7.834 0.00336889
7.832 0.00343682
7.83 0.00350726
7.828 0.00358033
7.826 0.00365617
7.824 0.00373492
7.822 0.00381673
7.82 0.00390175
7.818 0.00399016
7.816 0.00408215
7.814 0.00417791
7.812 0.00427764
7.81 0.00438157
7.808 0.00448995
7.806 0.00460302
7.804 0.00472107
7.802 0.00484439
7.8 0.0049733
7.798 0.00510814
7.796 0.00524929
7.794 0.00539715
7.792 0.00555215
7.79 0.00571477
7.788 0.0058855
7.786 0.0060649
7.784 0.00625357
7.782 0.00645217
7.78 0.00666139
7.778 0.00688203
7.776 0.00711492
7.774 0.00736099
7.772 0.00762126
7.77 0.00789684
7.768 0.00818897
7.766 0.008499
7.764 0.00882841
7.762 0.00917887
7.76 0.00955221
7.758 0.00995045
7.756 0.0103759
7.754 0.010831
7.752 0.0113186
7.75 0.011842
7.748 0.0124046
7.746 0.0130105
7.744 0.0136642
7.742 0.0143708
7.74 0.0151363
7.738 0.0159672
7.736 0.0168712
7.734 0.017857
7.732 0.0189348
7.73 0.0201161
7.728 0.0214147
7.726 0.0228462
7.724 0.0244292
7.722 0.0261855
7.72 0.0281409
7.718 0.0303259
7.716 0.0327773
7.714 0.0355389
7.712 0.038664
7.71 0.0422169
7.708 0.0462768
7.706 0.0509408
7.704 0.0563291
7.702 0.0625917
7.7 0.0699163
7.698 0.0785392
7.696 0.0887594
7.694 0.100955
7.692 0.115604
7.69 0.133305
7.688 0.154794
7.686 0.180941
7.684 0.212696
7.682 0.250918
7.68 0.295984
7.678 0.347035
7.676 0.40086
7.674 0.450841
7.672 0.487316
7.67 0.500831
7.668 0.487334
7.666 0.450877
7.664 0.400914
7.662 0.347107
7.66 0.296074
7.658 0.251027
7.656 0.212822
7.654 0.181086
7.652 0.154957
7.65 0.133486
7.648 0.115803
7.646 0.101173
7.644 0.0889955
7.642 0.0787938
7.64 0.0701895
7.638 0.0628837
7.636 0.0566399
7.634 0.0512705
7.632 0.0466256
7.63 0.0425848
7.628 0.0390512
7.626 0.0359456
7.624 0.0332035
7.622 0.0307718
7.62 0.0286066
7.618 0.0266713
7.616 0.0249352
7.614 0.0233726
7.612 0.0219616
7.61 0.0206839
7.608 0.0195234
7.606 0.0184669
7.604 0.0175024
7.602 0.0166201
7.6 0.015811
7.598 0.0150677
7.596 0.0143834
7.594 0.0137524
7.592 0.0131694
7.59 0.01263
7.588 0.0121302
7.586 0.0116664
7.584 0.0112354
7.582 0.0108344
7.58 0.010461
7.578 0.0101128
7.576 0.0097879
7.574 0.0094844
7.572 0.00920069
7.57 0.00893528
7.568 0.00868683
7.566 0.00845414
7.564 0.0082361
7.562 0.0080317
7.56 0.00784005
7.558 0.0076603
7.556 0.0074917
7.554 0.00733355
7.552 0.00718523
7.55 0.00704615
7.548 0.00691577
7.546 0.00679362
7.544 0.00667924
7.542 0.00657222
7.54 0.00647218
7.538 0.00637878
7.536 0.00629169
7.534 0.00621061
7.532 0.00613529
7.53 0.00606546
7.528 0.0060009
7.526 0.0059414
7.524 0.00588677
7.522 0.00583682
7.52 0.00579139
7.518 0.00575034
7.516 0.00571353
7.514 0.00568084
7.512 0.00565215
7.51 0.00562737
7.508 0.0056064
7.506 0.00558916
7.504 0.00557558
7.502 0.0055656
7.5 0.00555916
7.498 0.00555621
7.496 0.00555673
7.494 0.00556067
7.492 0.00556802
7.49 0.00557876
7.488 0.00559288
7.486 0.00561037
7.484 0.00563126
7.482 0.00565554
7.48 0.00568323
7.478 0.00571437
7.476 0.00574899
7.474 0.00578713
7.472 0.00582883
7.47 0.00587415
7.468 0.00592316
7.466 0.00597592
7.464 0.00603252
7.462 0.00609304
7.46 0.00615758
7.458 0.00622624
7.456 0.00629914
7.454 0.0063764
7.452 0.00645816
7.45 0.00654456
7.448 0.00663576
7.446 0.00673194
7.444 0.00683326
7.442 0.00693994
7.44 0.00705217
7.438 0.0071702
7.436 0.00729425
7.434 0.0074246
7.432 0.00756152
7.43 0.00770532
7.428 0.00785632
7.426 0.00801486
7.424 0.00818132
7.422 0.00835611
7.42 0.00853965
7.418 0.00873241
7.416 0.00893488
7.414 0.00914761
7.412 0.00937118
7.41 0.00960621
7.408 0.00985338
7.406 0.0101134
7.404 0.0103871
7.402 0.0106753
7.4 0.010979
7.398 0.011299
7.396 0.0116367
7.394 0.011993
7.392 0.0123694
7.39 0.0127672
7.388 0.013188
7.386 0.0136334
7.384 0.0141054
7.382 0.0146058
7.38 0.015137
7.378 0.0157014
7.376 0.0163017
7.374 0.0169409
7.372 0.0176223
7.37 0.0183494
7.368 0.0191265
7.366 0.019958
7.364 0.0208489
7.362 0.021805
7.36 0.0228325
7.358 0.0239385
7.356 0.0251311
7.354 0.0264194
7.352 0.0278136
7.35 0.0293253
7.348 0.030968
7.346 0.0327569
7.344 0.0347094
7.342 0.0368458
7.34 0.0391894
7.338 0.0417672
7.336 0.044611
7.334 0.0477577
7.332 0.051251
7.33 0.0551423
7.328 0.059493
7.326 0.0643762
7.324 0.0698798
7.322 0.0761101
7.32 0.0831963
7.318 0.0912962
7.316 0.100604
7.314 0.111361
7.312 0.123866
7.31 0.138494
7.308 0.15572
7.306 0.17614
7.304 0.20051
7.302 0.229787
7.3 0.265168
7.298 0.308125
7.296 0.360398
7.294 0.423886
7.292 0.500309
7.29 0.590417
7.288 0.692499
7.286 0.800126
7.284 0.900066
7.282 0.972993
7.28 1
7.278 0.972983
7.276 0.900045
7.274 0.800096
7.272 0.692458
7.27 0.590366
7.268 0.500248
7.266 0.423815
7.264 0.360316
7.262 0.308033
7.26 0.265066
7.258 0.229675
7.256 0.200387
7.254 0.176006
7.252 0.155576
7.25 0.13834
7.248 0.123701
7.246 0.111185
7.244 0.100418
7.242 0.0910993
7.24 0.0829886
7.238 0.0758916
7.236 0.0696504
7.234 0.0641358
7.232 0.0592415
7.23 0.0548797
7.228 0.0509772
7.226 0.0474726
7.224 0.0443145
7.222 0.0414593
7.22 0.0388698
7.218 0.0365146
7.216 0.0343664
7.214 0.0324019
7.212 0.0306011
7.21 0.0289462
7.208 0.0274222
7.206 0.0260156
7.204 0.0247148
7.202 0.0235095
7.2 0.0223906
7.198 0.0213502
7.196 0.020381
7.194 0.0194767
7.192 0.0186318
7.19 0.0178411
7.188 0.0171001
7.186 0.0164047
7.184 0.0157513
7.182 0.0151366
7.18 0.0145576
7.178 0.0140116
7.176 0.0134961
7.174 0.0130089
7.172 0.0125479
7.17 0.0121114
7.168 0.0116976
7.166 0.011305
7.164 0.0109321
7.162 0.0105777
7.16 0.0102405
7.158 0.00991942
7.156 0.00961351
7.154 0.00932179
7.152 0.0090434
7.15 0.00877754
7.148 0.00852346
7.146 0.00828048
7.144 0.00804796
7.142 0.0078253
7.14 0.00761196
7.138 0.00740742
7.136 0.00721119
7.134 0.00702285
7.132 0.00684196
7.13 0.00666813
7.128 0.00650101
7.126 0.00634025
7.124 0.00618553
7.122 0.00603655
7.12 0.00589303
7.118 0.0057547
7.116 0.00562132
7.114 0.00549265
7.112 0.00536847
7.11 0.00524857
7.108 0.00513276
7.106 0.00502084
7.104 0.00491266
7.102 0.00480804
7.1 0.00470683
7.098 0.00460888
7.096 0.00451404
7.094 0.0044222
7.092 0.00433322
7.09 0.00424698
7.088 0.00416337
7.086 0.00408229
7.084 0.00400364
7.082 0.00392731
7.08 0.00385321
7.078 0.00378127
7.076 0.00371139
7.074 0.00364349
7.072 0.00357751
7.07 0.00351337
7.068 0.00345099
7.066 0.00339033
7.064 0.0033313
7.062 0.00327386
7.06 0.00321795
7.058 0.00316351
7.056 0.0031105
7.054 0.00305885
7.052 0.00300853
7.05 0.00295949
7.048 0.00291168
7.046 0.00286507
7.044 0.00281961
7.042 0.00277527
7.04 0.00273201
7.038 0.00268979
7.036 0.00264858
7.034 0.00260835
7.032 0.00256907
7.03 0.0025307
7.028 0.00249322
7.026 0.0024566
7.024 0.00242082
7.022 0.00238585
7.02 0.00235166
7.018 0.00231823
7.016 0.00228554
7.014 0.00225356
7.012 0.00222229
7.01 0.00219168
7.008 0.00216173
7.006 0.00213242
7.004 0.00210373
7.002 0.00207563
7 0.00204812
6.998 0.00202118
6.996 0.00199479
6.994 0.00196894
6.992 0.00194361
6.99 0.00191878
6.988 0.00189446
6.986 0.00187061
6.984 0.00184723
6.982 0.0018243
6.98 0.00180182
6.978 0.00177978
6.976 0.00175815
6.974 0.00173693
6.972 0.00171612
6.97 0.00169569
6.968 0.00167564
6.966 0.00165597
6.964 0.00163665
6.962 0.00161769
6.96 0.00159907
6.958 0.00158078
6.956 0.00156282
6.954 0.00154519
6.952 0.00152786
6.95 0.00151084
6.948 0.00149411
6.946 0.00147767
6.944 0.00146152
6.942 0.00144564
6.94 0.00143004
6.938 0.00141469
6.936 0.00139961
6.934 0.00138478
6.932 0.00137019
6.93 0.00135584
6.928 0.00134173
6.926 0.00132785
6.924 0.0013142
6.922 0.00130077
6.92 0.00128755
6.918 0.00127454
6.916 0.00126174
6.914 0.00124914
6.912 0.00123673
6.91 0.00122453
6.908 0.00121251
6.906 0.00120067
6.904 0.00118902
6.902 0.00117754
6.9 0.00116624
6.898 0.00115511
6.896 0.00114415
6.894 0.00113335
6.892 0.0011227
6.89 0.00111222
6.888 0.00110189
6.886 0.00109171
6.884 0.00108168
6.882 0.0010718
6.88 0.00106205
6.878 0.00105245
6.876 0.00104298
6.874 0.00103365
6.872 0.00102445
6.87 0.00101537
6.868 0.00100642
6.866 0.000997602
6.864 0.000988901
6.862 0.00098032
6.86 0.000971855
6.858 0.000963506
6.856 0.00095527
6.854 0.000947145
6.852 0.000939128
6.85 0.000931219
6.848 0.000923414
6.846 0.000915713
6.844 0.000908112
6.842 0.000900611
6.84 0.000893208
6.838 0.000885901
6.836 0.000878687
6.834 0.000871567
6.832 0.000864537
6.83 0.000857597
6.828 0.000850745
6.826 0.000843979
6.824 0.000837298
6.822 0.0008307
6.82 0.000824184
6.818 0.000817749
6.816 0.000811393
6.814 0.000805115
6.812 0.000798914
6.81 0.000792788
6.808 0.000786736
6.806 0.000780757
6.804 0.00077485
6.802 0.000769013
6.8 0.000763246
6.798 0.000757547
6.796 0.000751915
6.794 0.000746349
6.792 0.000740849
6.79 0.000735412
6.788 0.000730038
6.786 0.000724727
6.784 0.000719476
6.782 0.000714285
6.78 0.000709154
6.778 0.00070408
6.776 0.000699065
6.774 0.000694105
6.772 0.000689201
6.77 0.000684352
6.768 0.000679557
6.766 0.000674814
6.764 0.000670124
6.762 0.000665486
6.76 0.000660898
6.758 0.00065636
6.756 0.000651872
6.754 0.000647432
6.752 0.00064304
6.75 0.000638695
6.748 0.000634396
6.746 0.000630143
6.744 0.000625935
6.742 0.000621771
6.74 0.000617651
6.738 0.000613575
6.736 0.000609541
6.734 0.000605549
6.732 0.000601598
6.73 0.000597688
6.728 0.000593818
6.726 0.000589987
6.724 0.000586196
6.722 0.000582443
6.72 0.000578729
6.718 0.000575051
6.716 0.000571411
6.714 0.000567807
6.712 0.000564239
6.71 0.000560707
6.708 0.000557209
6.706 0.000553746
6.704 0.000550317
6.702 0.000546921
6.7 0.000543559
6.698 0.00054023
6.696 0.000536932
6.694 0.000533667
6.692 0.000530433
6.69 0.000527229
6.688 0.000524057
6.686 0.000520915
6.684 0.000517802
6.682 0.000514719
6.68 0.000511665
6.678 0.000508639
6.676 0.000505642
6.674 0.000502673
6.672 0.000499731
6.67 0.000496817
6.668 0.00049393
6.666 0.000491069
6.664 0.000488234
6.662 0.000485425
6.66 0.000482642
6.658 0.000479884
6.656 0.000477151
6.654 0.000474442
6.652 0.000471758
6.65 0.000469098
6.648 0.000466461
6.646 0.000463848
6.644 0.000461259
6.642 0.000458692
6.64 0.000456147
6.638 0.000453625
6.636 0.000451125
6.634 0.000448647
6.632 0.00044619
6.63 0.000443755
6.628 0.000441341
6.626 0.000438947
6.624 0.000436574
6.622 0.000434222
6.62 0.000431889
6.618 0.000429576
6.616 0.000427283
6.614 0.000425009
6.612 0.000422754
6.61 0.000420518
6.608 0.000418301
6.606 0.000416103
6.604 0.000413922
6.602 0.00041176
6.6 0.000409616
6.598 0.000407489
6.596 0.00040538
6.594 0.000403288
6.592 0.000401213
6.59 0.000399155
6.588 0.000397114
6.586 0.000395089
6.584 0.00039308
6.582 0.000391088
6.58 0.000389112
6.578 0.000387151
6.576 0.000385206
6.574 0.000383277
6.572 0.000381363
6.57 0.000379464
6.568 0.00037758
6.566 0.00037571
6.564 0.000373856
6.562 0.000372015
6.56 0.00037019
6.558 0.000368378
6.556 0.00036658
6.554 0.000364796
6.552 0.000363026
6.55 0.00036127
6.548 0.000359527
6.546 0.000357797
6.544 0.000356081
6.542 0.000354377
6.54 0.000352686
6.538 0.000351009
6.536 0.000349343
6.534 0.000347691
6.532 0.00034605
6.53 0.000344422
6.528 0.000342806
6.526 0.000341202
6.524 0.00033961
6.522 0.000338029
6.52 0.00033646
6.518 0.000334903
6.516 0.000333357
6.514 0.000331823
6.512 0.000330299
6.51 0.000328787
6.508 0.000327285
6.506 0.000325795
6.504 0.000324315
6.502 0.000322846
6.5 0.000321387
6.498 0.000319939
6.496 0.000318501
6.494 0.000317073
6.492 0.000315655
6.49 0.000314248
6.488 0.00031285
6.486 0.000311462
6.484 0.000310084
6.482 0.000308715
6.48 0.000307356
6.478 0.000306007
6.476 0.000304667
6.474 0.000303336
6.472 0.000302014
6.47 0.000300702
6.468 0.000299398
6.466 0.000298104
6.464 0.000296818
6.462 0.000295541
6.46 0.000294272
6.458 0.000293013
6.456 0.000291761
6.454 0.000290519
6.452 0.000289284
6.45 0.000288058
6.448 0.00028684
6.446 0.000285631
6.444 0.000284429
6.442 0.000283235
6.44 0.000282049
6.438 0.000280871
6.436 0.000279701
6.434 0.000278539
6.432 0.000277384
6.43 0.000276237
6.428 0.000275097
6.426 0.000273964
6.424 0.000272839
6.422 0.000271722
6.42 0.000270611
6.418 0.000269508
6.416 0.000268412
6.414 0.000267323
6.412 0.00026624
6.41 0.000265165
6.408 0.000264097
6.406 0.000263035
6.404 0.00026198
6.402 0.000260932
6.4 0.00025989
6.398 0.000258855
6.396 0.000257827
6.394 0.000256805
6.392 0.000255789
6.39 0.00025478
6.388 0.000253777
6.386 0.00025278
6.384 0.00025179
6.382 0.000250805
6.38 0.000249827
6.378 0.000248854
6.376 0.000247888
6.374 0.000246927
6.372 0.000245973
6.37 0.000245024
6.368 0.000244081
6.366 0.000243144
6.364 0.000242212
6.362 0.000241286
6.36 0.000240366
6.358 0.000239451
6.356 0.000238542
6.354 0.000237638
6.352 0.000236739
6.35 0.000235846
6.348 0.000234958
6.346 0.000234076
6.344 0.000233199
6.342 0.000232326
6.34 0.000231459
6.338 0.000230598
6.336 0.000229741
6.334 0.000228889
6.332 0.000228042
6.33 0.0002272
6.328 0.000226363
6.326 0.000225531
6.324 0.000224704
6.322 0.000223881
6.32 0.000223064
6.318 0.000222251
6.316 0.000221442
6.314 0.000220639
6.312 0.000219839
6.31 0.000219045
6.308 0.000218255
6.306 0.000217469
6.304 0.000216688
6.302 0.000215912
6.3 0.000215139
6.298 0.000214371
6.296 0.000213608
6.294 0.000212848
6.292 0.000212093
6.29 0.000211343
6.288 0.000210596
6.286 0.000209853
6.284 0.000209115
6.282 0.000208381
6.28 0.000207651
6.278 0.000206924
6.276 0.000206202
6.274 0.000205484
6.272 0.00020477
6.27 0.000204059
6.268 0.000203353
6.266 0.00020265
6.264 0.000201952
6.262 0.000201257
6.26 0.000200565
6.258 0.000199878
6.256 0.000199194
6.254 0.000198514
6.252 0.000197838
6.25 0.000197165
6.248 0.000196496
6.246 0.00019583
6.244 0.000195168
6.242 0.000194509
6.24 0.000193854
6.238 0.000193203
6.236 0.000192555
6.234 0.00019191
6.232 0.000191269
6.23 0.000190631
6.228 0.000189996
6.226 0.000189365
6.224 0.000188737
6.222 0.000188112
6.22 0.000187491
6.218 0.000186873
6.216 0.000186258
6.214 0.000185646
6.212 0.000185037
6.21 0.000184432
6.208 0.000183829
6.206 0.00018323
6.204 0.000182634
6.202 0.000182041
6.2 0.000181451
6.198 0.000180863
6.196 0.000180279
6.194 0.000179698
6.192 0.00017912
6.19 0.000178545
6.188 0.000177972
6.186 0.000177403
6.184 0.000176836
6.182 0.000176272
6.18 0.000175712
6.178 0.000175153
6.176 0.000174598
6.174 0.000174045
6.172 0.000173496
6.17 0.000172949
6.168 0.000172404
6.166 0.000171862
6.164 0.000171323
6.162 0.000170787
6.16 0.000170253
6.158 0.000169722
6.156 0.000169194
6.154 0.000168668
6.152 0.000168145
6.15 0.000167624
6.148 0.000167106
6.146 0.00016659
6.144 0.000166077
6.142 0.000165566
6.14 0.000165058
6.138 0.000164552
6.136 0.000164048
6.134 0.000163547
6.132 0.000163049
6.13 0.000162553
6.128 0.000162059
6.126 0.000161567
6.124 0.000161078
6.122 0.000160592
6.12 0.000160107
6.118 0.000159625
6.116 0.000159145
6.114 0.000158667
6.112 0.000158192
6.11 0.000157719
6.108 0.000157248
6.106 0.000156779
6.104 0.000156313
6.102 0.000155849
6.1 0.000155386
6.098 0.000154926
6.096 0.000154469
6.094 0.000154013
6.092 0.000153559
6.09 0.000153108
6.088 0.000152658
6.086 0.000152211
6.084 0.000151765
6.082 0.000151322
6.08 0.000150881
6.078 0.000150442
6.076 0.000150005
6.074 0.000149569
6.072 0.000149136
6.07 0.000148705
6.068 0.000148275
6.066 0.000147848
6.064 0.000147423
6.062 0.000146999
6.06 0.000146578
6.058 0.000146158
6.056 0.00014574
6.054 0.000145324
6.052 0.00014491
6.05 0.000144498
6.048 0.000144087
6.046 0.000143679
6.044 0.000143272
6.042 0.000142867
6.04 0.000142464
6.038 0.000142063
6.036 0.000141663
6.034 0.000141265
6.032 0.000140869
6.03 0.000140475
6.028 0.000140082
6.026 0.000139691
6.024 0.000139302
6.022 0.000138915
6.02 0.000138529
6.018 0.000138145
6.016 0.000137762
6.014 0.000137382
6.012 0.000137003
6.01 0.000136625
6.008 0.000136249
6.006 0.000135875
6.004 0.000135502
6.002 0.000135131
6 0.000134762
5.998 0.000134394
5.996 0.000134028
5.994 0.000133663
5.992 0.0001333
5.99 0.000132938
5.988 0.000132578
5.986 0.00013222
5.984 0.000131863
5.982 0.000131507
5.98 0.000131153
5.978 0.000130801
5.976 0.00013045
5.974 0.0001301
5.972 0.000129752
5.97 0.000129405
5.968 0.00012906
5.966 0.000128716
5.964 0.000128374
5.962 0.000128033
5.96 0.000127694
5.958 0.000127356
5.956 0.000127019
5.954 0.000126684
5.952 0.00012635
5.95 0.000126018
5.948 0.000125686
5.946 0.000125357
5.944 0.000125028
5.942 0.000124701
5.94 0.000124375
5.938 0.000124051
5.936 0.000123728
5.934 0.000123406
5.932 0.000123086
5.93 0.000122767
5.928 0.000122449
5.926 0.000122132
5.924 0.000121817
5.922 0.000121503
5.92 0.00012119
5.918 0.000120879
5.916 0.000120569
5.914 0.00012026
5.912 0.000119952
5.91 0.000119645
5.908 0.00011934
5.906 0.000119036
5.904 0.000118733
5.902 0.000118432
5.9 0.000118131
5.898 0.000117832
5.896 0.000117534
5.894 0.000117237
5.892 0.000116941
5.89 0.000116647
5.888 0.000116353
5.886 0.000116061
5.884 0.00011577
5.882 0.00011548
5.88 0.000115191
5.878 0.000114904
5.876 0.000114617
5.874 0.000114332
5.872 0.000114047
5.87 0.000113764
5.868 0.000113482
5.866 0.000113201
5.864 0.000112921
5.862 0.000112642
5.86 0.000112364
5.858 0.000112088
5.856 0.000111812
5.854 0.000111537
5.852 0.000111264
5.85 0.000110991
5.848 0.00011072
5.846 0.00011045
5.844 0.00011018
5.842 0.000109912
5.84 0.000109645
5.838 0.000109378
5.836 0.000109113
5.834 0.000108849
5.832 0.000108585
5.83 0.000108323
5.828 0.000108062
5.826 0.000107801
5.824 0.000107542
5.822 0.000107284
5.82 0.000107026
5.818 0.00010677
5.816 0.000106514
5.814 0.00010626
5.812 0.000106006
5.81 0.000105754
5.808 0.000105502
5.806 0.000105251
5.804 0.000105001
5.802 0.000104752
5.8 0.000104505
5.798 0.000104257
5.796 0.000104011
5.794 0.000103766
5.792 0.000103522
5.79 0.000103278
5.788 0.000103036
5.786 0.000102794
5.784 0.000102553
5.782 0.000102313
5.78 0.000102074
5.778 0.000101836
5.776 0.000101599
5.774 0.000101363
5.772 0.000101127
5.77 0.000100892
5.768 0.000100658
5.766 0.000100425
5.764 0.000100193
5.762 9.99619e-05
5.76 9.97314e-05
5.758 9.95018e-05
5.756 9.92729e-05
5.754 9.90449e-05
5.752 9.88177e-05
5.75 9.85913e-05
5.748 9.83657e-05
5.746 9.8141e-05
5.744 9.7917e-05
5.742 9.76938e-05
5.74 9.74714e-05
5.738 9.72498e-05
5.736 9.7029e-05
5.734 9.6809e-05
5.732 9.65897e-05
5.73 9.63712e-05
5.728 9.61535e-05
5.726 9.59366e-05
5.724 9.57204e-05
5.722 9.5505e-05
5.72 9.52903e-05
5.718 9.50764e-05
5.716 9.48633e-05
5.714 9.46509e-05
5.712 9.44392e-05
5.71 9.42282e-05
5.708 9.4018e-05
5.706 9.38086e-05
5.704 9.35998e-05
5.702 9.33918e-05
5.7 9.31845e-05
5.698 9.29779e-05
5.696 9.2772e-05
5.694 9.25669e-05
5.692 9.23624e-05
5.69 9.21587e-05
5.688 9.19556e-05
5.686 9.17533e-05
5.684 9.15516e-05
5.682 9.13506e-05
5.68 9.11504e-05
5.678 9.09508e-05
5.676 9.07518e-05
5.674 9.05536e-05
5.672 9.0356e-05
5.67 9.01591e-05
5.668 8.99629e-05
5.666 8.97674e-05
5.664 8.95725e-05
5.662 8.93782e-05
5.66 8.91846e-05
5.658 8.89917e-05
5.656 8.87994e-05
5.654 8.86078e-05
5.652 8.84168e-05
5.65 8.82264e-05
5.648 8.80367e-05
5.646 8.78477e-05
5.644 8.76592e-05
5.642 8.74714e-05
5.64 8.72842e-05
5.638 8.70976e-05
5.636 8.69117e-05
5.634 8.67264e-05
5.632 8.65417e-05
5.63 8.63576e-05
5.628 8.61741e-05
5.626 8.59912e-05
5.624 8.58089e-05
5.622 8.56272e-05
5.62 8.54461e-05
5.618 8.52657e-05
5.616 8.50858e-05
5.614 8.49065e-05
5.612 8.47277e-05
5.61 8.45496e-05
5.608 8.43721e-05
5.606 8.41951e-05
5.604 8.40187e-05
5.602 8.38429e-05
5.6 8.36677e-05
5.598 8.3493e-05
5.596 8.33189e-05
5.594 8.31453e-05
5.592 8.29724e-05
5.59 8.28e-05
5.588 8.26281e-05
5.586 8.24568e-05
5.584 8.2286e-05
5.582 8.21158e-05
5.58 8.19462e-05
5.578 8.17771e-05
5.576 8.16085e-05
5.574 8.14405e-05
5.572 8.1273e-05
5.57 8.1106e-05
5.568 8.09396e-05
5.566 8.07737e-05
5.564 8.06083e-05
5.562 8.04435e-05
5.56 8.02792e-05
5.558 8.01154e-05
5.556 7.99521e-05
5.554 7.97894e-05
5.552 7.96271e-05
5.55 7.94654e-05
5.548 7.93042e-05
5.546 7.91435e-05
5.544 7.89833e-05
5.542 7.88236e-05
5.54 7.86644e-05
5.538 7.85057e-05
5.536 7.83475e-05
5.534 7.81898e-05
5.532 7.80325e-05
5.53 7.78758e-05
5.528 7.77196e-05
5.526 7.75638e-05
5.524 7.74086e-05
5.522 7.72538e-05
5.52 7.70995e-05
5.518 7.69457e-05
5.516 7.67924e-05
5.514 7.66395e-05
5.512 7.64871e-05
5.51 7.63352e-05
5.508 7.61837e-05
5.506 7.60327e-05
5.504 7.58822e-05
5.502 7.57321e-05
5.5 7.55825e-05
