T N2 Cl2 nH2 eH2
10 nan nan 1.5 1.5001
10.2329 nan nan 1.5 1.50014
10.4713 nan nan 1.5 1.5002
10.7152 nan nan 1.5 1.50028
10.9648 nan nan 1.5 1.50038
11.2202 nan nan 1.5 1.50051
11.4815 nan nan 1.5 1.50069
11.749 nan nan 1.5 1.50093
12.0226 nan nan 1.5 1.50124
12.3027 nan nan 1.5 1.50163
12.5893 nan nan 1.5 1.50214
12.8825 nan nan 1.5 1.50278
13.1826 nan nan 1.5 1.50359
13.4896 nan nan 1.5 1.5046
13.8038 nan nan 1.5 1.50586
14.1254 nan nan 1.5 1.50742
14.4544 nan nan 1.5 1.50933
14.7911 nan nan 1.5 1.51165
15.1356 nan nan 1.5 1.51447
15.4882 nan nan 1.5 1.51787
15.8489 nan nan 1.5 1.52193
16.2181 nan nan 1.5 1.52675
16.5959 nan nan 1.5 1.53246
16.9824 nan nan 1.5 1.53917
17.378 nan nan 1.5 1.54702
17.7828 nan nan 1.5 1.55614
18.197 nan nan 1.5 1.56669
18.6209 nan nan 1.5 1.57882
19.0546 nan nan 1.5 1.5927
19.4984 nan nan 1.5 1.60849
19.9526 nan nan 1.5 1.62638
20.4174 nan nan 1.5 1.64653
20.893 nan nan 1.5 1.66912
21.3796 nan nan 1.5 1.69432
21.8776 nan nan 1.5 1.72229
22.3872 nan nan 1.5 1.75318
22.9087 nan nan 1.5 1.78714
23.4423 nan nan 1.5 1.82428
23.9883 nan nan 1.5 1.8647
24.5471 nan nan 1.5 1.90849
25.1189 nan nan 1.5 1.95568
25.704 nan nan 1.5 2.00628
26.3027 nan nan 1.5 2.06028
26.9153 nan nan 1.5 2.11759
27.5423 nan nan 1.5 2.1781
28.1838 nan nan 1.50001 2.24166
28.8403 nan nan 1.50001 2.30805
29.5121 nan nan 1.50001 2.37701
30.1995 nan nan 1.50002 2.44821
30.903 nan nan 1.50002 2.52128
31.6228 nan nan 1.50003 2.59582
32.3594 nan nan 1.50004 2.67134
33.1131 nan nan 1.50006 2.74733
33.8844 nan nan 1.50008 2.82325
34.6737 nan nan 1.50011 2.8985
35.4813 nan nan 1.50014 2.9725
36.3078 nan nan 1.50019 3.0446
37.1535 nan nan 1.50025 3.1142
38.0189 nan nan 1.50032 3.18067
38.9045 nan nan 1.50042 3.24342
39.8107 nan nan 1.50054 3.30187
40.738 nan nan 1.50069 3.35551
41.6869 nan nan 1.50087 3.40385
42.658 nan nan 1.5011 3.44649
43.6516 nan nan 1.50138 3.48307
44.6684 nan nan 1.50173 3.51334
45.7088 nan nan 1.50214 3.53709
46.7735 nan nan 1.50264 3.55424
47.863 nan nan 1.50324 3.56475
48.9779 nan nan 1.50395 3.5687
50.1187 2.5 2.50003 1.50478 3.56622
51.2861 2.5 2.50004 1.50577 3.55753
52.4807 2.5 2.50006 1.50692 3.54293
53.7032 2.5 2.50008 1.50826 3.52274
54.9541 2.5 2.5001 1.50981 3.49737
56.2341 2.5 2.50014 1.51159 3.46724
57.544 2.5 2.50018 1.51363 3.43283
58.8844 2.5 2.50024 1.51596 3.39462
60.256 2.5 2.50031 1.5186 3.35311
61.6595 2.5 2.5004 1.52159 3.3088
63.0957 2.5 2.50052 1.52494 3.26219
64.5654 2.5 2.50066 1.5287 3.21374
66.0693 2.5 2.50083 1.53289 3.16394
67.6083 2.5 2.50105 1.53754 3.11321
69.1831 2.5 2.50131 1.54269 3.06197
70.7946 2.5 2.50162 1.54835 3.01059
72.4436 2.5 2.502 1.55457 2.95943
74.131 2.5 2.50246 1.56136 2.90879
75.8578 2.5 2.503 1.56875 2.85897
77.6247 2.5 2.50364 1.57676 2.81019
79.4328 2.5 2.50439 1.58542 2.76268
81.2831 2.5 2.50527 1.59475 2.71661
83.1764 2.5 2.5063 1.60475 2.67215
85.1138 2.5 2.50748 1.61544 2.62942
87.0964 2.5 2.50884 1.62682 2.58853
89.1251 2.5 2.5104 1.6389 2.54954
91.2011 2.5 2.51218 1.65168 2.51253
93.3254 2.5 2.51419 1.66515 2.47754
95.4993 2.5 2.51646 1.6793 2.4446
97.7237 2.5 2.51902 1.69411 2.41372
100 2.5 2.52187 1.70956 2.38491
102.329 2.5 2.52505 1.72563 2.35816
104.713 2.5 2.52857 1.74229 2.33346
107.152 2.5 2.53246 1.7595 2.31079
109.648 2.5 2.53673 1.77723 2.29013
112.202 2.5 2.5414 1.79543 2.27144
114.815 2.5 2.5465 1.81405 2.25469
117.49 2.5 2.55203 1.83305 2.23984
120.226 2.5 2.55801 1.85238 2.22685
123.027 2.5 2.56446 1.87198 2.21568
125.893 2.5 2.57138 1.89181 2.20627
128.825 2.5 2.57879 1.91181 2.19858
131.826 2.5 2.58668 1.93192 2.19256
134.896 2.5 2.59507 1.95211 2.18815
138.038 2.5 2.60395 1.97231 2.18528
141.254 2.5 2.61333 1.99249 2.18391
144.544 2.5 2.62319 2.0126 2.18395
147.911 2.5 2.63354 2.03259 2.18535
151.356 2.5 2.64435 2.05244 2.18803
154.882 2.5 2.65563 2.07209 2.19191
158.489 2.5 2.66735 2.09153 2.19693
162.181 2.5 2.67951 2.11072 2.20299
165.959 2.5 2.69207 2.12963 2.21001
169.824 2.5 2.70502 2.14823 2.21791
173.78 2.5 2.71834 2.16651 2.22659
177.828 2.5 2.732 2.18444 2.23597
181.97 2.5 2.74598 2.20201 2.24596
186.209 2.5 2.76024 2.21918 2.25646
190.546 2.50001 2.77477 2.23594 2.26738
194.984 2.50001 2.78953 2.25228 2.27863
199.526 2.50001 2.80449 2.26816 2.29012
204.174 2.50002 2.81962 2.28358 2.30177
208.93 2.50003 2.8349 2.29852 2.31348
213.796 2.50004 2.85029 2.31295 2.32517
218.776 2.50005 2.86577 2.32685 2.33678
223.872 2.50007 2.8813 2.34022 2.34822
229.087 2.50009 2.89685 2.35303 2.35944
234.423 2.50013 2.91241 2.36526 2.37036
239.883 2.50017 2.92793 2.37692 2.38094
245.471 2.50022 2.9434 2.38797 2.39112
251.189 2.50028 2.95879 2.39842 2.40087
257.04 2.50037 2.97408 2.40827 2.41015
263.027 2.50047 2.98924 2.4175 2.41894
269.153 2.5006 3.00425 2.42612 2.42721
275.423 2.50077 3.0191 2.43413 2.43495
281.838 2.50097 3.03376 2.44155 2.44216
288.403 2.50121 3.04822 2.44838 2.44883
295.121 2.50151 3.06246 2.45464 2.45497
301.995 2.50186 3.07647 2.46035 2.46059
309.03 2.50229 3.09024 2.46553 2.46571
316.228 2.5028 3.10375 2.47021 2.47033
323.594 2.5034 3.117 2.47441 2.47449
331.131 2.50411 3.12998 2.47815 2.47821
338.844 2.50495 3.14267 2.48147 2.48151
346.737 2.50592 3.15507 2.4844 2.48443
354.813 2.50704 3.16719 2.48697 2.48699
363.078 2.50834 3.179 2.48921 2.48922
371.535 2.50982 3.19052 2.49115 2.49115
380.189 2.51152 3.20174 2.49281 2.49282
389.045 2.51345 3.21265 2.49424 2.49425
398.107 2.51563 3.22326 2.49546 2.49546
407.38 2.51808 3.23357 2.49649 2.49649
416.869 2.52083 3.24358 2.49736 2.49736
426.58 2.52389 3.2533 2.49809 2.4981
436.516 2.52728 3.26271 2.49871 2.49871
446.684 2.53104 3.27183 2.49924 2.49924
457.088 2.53517 3.28067 2.49969 2.49969
467.735 2.5397 3.28922 2.50009 2.50009
478.63 2.54464 3.29749 2.50044 2.50044
489.779 2.55002 3.30548 2.50078 2.50078
501.187 2.55584 3.3132 2.50111 2.50111
512.861 2.56212 3.32066 2.50144 2.50144
524.807 2.56887 3.32786 2.5018 2.5018
537.032 2.57611 3.3348 2.5022 2.5022
549.541 2.58383 3.3415 2.50264 2.50264
562.341 2.59204 3.34796 2.50316 2.50316
575.44 2.60075 3.35418 2.50375 2.50375
588.844 2.60995 3.36017 2.50445 2.50445
602.56 2.61964 3.36594 2.50525 2.50525
616.595 2.62982 3.37149 2.50619 2.50619
630.957 2.64047 3.37683 2.50728 2.50728
645.654 2.65158 3.38197 2.50853 2.50853
660.693 2.66315 3.38691 2.50997 2.50997
676.083 2.67515 3.39166 2.51162 2.51162
691.831 2.68757 3.39622 2.51349 2.51349
707.946 2.70039 3.40061 2.51561 2.51561
724.436 2.71358 3.40482 2.518 2.518
741.31 2.72712 3.40886 2.52069 2.52069
758.578 2.74099 3.41275 2.52368 2.52368
776.247 2.75516 3.41647 2.52701 2.52701
794.328 2.76959 3.42005 2.53069 2.53069
812.831 2.78428 3.42348 2.53475 2.53475
831.764 2.79917 3.42677 2.5392 2.5392
851.138 2.81425 3.42992 2.54406 2.54406
870.964 2.82948 3.43295 2.54936 2.54936
891.251 2.84483 3.43585 2.5551 2.5551
912.011 2.86028 3.43863 2.56129 2.56129
933.254 2.87579 3.44129 2.56796 2.56796
954.993 2.89134 3.44384 2.57511 2.57511
977.237 2.9069 3.44629 2.58274 2.58274
1000 2.92244 3.44863 2.59087 2.59087
1023.29 2.93793 3.45087 2.59949 2.59949
1047.13 2.95335 3.45302 2.6086 2.6086
1071.52 2.96867 3.45508 2.61821 2.61821
1096.48 2.98388 3.45705 2.6283 2.6283
1122.02 2.99895 3.45893 2.63887 2.63887
1148.15 3.01386 3.46074 2.64991 2.64991
1174.9 3.02859 3.46246 2.6614 2.6614
1202.26 3.04312 3.46412 2.67332 2.67332
1230.27 3.05744 3.4657 2.68567 2.68567
1258.93 3.07154 3.46721 2.69842 2.69842
1288.25 3.08539 3.46866 2.71155 2.71155
1318.26 3.099 3.47004 2.72503 2.72503
1348.96 3.11234 3.47137 2.73885 2.73885
1380.38 3.12541 3.47264 2.75296 2.75296
1412.54 3.13821 3.47385 2.76735 2.76735
1445.44 3.15071 3.47501 2.78199 2.78199
1479.11 3.16293 3.47612 2.79685 2.79685
1513.56 3.17485 3.47718 2.8119 2.8119
1548.82 3.18648 3.47819 2.8271 2.8271
1584.89 3.1978 3.47916 2.84244 2.84244
1621.81 3.20882 3.48009 2.85787 2.85787
1659.59 3.21954 3.48097 2.87337 2.87337
1698.24 3.22996 3.48182 2.88891 2.88891
1737.8 3.24007 3.48263 2.90447 2.90447
1778.28 3.24989 3.4834 2.92001 2.92001
1819.7 3.25941 3.48414 2.93551 2.93551
1862.09 3.26864 3.48485 2.95094 2.95094
1905.46 3.27757 3.48553 2.96628 2.96628
1949.84 3.28622 3.48617 2.9815 2.9815
1995.26 3.29459 3.48679 2.99659 2.99659
2041.74 3.30268 3.48738 3.01152 3.01152
2089.3 3.3105 3.48794 3.02628 3.02628
2137.96 3.31805 3.48848 3.04085 3.04085
2187.76 3.32534 3.489 3.0552 3.0552
2238.72 3.33237 3.48949 3.06933 3.06933
2290.87 3.33916 3.48996 3.08323 3.08323
2344.23 3.3457 3.49041 3.09687 3.09687
2398.83 3.352 3.49084 3.11025 3.11025
2454.71 3.35807 3.49125 3.12337 3.12337
2511.89 3.36392 3.49164 3.1362 3.1362
2570.4 3.36955 3.49201 3.14876 3.14876
2630.27 3.37496 3.49237 3.16102 3.16102
2691.53 3.38017 3.49271 3.17299 3.17299
2754.23 3.38518 3.49304 3.18466 3.18466
2818.38 3.39 3.49335 3.19603 3.19603
2884.03 3.39463 3.49365 3.2071 3.2071
2951.21 3.39908 3.49394 3.21787 3.21787
3019.95 3.40335 3.49421 3.22833 3.22833
