c inv
0 0
0.02 0.208696
0.04 0.417391
0.06 0.626087
0.08 0.834783
0.1 1.04348
0.12 1.25217
0.14 1.46087
0.16 1.66957
0.18 1.87826
0.2 2.08696
0.22 2.29565
0.24 2.50435
0.26 2.71304
0.28 2.92174
0.3 3.13043
0.32 3.33913
0.34 3.54783
0.36 3.75652
0.38 3.96522
0.4 4.17391
0.42 4.38261
0.44 4.5913
0.46 4.8
0.48 5.0087
0.5 5.21739
0.52 5.42609
0.54 5.63478
0.56 5.84348
0.58 6.05217
0.6 6.26087
0.62 6.46957
0.64 6.67826
0.66 6.88696
0.68 7.09565
0.7 7.30435
0.72 7.51304
0.74 7.72174
0.76 7.93043
0.78 8.13913
0.8 8.34783
0.82 8.55652
0.84 8.76522
0.86 8.97391
0.88 9.18261
0.9 9.3913
0.92 9.6
0.94 9.8087
0.96 10.0174
0.98 10.2261
1 10.4348
