xi Q_small Q_large
0 0 0
0.001 0.00914591 0.00914591
0.002 0.0182918 0.0182918
0.003 0.0274377 0.0274377
0.004 0.0365836 0.0365836
0.005 0.0457295 0.0457295
0.006 0.0548755 0.0548755
0.007 0.0640214 0.0640214
0.008 0.0731673 0.0731673
0.009 0.0823132 0.0823132
0.01 0.0914591 0.0914591
0.011 0.0914591 0.100605
0.012 0.0914591 0.109751
0.013 0.0914591 0.118897
0.014 0.0914591 0.128043
0.015 0.0914591 0.137189
0.016 0.0914591 0.146335
0.017 0.0914591 0.15548
0.018 0.0914591 0.164626
0.019 0.0914591 0.173772
0.02 0.0914591 0.182918
0.021 0.0914591 0.192064
0.022 0.0914591 0.2
0.023 0.0914591 0.2
0.024 0.0914591 0.2
0.025 0.0914591 0.2
0.026 0.0914591 0.2
0.027 0.0914591 0.2
0.028 0.0914591 0.2
0.029 0.0914591 0.2
0.03 0.0914591 0.2
0.031 0.0914591 0.2
0.032 0.0914591 0.2
0.033 0.0914591 0.2
0.034 0.0914591 0.2
0.035 0.0914591 0.2
0.036 0.0914591 0.2
0.037 0.0914591 0.2
0.038 0.0914591 0.2
0.039 0.0914591 0.2
0.04 0.0914591 0.2
