t HBr v vss Br_rel
0 0 0 0.002 0
1 0.00019482 0.000388995 0.00199957 0.195474
2 0.000768245 0.000750922 0.0019985 0.376486
3 0.00167981 0.0010627 0.00199687 0.532598
4 0.00287368 0.00131493 0.00199478 0.659163
5 0.00429011 0.00150868 0.00199233 0.756713
6 0.00587404 0.00165151 0.0019896 0.828988
7 0.00757951 0.00175347 0.00198668 0.880963
8 0.00937066 0.00182441 0.00198363 0.917516
9 0.0112208 0.00187269 0.00198048 0.942799
10 0.0131107 0.00190486 0.00197727 0.960056
11 0.0150268 0.00192578 0.00197402 0.971702
12 0.0169597 0.00193894 0.00197074 0.979471
13 0.0189029 0.00194679 0.00196746 0.984583
14 0.0208521 0.00195102 0.00196416 0.987885
15 0.0228041 0.00195281 0.00196086 0.989958
16 0.0247571 0.00195294 0.00195757 0.991199
17 0.0267097 0.00195196 0.00195427 0.991877
18 0.0286608 0.00195023 0.00195098 0.992175
19 0.03061 0.001948 0.0019477 0.992216
20 0.0325567 0.00194542 0.00194442 0.992085
21 0.0345007 0.00194263 0.00194115 0.991837
22 0.0364419 0.00193968 0.00193789 0.99151
23 0.0383801 0.00193664 0.00193463 0.991131
24 0.0403151 0.00193353 0.00193138 0.990716
25 0.0422471 0.00193038 0.00192814 0.990278
26 0.0441759 0.00192721 0.0019249 0.989824
27 0.0461015 0.00192402 0.00192168 0.989359
28 0.0480239 0.00192083 0.00191846 0.988887
29 0.0499432 0.00191763 0.00191524 0.988411
30 0.0518592 0.00191443 0.00191204 0.987932
31 0.053772 0.00191124 0.00190884 0.987452
32 0.0556817 0.00190805 0.00190564 0.98697
33 0.0575881 0.00190486 0.00190246 0.986488
34 0.0594914 0.00190168 0.00189928 0.986005
35 0.0613915 0.00189851 0.00189611 0.985523
36 0.0632884 0.00189534 0.00189295 0.985041
37 0.0651822 0.00189218 0.00188979 0.98456
38 0.0670728 0.00188903 0.00188665 0.984078
39 0.0689602 0.00188589 0.0018835 0.983598
40 0.0708446 0.00188275 0.00188037 0.983117
41 0.0727257 0.00187962 0.00187724 0.982638
42 0.0746038 0.00187649 0.00187412 0.982158
43 0.0764787 0.00187337 0.00187101 0.98168
44 0.0783505 0.00187026 0.0018679 0.981202
45 0.0802193 0.00186716 0.0018648 0.980724
46 0.0820849 0.00186406 0.00186171 0.980247
47 0.0839474 0.00186097 0.00185863 0.979771
48 0.0858068 0.00185789 0.00185555 0.979295
49 0.0876632 0.00185482 0.00185248 0.978819
50 0.0895164 0.00185175 0.00184941 0.978345
51 0.0913667 0.00184868 0.00184635 0.97787
52 0.0932138 0.00184563 0.0018433 0.977397
53 0.0950579 0.00184258 0.00184026 0.976924
54 0.096899 0.00183954 0.00183722 0.976451
55 0.098737 0.00183651 0.00183419 0.975979
56 0.100572 0.00183348 0.00183117 0.975508
57 0.102404 0.00183046 0.00182815 0.975037
58 0.104233 0.00182744 0.00182514 0.974566
59 0.106059 0.00182443 0.00182214 0.974097
60 0.107882 0.00182143 0.00181914 0.973627
61 0.109702 0.00181844 0.00181615 0.973159
62 0.111519 0.00181545 0.00181317 0.97269
63 0.113333 0.00181247 0.00181019 0.972223
64 0.115144 0.0018095 0.00180722 0.971756
65 0.116952 0.00180653 0.00180426 0.971289
66 0.118757 0.00180357 0.0018013 0.970823
67 0.120559 0.00180061 0.00179835 0.970358
68 0.122358 0.00179767 0.00179541 0.969893
69 0.124154 0.00179473 0.00179247 0.969428
70 0.125947 0.00179179 0.00178954 0.968965
71 0.127738 0.00178886 0.00178662 0.968501
72 0.129525 0.00178594 0.0017837 0.968038
73 0.13131 0.00178303 0.00178079 0.967576
74 0.133091 0.00178012 0.00177788 0.967114
75 0.13487 0.00177722 0.00177499 0.966653
76 0.136646 0.00177432 0.00177209 0.966193
77 0.138418 0.00177143 0.00176921 0.965733
78 0.140188 0.00176855 0.00176633 0.965273
79 0.141956 0.00176567 0.00176346 0.964814
80 0.14372 0.0017628 0.00176059 0.964355
81 0.145481 0.00175994 0.00175773 0.963897
82 0.14724 0.00175708 0.00175488 0.96344
83 0.148995 0.00175423 0.00175203 0.962983
84 0.150748 0.00175138 0.00174919 0.962527
85 0.152498 0.00174854 0.00174635 0.962071
86 0.154245 0.00174571 0.00174353 0.961615
87 0.15599 0.00174288 0.0017407 0.96116
88 0.157731 0.00174006 0.00173789 0.960706
89 0.15947 0.00173725 0.00173508 0.960252
90 0.161205 0.00173444 0.00173227 0.959799
91 0.162939 0.00173164 0.00172948 0.959346
92 0.164669 0.00172885 0.00172668 0.958894
93 0.166396 0.00172606 0.0017239 0.958442
94 0.168121 0.00172327 0.00172112 0.957991
95 0.169843 0.0017205 0.00171835 0.95754
96 0.171562 0.00171773 0.00171558 0.95709
97 0.173278 0.00171496 0.00171282 0.956641
98 0.174992 0.0017122 0.00171006 0.956191
99 0.176703 0.00170945 0.00170731 0.955743
100 0.178411 0.0017067 0.00170457 0.955295
101 0.180116 0.00170396 0.00170183 0.954847
102 0.181819 0.00170123 0.0016991 0.9544
103 0.183518 0.0016985 0.00169638 0.953953
104 0.185216 0.00169578 0.00169366 0.953507
105 0.18691 0.00169306 0.00169095 0.953062
106 0.188602 0.00169035 0.00168824 0.952617
107 0.190291 0.00168764 0.00168554 0.952172
108 0.191977 0.00168494 0.00168284 0.951728
109 0.193661 0.00168225 0.00168015 0.951284
110 0.195342 0.00167956 0.00167747 0.950841
111 0.19702 0.00167688 0.00167479 0.950399
112 0.198695 0.0016742 0.00167212 0.949957
113 0.200368 0.00167153 0.00166945 0.949515
114 0.202038 0.00166887 0.00166679 0.949074
115 0.203706 0.00166621 0.00166414 0.948633
116 0.205371 0.00166356 0.00166149 0.948193
117 0.207033 0.00166091 0.00165884 0.947754
118 0.208693 0.00165827 0.00165621 0.947315
119 0.21035 0.00165563 0.00165358 0.946876
120 0.212004 0.001653 0.00165095 0.946438
121 0.213656 0.00165038 0.00164833 0.946
122 0.215305 0.00164776 0.00164571 0.945563
123 0.216951 0.00164515 0.0016431 0.945127
124 0.218595 0.00164254 0.0016405 0.944691
125 0.220236 0.00163994 0.0016379 0.944255
126 0.221875 0.00163734 0.00163531 0.94382
127 0.223511 0.00163475 0.00163272 0.943385
128 0.225144 0.00163217 0.00163014 0.942951
129 0.226775 0.00162959 0.00162757 0.942517
130 0.228404 0.00162702 0.001625 0.942084
131 0.230029 0.00162445 0.00162243 0.941651
132 0.231652 0.00162188 0.00161987 0.941219
133 0.233273 0.00161933 0.00161732 0.940787
134 0.234891 0.00161678 0.00161477 0.940356
135 0.236507 0.00161423 0.00161223 0.939925
136 0.23812 0.00161169 0.00160969 0.939495
137 0.23973 0.00160915 0.00160716 0.939065
138 0.241338 0.00160662 0.00160463 0.938636
139 0.242943 0.0016041 0.00160211 0.938207
140 0.244546 0.00160158 0.0015996 0.937779
141 0.246146 0.00159906 0.00159708 0.937351
142 0.247744 0.00159656 0.00159458 0.936923
143 0.249339 0.00159405 0.00159208 0.936496
144 0.250932 0.00159156 0.00158959 0.93607
145 0.252523 0.00158906 0.0015871 0.935644
146 0.25411 0.00158658 0.00158461 0.935218
147 0.255696 0.00158409 0.00158214 0.934793
148 0.257279 0.00158162 0.00157966 0.934369
149 0.258859 0.00157915 0.00157719 0.933945
150 0.260437 0.00157668 0.00157473 0.933521
151 0.262012 0.00157422 0.00157227 0.933098
152 0.263585 0.00157176 0.00156982 0.932675
153 0.265156 0.00156931 0.00156738 0.932253
154 0.266724 0.00156687 0.00156493 0.931831
155 0.26829 0.00156443 0.0015625 0.93141
156 0.269853 0.00156199 0.00156007 0.930989
157 0.271414 0.00155956 0.00155764 0.930569
158 0.272972 0.00155714 0.00155522 0.930149
159 0.274528 0.00155472 0.0015528 0.929729
160 0.276081 0.00155231 0.00155039 0.92931
161 0.277632 0.0015499 0.00154799 0.928892
162 0.279181 0.00154749 0.00154559 0.928474
163 0.280727 0.00154509 0.00154319 0.928056
164 0.282271 0.0015427 0.0015408 0.927639
165 0.283813 0.00154031 0.00153841 0.927222
166 0.285352 0.00153793 0.00153603 0.926806
167 0.286889 0.00153555 0.00153366 0.92639
168 0.288423 0.00153318 0.00153129 0.925975
169 0.289955 0.00153081 0.00152892 0.92556
170 0.291485 0.00152844 0.00152656 0.925146
171 0.293012 0.00152608 0.00152421 0.924732
172 0.294537 0.00152373 0.00152185 0.924319
173 0.296059 0.00152138 0.00151951 0.923905
174 0.29758 0.00151904 0.00151717 0.923493
175 0.299098 0.0015167 0.00151483 0.923081
176 0.300613 0.00151436 0.0015125 0.922669
177 0.302126 0.00151203 0.00151018 0.922258
178 0.303637 0.00150971 0.00150785 0.921847
179 0.305146 0.00150739 0.00150554 0.921437
180 0.306652 0.00150508 0.00150323 0.921027
181 0.308156 0.00150277 0.00150092 0.920617
182 0.309657 0.00150046 0.00149862 0.920209
183 0.311157 0.00149816 0.00149632 0.9198
184 0.312654 0.00149586 0.00149403 0.919392
185 0.314148 0.00149357 0.00149174 0.918984
186 0.315641 0.00149129 0.00148946 0.918577
187 0.317131 0.00148901 0.00148718 0.91817
188 0.318619 0.00148673 0.00148491 0.917764
189 0.320105 0.00148446 0.00148264 0.917358
190 0.321588 0.00148219 0.00148038 0.916953
191 0.323069 0.00147993 0.00147812 0.916548
192 0.324548 0.00147767 0.00147586 0.916143
193 0.326024 0.00147542 0.00147361 0.915739
194 0.327499 0.00147317 0.00147137 0.915335
195 0.328971 0.00147093 0.00146913 0.914932
196 0.33044 0.00146869 0.00146689 0.914529
197 0.331908 0.00146646 0.00146466 0.914127
198 0.333373 0.00146423 0.00146243 0.913725
199 0.334836 0.001462 0.00146021 0.913323
200 0.336297 0.00145978 0.00145799 0.912922
201 0.337756 0.00145757 0.00145578 0.912522
202 0.339212 0.00145535 0.00145357 0.912122
203 0.340667 0.00145315 0.00145137 0.911722
204 0.342119 0.00145095 0.00144917 0.911322
205 0.343569 0.00144875 0.00144698 0.910924
206 0.345016 0.00144656 0.00144479 0.910525
207 0.346462 0.00144437 0.0014426 0.910127
208 0.347905 0.00144218 0.00144042 0.909729
209 0.349346 0.00144 0.00143825 0.909332
210 0.350785 0.00143783 0.00143607 0.908935
211 0.352222 0.00143566 0.00143391 0.908539
212 0.353656 0.00143349 0.00143174 0.908143
213 0.355089 0.00143133 0.00142958 0.907748
214 0.356519 0.00142917 0.00142743 0.907353
215 0.357947 0.00142702 0.00142528 0.906958
216 0.359373 0.00142487 0.00142314 0.906564
217 0.360797 0.00142273 0.00142099 0.90617
218 0.362218 0.00142059 0.00141886 0.905777
219 0.363638 0.00141846 0.00141673 0.905384
220 0.365055 0.00141632 0.0014146 0.904991
221 0.366471 0.0014142 0.00141248 0.904599
222 0.367884 0.00141208 0.00141036 0.904207
223 0.369295 0.00140996 0.00140824 0.903816
224 0.370704 0.00140785 0.00140613 0.903425
225 0.37211 0.00140574 0.00140403 0.903035
226 0.373515 0.00140363 0.00140192 0.902645
227 0.374918 0.00140153 0.00139983 0.902255
228 0.376318 0.00139944 0.00139773 0.901866
229 0.377717 0.00139734 0.00139564 0.901477
230 0.379113 0.00139526 0.00139356 0.901089
231 0.380507 0.00139317 0.00139148 0.900701
232 0.381899 0.00139109 0.0013894 0.900313
233 0.383289 0.00138902 0.00138733 0.899926
234 0.384677 0.00138695 0.00138526 0.899539
235 0.386063 0.00138488 0.0013832 0.899153
236 0.387447 0.00138282 0.00138114 0.898767
237 0.388829 0.00138076 0.00137909 0.898382
238 0.390209 0.00137871 0.00137703 0.897997
239 0.391586 0.00137666 0.00137499 0.897612
240 0.392962 0.00137461 0.00137295 0.897228
241 0.394336 0.00137257 0.00137091 0.896844
242 0.395707 0.00137053 0.00136887 0.89646
243 0.397077 0.0013685 0.00136684 0.896077
244 0.398444 0.00136647 0.00136482 0.895695
245 0.39981 0.00136445 0.00136279 0.895313
246 0.401173 0.00136243 0.00136078 0.894931
247 0.402534 0.00136041 0.00135876 0.894549
248 0.403894 0.0013584 0.00135675 0.894168
249 0.405251 0.00135639 0.00135475 0.893788
250 0.406607 0.00135439 0.00135274 0.893407
251 0.40796 0.00135238 0.00135075 0.893028
252 0.409311 0.00135039 0.00134875 0.892648
253 0.410661 0.0013484 0.00134676 0.892269
254 0.412008 0.00134641 0.00134478 0.891891
255 0.413354 0.00134442 0.0013428 0.891512
256 0.414697 0.00134244 0.00134082 0.891134
257 0.416038 0.00134047 0.00133884 0.890757
258 0.417378 0.00133849 0.00133688 0.89038
259 0.418715 0.00133653 0.00133491 0.890003
260 0.420051 0.00133456 0.00133295 0.889627
261 0.421385 0.0013326 0.00133099 0.889251
262 0.422716 0.00133064 0.00132904 0.888876
263 0.424046 0.00132869 0.00132709 0.888501
264 0.425374 0.00132674 0.00132514 0.888126
265 0.426699 0.0013248 0.0013232 0.887752
266 0.428023 0.00132286 0.00132126 0.887378
267 0.429345 0.00132092 0.00131932 0.887004
268 0.430665 0.00131899 0.00131739 0.886631
269 0.431983 0.00131706 0.00131547 0.886259
270 0.433299 0.00131513 0.00131354 0.885886
271 0.434613 0.00131321 0.00131162 0.885514
272 0.435926 0.00131129 0.00130971 0.885143
273 0.437236 0.00130938 0.0013078 0.884772
274 0.438544 0.00130747 0.00130589 0.884401
275 0.439851 0.00130556 0.00130399 0.88403
276 0.441155 0.00130366 0.00130209 0.88366
277 0.442458 0.00130176 0.00130019 0.883291
278 0.443759 0.00129986 0.0012983 0.882921
279 0.445058 0.00129797 0.00129641 0.882553
280 0.446355 0.00129608 0.00129452 0.882184
281 0.44765 0.0012942 0.00129264 0.881816
282 0.448943 0.00129232 0.00129077 0.881448
283 0.450235 0.00129044 0.00128889 0.881081
284 0.451524 0.00128857 0.00128702 0.880714
285 0.452812 0.0012867 0.00128516 0.880347
286 0.454098 0.00128484 0.00128329 0.879981
287 0.455381 0.00128298 0.00128143 0.879615
288 0.456664 0.00128112 0.00127958 0.87925
289 0.457944 0.00127926 0.00127773 0.878885
290 0.459222 0.00127741 0.00127588 0.87852
291 0.460499 0.00127557 0.00127403 0.878156
292 0.461773 0.00127372 0.00127219 0.877792
293 0.463046 0.00127188 0.00127036 0.877428
294 0.464317 0.00127005 0.00126852 0.877065
295 0.465586 0.00126822 0.00126669 0.876702
296 0.466853 0.00126639 0.00126487 0.87634
297 0.468119 0.00126456 0.00126304 0.875978
298 0.469383 0.00126274 0.00126123 0.875616
299 0.470644 0.00126092 0.00125941 0.875255
300 0.471904 0.00125911 0.0012576 0.874894
301 0.473163 0.0012573 0.00125579 0.874533
302 0.474419 0.00125549 0.00125398 0.874173
303 0.475674 0.00125369 0.00125218 0.873813
304 0.476926 0.00125189 0.00125039 0.873454
305 0.478177 0.00125009 0.00124859 0.873095
306 0.479426 0.0012483 0.0012468 0.872736
307 0.480674 0.00124651 0.00124501 0.872378
308 0.48192 0.00124472 0.00124323 0.87202
309 0.483163 0.00124294 0.00124145 0.871662
310 0.484405 0.00124116 0.00123967 0.871305
311 0.485646 0.00123938 0.0012379 0.870948
312 0.486884 0.00123761 0.00123613 0.870591
313 0.488121 0.00123584 0.00123436 0.870235
314 0.489356 0.00123408 0.0012326 0.869879
315 0.490589 0.00123232 0.00123084 0.869524
316 0.49182 0.00123056 0.00122909 0.869169
317 0.49305 0.0012288 0.00122733 0.868814
318 0.494278 0.00122705 0.00122558 0.86846
319 0.495504 0.0012253 0.00122384 0.868106
320 0.496729 0.00122356 0.0012221 0.867752
321 0.497951 0.00122182 0.00122036 0.867399
322 0.499172 0.00122008 0.00121862 0.867046
323 0.500392 0.00121834 0.00121689 0.866693
324 0.501609 0.00121661 0.00121516 0.866341
325 0.502825 0.00121488 0.00121344 0.865989
326 0.504039 0.00121316 0.00121171 0.865638
327 0.505251 0.00121144 0.00120999 0.865287
328 0.506462 0.00120972 0.00120828 0.864936
329 0.507671 0.00120801 0.00120657 0.864586
330 0.508878 0.0012063 0.00120486 0.864236
331 0.510083 0.00120459 0.00120315 0.863886
332 0.511287 0.00120288 0.00120145 0.863536
333 0.512489 0.00120118 0.00119975 0.863187
334 0.513689 0.00119948 0.00119806 0.862839
335 0.514888 0.00119779 0.00119636 0.862491
336 0.516085 0.0011961 0.00119467 0.862143
337 0.51728 0.00119441 0.00119299 0.861795
338 0.518474 0.00119273 0.00119131 0.861448
339 0.519665 0.00119104 0.00118963 0.861101
340 0.520856 0.00118937 0.00118795 0.860754
341 0.522044 0.00118769 0.00118628 0.860408
342 0.523231 0.00118602 0.00118461 0.860062
343 0.524416 0.00118435 0.00118294 0.859717
344 0.5256 0.00118268 0.00118128 0.859372
345 0.526782 0.00118102 0.00117962 0.859027
346 0.527962 0.00117936 0.00117796 0.858682
347 0.52914 0.00117771 0.00117631 0.858338
348 0.530317 0.00117605 0.00117466 0.857994
349 0.531492 0.00117441 0.00117301 0.857651
350 0.532666 0.00117276 0.00117137 0.857308
351 0.533838 0.00117112 0.00116973 0.856965
352 0.535008 0.00116948 0.00116809 0.856623
353 0.536177 0.00116784 0.00116645 0.856281
354 0.537344 0.0011662 0.00116482 0.855939
355 0.538509 0.00116457 0.00116319 0.855598
356 0.539673 0.00116295 0.00116157 0.855257
357 0.540835 0.00116132 0.00115995 0.854916
358 0.541996 0.0011597 0.00115833 0.854576
359 0.543155 0.00115808 0.00115671 0.854236
360 0.544312 0.00115647 0.0011551 0.853896
361 0.545468 0.00115486 0.00115349 0.853557
362 0.546622 0.00115325 0.00115188 0.853218
363 0.547774 0.00115164 0.00115028 0.852879
364 0.548925 0.00115004 0.00114868 0.852541
365 0.550074 0.00114844 0.00114708 0.852203
366 0.551222 0.00114684 0.00114548 0.851865
367 0.552368 0.00114525 0.00114389 0.851528
368 0.553512 0.00114366 0.0011423 0.851191
369 0.554655 0.00114207 0.00114072 0.850854
370 0.555796 0.00114048 0.00113914 0.850518
371 0.556936 0.0011389 0.00113756 0.850182
372 0.558074 0.00113732 0.00113598 0.849846
373 0.559211 0.00113575 0.00113441 0.849511
374 0.560346 0.00113418 0.00113284 0.849176
375 0.561479 0.00113261 0.00113127 0.848841
376 0.562611 0.00113104 0.0011297 0.848507
377 0.563741 0.00112948 0.00112814 0.848173
378 0.56487 0.00112792 0.00112658 0.84784
379 0.565997 0.00112636 0.00112503 0.847506
380 0.567123 0.0011248 0.00112348 0.847173
381 0.568247 0.00112325 0.00112193 0.846841
382 0.569369 0.0011217 0.00112038 0.846508
383 0.57049 0.00112016 0.00111883 0.846176
384 0.571609 0.00111861 0.00111729 0.845845
385 0.572727 0.00111707 0.00111576 0.845513
386 0.573844 0.00111553 0.00111422 0.845182
387 0.574958 0.001114 0.00111269 0.844852
388 0.576072 0.00111247 0.00111116 0.844521
389 0.577183 0.00111094 0.00110963 0.844191
390 0.578293 0.00110941 0.00110811 0.843862
391 0.579402 0.00110789 0.00110659 0.843532
392 0.580509 0.00110637 0.00110507 0.843203
393 0.581615 0.00110485 0.00110355 0.842874
394 0.582719 0.00110334 0.00110204 0.842546
395 0.583822 0.00110183 0.00110053 0.842218
396 0.584923 0.00110032 0.00109903 0.84189
397 0.586022 0.00109881 0.00109752 0.841563
398 0.58712 0.00109731 0.00109602 0.841235
399 0.588217 0.00109581 0.00109452 0.840909
400 0.589312 0.00109431 0.00109303 0.840582
401 0.590405 0.00109282 0.00109153 0.840256
402 0.591498 0.00109133 0.00109004 0.83993
403 0.592588 0.00108984 0.00108856 0.839605
404 0.593677 0.00108835 0.00108707 0.839279
405 0.594765 0.00108687 0.00108559 0.838954
406 0.595851 0.00108539 0.00108411 0.83863
407 0.596936 0.00108391 0.00108264 0.838306
408 0.598019 0.00108243 0.00108116 0.837982
409 0.5991 0.00108096 0.00107969 0.837658
410 0.600181 0.00107949 0.00107823 0.837335
411 0.601259 0.00107803 0.00107676 0.837012
412 0.602337 0.00107656 0.0010753 0.836689
413 0.603413 0.0010751 0.00107384 0.836367
414 0.604487 0.00107364 0.00107238 0.836045
415 0.60556 0.00107218 0.00107093 0.835723
416 0.606631 0.00107073 0.00106948 0.835401
417 0.607701 0.00106928 0.00106803 0.83508
418 0.60877 0.00106783 0.00106658 0.83476
419 0.609837 0.00106639 0.00106514 0.834439
420 0.610903 0.00106494 0.0010637 0.834119
421 0.611967 0.0010635 0.00106226 0.833799
422 0.61303 0.00106207 0.00106083 0.833479
423 0.614091 0.00106063 0.00105939 0.83316
424 0.615151 0.0010592 0.00105796 0.832841
425 0.616209 0.00105777 0.00105653 0.832523
426 0.617266 0.00105635 0.00105511 0.832204
427 0.618322 0.00105492 0.00105369 0.831886
428 0.619376 0.0010535 0.00105227 0.831569
429 0.620429 0.00105208 0.00105085 0.831251
430 0.62148 0.00105066 0.00104944 0.830934
431 0.62253 0.00104925 0.00104803 0.830617
432 0.623579 0.00104784 0.00104662 0.830301
433 0.624626 0.00104643 0.00104521 0.829985
434 0.625672 0.00104503 0.00104381 0.829669
435 0.626716 0.00104362 0.00104241 0.829353
436 0.627759 0.00104222 0.00104101 0.829038
437 0.628801 0.00104082 0.00103961 0.828723
438 0.629841 0.00103943 0.00103822 0.828408
439 0.630879 0.00103804 0.00103683 0.828094
440 0.631917 0.00103665 0.00103544 0.82778
441 0.632953 0.00103526 0.00103405 0.827466
442 0.633987 0.00103387 0.00103267 0.827153
443 0.63502 0.00103249 0.00103129 0.826839
444 0.636052 0.00103111 0.00102991 0.826527
445 0.637083 0.00102973 0.00102853 0.826214
446 0.638112 0.00102836 0.00102716 0.825902
447 0.639139 0.00102699 0.00102579 0.82559
448 0.640166 0.00102562 0.00102442 0.825278
449 0.641191 0.00102425 0.00102306 0.824967
450 0.642214 0.00102288 0.00102169 0.824656
451 0.643236 0.00102152 0.00102033 0.824345
452 0.644257 0.00102016 0.00101897 0.824034
453 0.645277 0.0010188 0.00101762 0.823724
454 0.646295 0.00101745 0.00101627 0.823414
455 0.647312 0.00101609 0.00101491 0.823105
456 0.648327 0.00101474 0.00101357 0.822796
457 0.649341 0.0010134 0.00101222 0.822487
458 0.650354 0.00101205 0.00101088 0.822178
459 0.651365 0.00101071 0.00100954 0.821869
460 0.652375 0.00100937 0.0010082 0.821561
461 0.653384 0.00100803 0.00100686 0.821254
462 0.654391 0.0010067 0.00100553 0.820946
463 0.655397 0.00100536 0.0010042 0.820639
464 0.656402 0.00100403 0.00100287 0.820332
465 0.657405 0.0010027 0.00100154 0.820025
466 0.658407 0.00100138 0.00100022 0.819719
467 0.659408 0.00100005 0.000998895 0.819413
468 0.660408 0.000998734 0.000997576 0.819107
469 0.661406 0.000997415 0.000996259 0.818802
470 0.662402 0.000996099 0.000994945 0.818496
471 0.663398 0.000994785 0.000993633 0.818191
472 0.664392 0.000993474 0.000992323 0.817887
473 0.665385 0.000992165 0.000991016 0.817582
474 0.666376 0.000990858 0.000989711 0.817278
475 0.667367 0.000989554 0.000988408 0.816975
476 0.668355 0.000988252 0.000987108 0.816671
477 0.669343 0.000986952 0.00098581 0.816368
478 0.670329 0.000985655 0.000984515 0.816065
479 0.671314 0.00098436 0.000983221 0.815763
480 0.672298 0.000983067 0.00098193 0.81546
481 0.67328 0.000981777 0.000980642 0.815158
482 0.674262 0.000980489 0.000979356 0.814856
483 0.675241 0.000979203 0.000978072 0.814555
484 0.67622 0.00097792 0.00097679 0.814254
485 0.677197 0.000976639 0.000975511 0.813953
486 0.678173 0.00097536 0.000974234 0.813652
487 0.679148 0.000974084 0.000972959 0.813352
488 0.680121 0.00097281 0.000971687 0.813052
489 0.681094 0.000971538 0.000970417 0.812752
490 0.682065 0.000970268 0.000969149 0.812453
491 0.683034 0.000969001 0.000967883 0.812153
492 0.684003 0.000967736 0.00096662 0.811854
493 0.68497 0.000966473 0.000965359 0.811556
494 0.685935 0.000965213 0.0009641 0.811257
495 0.6869 0.000963955 0.000962844 0.810959
496 0.687863 0.000962699 0.000961589 0.810662
497 0.688825 0.000961445 0.000960337 0.810364
498 0.689786 0.000960194 0.000959087 0.810067
499 0.690746 0.000958944 0.00095784 0.80977
500 0.691704 0.000957697 0.000956595 0.809473
501 0.692661 0.000956453 0.000955351 0.809177
502 0.693617 0.00095521 0.000954111 0.808881
503 0.694572 0.00095397 0.000952872 0.808585
504 0.695525 0.000952732 0.000951635 0.808289
505 0.696477 0.000951496 0.000950401 0.807994
506 0.697428 0.000950262 0.000949169 0.807699
507 0.698378 0.00094903 0.000947939 0.807404
508 0.699326 0.000947801 0.000946711 0.80711
509 0.700273 0.000946574 0.000945486 0.806815
510 0.701219 0.000945349 0.000944263 0.806521
511 0.702164 0.000944126 0.000943041 0.806228
512 0.703107 0.000942906 0.000941822 0.805934
513 0.70405 0.000941687 0.000940606 0.805641
514 0.704991 0.000940471 0.000939391 0.805348
515 0.705931 0.000939257 0.000938178 0.805056
516 0.706869 0.000938045 0.000936968 0.804763
517 0.707807 0.000936835 0.00093576 0.804471
518 0.708743 0.000935627 0.000934554 0.80418
519 0.709678 0.000934422 0.00093335 0.803888
520 0.710612 0.000933218 0.000932148 0.803597
521 0.711544 0.000932017 0.000930948 0.803306
522 0.712476 0.000930818 0.000929751 0.803015
523 0.713406 0.000929621 0.000928555 0.802725
524 0.714335 0.000928426 0.000927362 0.802435
525 0.715263 0.000927233 0.000926171 0.802145
526 0.71619 0.000926043 0.000924982 0.801855
527 0.717115 0.000924854 0.000923795 0.801566
528 0.718039 0.000923667 0.00092261 0.801277
529 0.718962 0.000922483 0.000921427 0.800988
530 0.719884 0.000921301 0.000920246 0.8007
531 0.720805 0.000920121 0.000919068 0.800411
532 0.721725 0.000918942 0.000917891 0.800123
533 0.722643 0.000917766 0.000916716 0.799836
534 0.72356 0.000916592 0.000915544 0.799548
535 0.724476 0.00091542 0.000914374 0.799261
536 0.725391 0.00091425 0.000913205 0.798974
537 0.726305 0.000913083 0.000912039 0.798687
538 0.727217 0.000911917 0.000910875 0.798401
539 0.728128 0.000910753 0.000909713 0.798115
540 0.729039 0.000909591 0.000908552 0.797829
541 0.729948 0.000908432 0.000907394 0.797543
542 0.730855 0.000907274 0.000906238 0.797258
543 0.731762 0.000906118 0.000905084 0.796973
544 0.732668 0.000904965 0.000903932 0.796688
545 0.733572 0.000903813 0.000902782 0.796403
546 0.734475 0.000902664 0.000901634 0.796119
547 0.735377 0.000901516 0.000900488 0.795835
548 0.736278 0.000900371 0.000899344 0.795551
549 0.737178 0.000899227 0.000898202 0.795267
550 0.738077 0.000898086 0.000897062 0.794984
551 0.738974 0.000896946 0.000895924 0.794701
552 0.739871 0.000895809 0.000894788 0.794418
553 0.740766 0.000894673 0.000893654 0.794136
554 0.74166 0.000893539 0.000892522 0.793854
555 0.742553 0.000892408 0.000891391 0.793572
556 0.743445 0.000891278 0.000890263 0.79329
557 0.744336 0.00089015 0.000889137 0.793008
558 0.745225 0.000889025 0.000888013 0.792727
559 0.746114 0.000887901 0.000886891 0.792446
560 0.747001 0.000886779 0.00088577 0.792165
561 0.747887 0.000885659 0.000884652 0.791885
562 0.748772 0.000884541 0.000883536 0.791605
563 0.749656 0.000883425 0.000882421 0.791325
564 0.750539 0.000882311 0.000881308 0.791045
565 0.751421 0.000881199 0.000880198 0.790766
566 0.752302 0.000880089 0.000879089 0.790486
567 0.753181 0.000878981 0.000877982 0.790208
568 0.754059 0.000877875 0.000876877 0.789929
569 0.754937 0.00087677 0.000875775 0.78965
570 0.755813 0.000875668 0.000874673 0.789372
571 0.756688 0.000874567 0.000873574 0.789094
572 0.757562 0.000873468 0.000872477 0.788817
573 0.758435 0.000872372 0.000871382 0.788539
574 0.759307 0.000871277 0.000870288 0.788262
575 0.760178 0.000870184 0.000869197 0.787985
576 0.761047 0.000869093 0.000868107 0.787708
577 0.761916 0.000868003 0.000867019 0.787432
578 0.762783 0.000866916 0.000865933 0.787156
579 0.76365 0.000865831 0.000864849 0.78688
580 0.764515 0.000864747 0.000863767 0.786604
581 0.765379 0.000863665 0.000862687 0.786329
582 0.766242 0.000862585 0.000861608 0.786054
583 0.767104 0.000861507 0.000860532 0.785779
584 0.767965 0.000860431 0.000859457 0.785504
585 0.768825 0.000859357 0.000858384 0.78523
586 0.769684 0.000858284 0.000857313 0.784955
587 0.770542 0.000857214 0.000856244 0.784682
588 0.771398 0.000856145 0.000855176 0.784408
589 0.772254 0.000855078 0.000854111 0.784134
590 0.773109 0.000854013 0.000853047 0.783861
591 0.773962 0.000852949 0.000851985 0.783588
592 0.774814 0.000851888 0.000850925 0.783315
593 0.775666 0.000850828 0.000849867 0.783043
594 0.776516 0.00084977 0.00084881 0.782771
595 0.777365 0.000848714 0.000847756 0.782499
596 0.778214 0.00084766 0.000846703 0.782227
597 0.779061 0.000846608 0.000845652 0.781956
598 0.779907 0.000845557 0.000844602 0.781684
599 0.780752 0.000844508 0.000843555 0.781413
600 0.781596 0.000843461 0.000842509 0.781143
601 0.782439 0.000842416 0.000841465 0.780872
602 0.783281 0.000841372 0.000840423 0.780602
603 0.784122 0.000840331 0.000839383 0.780332
604 0.784961 0.000839291 0.000838344 0.780062
605 0.7858 0.000838253 0.000837308 0.779792
606 0.786638 0.000837216 0.000836273 0.779523
607 0.787475 0.000836182 0.000835239 0.779254
608 0.78831 0.000835149 0.000834208 0.778985
609 0.789145 0.000834118 0.000833178 0.778717
610 0.789978 0.000833088 0.00083215 0.778448
611 0.790811 0.000832061 0.000831124 0.77818
612 0.791643 0.000831035 0.000830099 0.777912
613 0.792473 0.000830011 0.000829077 0.777645
614 0.793303 0.000828989 0.000828056 0.777377
615 0.794131 0.000827968 0.000827036 0.77711
616 0.794958 0.000826949 0.000826019 0.776843
617 0.795785 0.000825932 0.000825003 0.776576
618 0.79661 0.000824916 0.000823989 0.77631
619 0.797435 0.000823903 0.000822976 0.776044
620 0.798258 0.000822891 0.000821966 0.775778
621 0.799081 0.00082188 0.000820957 0.775512
622 0.799902 0.000820872 0.000819949 0.775246
623 0.800722 0.000819865 0.000818944 0.774981
624 0.801542 0.00081886 0.00081794 0.774716
625 0.80236 0.000817856 0.000816938 0.774451
626 0.803177 0.000816854 0.000815937 0.774187
627 0.803994 0.000815854 0.000814939 0.773922
628 0.804809 0.000814856 0.000813941 0.773658
629 0.805623 0.000813859 0.000812946 0.773394
630 0.806437 0.000812864 0.000811952 0.773131
631 0.807249 0.000811871 0.00081096 0.772867
632 0.808061 0.000810879 0.00080997 0.772604
633 0.808871 0.000809889 0.000808981 0.772341
634 0.80968 0.000808901 0.000807994 0.772078
635 0.810489 0.000807914 0.000807008 0.771816
636 0.811296 0.000806929 0.000806025 0.771554
637 0.812103 0.000805945 0.000805043 0.771292
638 0.812908 0.000804964 0.000804062 0.77103
639 0.813713 0.000803984 0.000803083 0.770768
640 0.814516 0.000803005 0.000802106 0.770507
641 0.815319 0.000802028 0.000801131 0.770246
642 0.81612 0.000801053 0.000800157 0.769985
643 0.816921 0.00080008 0.000799184 0.769724
644 0.81772 0.000799108 0.000798214 0.769464
645 0.818519 0.000798137 0.000797245 0.769204
646 0.819316 0.000797169 0.000796277 0.768944
647 0.820113 0.000796202 0.000795312 0.768684
648 0.820909 0.000795236 0.000794347 0.768425
649 0.821704 0.000794272 0.000793385 0.768165
650 0.822497 0.00079331 0.000792424 0.767906
651 0.82329 0.00079235 0.000791465 0.767648
652 0.824082 0.000791391 0.000790507 0.767389
653 0.824873 0.000790433 0.000789551 0.767131
654 0.825663 0.000789477 0.000788596 0.766872
655 0.826452 0.000788523 0.000787643 0.766614
656 0.82724 0.000787571 0.000786692 0.766357
657 0.828027 0.00078662 0.000785742 0.766099
658 0.828813 0.00078567 0.000784794 0.765842
659 0.829598 0.000784722 0.000783847 0.765585
660 0.830383 0.000783776 0.000782902 0.765328
661 0.831166 0.000782831 0.000781959 0.765072
662 0.831948 0.000781888 0.000781017 0.764815
663 0.83273 0.000780947 0.000780076 0.764559
664 0.83351 0.000780007 0.000779138 0.764303
665 0.83429 0.000779068 0.0007782 0.764048
666 0.835068 0.000778131 0.000777265 0.763792
667 0.835846 0.000777196 0.000776331 0.763537
668 0.836623 0.000776262 0.000775398 0.763282
669 0.837399 0.00077533 0.000774467 0.763027
670 0.838173 0.000774399 0.000773538 0.762773
671 0.838947 0.00077347 0.00077261 0.762518
672 0.83972 0.000772543 0.000771683 0.762264
673 0.840493 0.000771617 0.000770758 0.76201
674 0.841264 0.000770692 0.000769835 0.761756
675 0.842034 0.000769769 0.000768913 0.761503
676 0.842803 0.000768847 0.000767993 0.76125
677 0.843572 0.000767928 0.000767074 0.760997
678 0.844339 0.000767009 0.000766157 0.760744
679 0.845106 0.000766092 0.000765241 0.760491
680 0.845871 0.000765177 0.000764327 0.760239
681 0.846636 0.000764263 0.000763414 0.759987
682 0.8474 0.00076335 0.000762503 0.759735
683 0.848163 0.000762439 0.000761593 0.759483
684 0.848925 0.00076153 0.000760685 0.759232
685 0.849686 0.000760622 0.000759778 0.75898
686 0.850446 0.000759716 0.000758873 0.758729
687 0.851205 0.000758811 0.000757969 0.758478
688 0.851964 0.000757907 0.000757067 0.758228
689 0.852721 0.000757005 0.000756166 0.757977
690 0.853478 0.000756105 0.000755267 0.757727
691 0.854233 0.000755206 0.000754369 0.757477
692 0.854988 0.000754308 0.000753473 0.757227
693 0.855742 0.000753412 0.000752578 0.756978
694 0.856495 0.000752518 0.000751685 0.756728
695 0.857247 0.000751625 0.000750793 0.756479
696 0.857998 0.000750733 0.000749902 0.75623
697 0.858748 0.000749843 0.000749013 0.755982
698 0.859498 0.000748954 0.000748125 0.755733
699 0.860246 0.000748067 0.000747239 0.755485
700 0.860994 0.000747181 0.000746355 0.755237
701 0.861741 0.000746297 0.000745471 0.754989
702 0.862486 0.000745414 0.00074459 0.754741
703 0.863231 0.000744532 0.000743709 0.754494
704 0.863975 0.000743652 0.00074283 0.754247
705 0.864719 0.000742774 0.000741953 0.754
706 0.865461 0.000741896 0.000741077 0.753753
707 0.866203 0.000741021 0.000740202 0.753506
708 0.866943 0.000740146 0.000739329 0.75326
709 0.867683 0.000739273 0.000738457 0.753014
710 0.868422 0.000738402 0.000737587 0.752768
711 0.86916 0.000737532 0.000736718 0.752522
712 0.869897 0.000736663 0.00073585 0.752276
713 0.870633 0.000735796 0.000734984 0.752031
714 0.871368 0.00073493 0.00073412 0.751786
715 0.872103 0.000734066 0.000733256 0.751541
716 0.872836 0.000733203 0.000732394 0.751296
717 0.873569 0.000732341 0.000731534 0.751052
718 0.874301 0.000731481 0.000730675 0.750808
719 0.875032 0.000730622 0.000729817 0.750564
720 0.875762 0.000729765 0.000728961 0.75032
721 0.876492 0.000728909 0.000728106 0.750076
722 0.87722 0.000728054 0.000727252 0.749833
723 0.877948 0.000727201 0.0007264 0.749589
724 0.878675 0.000726349 0.000725549 0.749346
725 0.8794 0.000725498 0.0007247 0.749103
726 0.880126 0.000724649 0.000723852 0.748861
727 0.88085 0.000723802 0.000723005 0.748618
728 0.881573 0.000722955 0.00072216 0.748376
729 0.882296 0.00072211 0.000721316 0.748134
730 0.883017 0.000721266 0.000720474 0.747892
731 0.883738 0.000720424 0.000719632 0.747651
732 0.884458 0.000719583 0.000718792 0.747409
733 0.885177 0.000718744 0.000717954 0.747168
734 0.885896 0.000717905 0.000717117 0.746927
735 0.886613 0.000717069 0.000716281 0.746686
736 0.88733 0.000716233 0.000715447 0.746446
737 0.888046 0.000715399 0.000714613 0.746205
738 0.888761 0.000714566 0.000713782 0.745965
739 0.889475 0.000713735 0.000712951 0.745725
740 0.890188 0.000712904 0.000712122 0.745485
741 0.890901 0.000712076 0.000711294 0.745246
742 0.891612 0.000711248 0.000710468 0.745006
743 0.892323 0.000710422 0.000709643 0.744767
744 0.893033 0.000709597 0.000708819 0.744528
745 0.893742 0.000708774 0.000707997 0.744289
746 0.894451 0.000707951 0.000707176 0.744051
747 0.895158 0.000707131 0.000706356 0.743812
748 0.895865 0.000706311 0.000705537 0.743574
749 0.896571 0.000705493 0.00070472 0.743336
750 0.897276 0.000704676 0.000703904 0.743099
751 0.89798 0.00070386 0.00070309 0.742861
752 0.898684 0.000703046 0.000702276 0.742624
753 0.899386 0.000702233 0.000701464 0.742386
754 0.900088 0.000701421 0.000700654 0.742149
755 0.900789 0.000700611 0.000699844 0.741913
756 0.901489 0.000699802 0.000699036 0.741676
757 0.902189 0.000698994 0.000698229 0.74144
758 0.902887 0.000698187 0.000697424 0.741204
759 0.903585 0.000697382 0.00069662 0.740968
760 0.904282 0.000696578 0.000695817 0.740732
761 0.904978 0.000695775 0.000695015 0.740496
762 0.905674 0.000694974 0.000694215 0.740261
763 0.906368 0.000694174 0.000693415 0.740026
764 0.907062 0.000693375 0.000692618 0.739791
765 0.907755 0.000692577 0.000691821 0.739556
766 0.908447 0.000691781 0.000691026 0.739321
767 0.909139 0.000690986 0.000690232 0.739087
768 0.909829 0.000690192 0.000689439 0.738852
769 0.910519 0.000689399 0.000688647 0.738618
770 0.911208 0.000688608 0.000687857 0.738385
771 0.911896 0.000687818 0.000687068 0.738151
772 0.912584 0.000687029 0.00068628 0.737918
773 0.91327 0.000686242 0.000685494 0.737684
774 0.913956 0.000685456 0.000684709 0.737451
775 0.914641 0.000684671 0.000683925 0.737218
776 0.915325 0.000683887 0.000683142 0.736986
777 0.916009 0.000683104 0.00068236 0.736753
778 0.916692 0.000682323 0.00068158 0.736521
779 0.917374 0.000681543 0.000680801 0.736289
780 0.918055 0.000680764 0.000680023 0.736057
781 0.918735 0.000679986 0.000679246 0.735825
782 0.919415 0.00067921 0.000678471 0.735594
783 0.920093 0.000678435 0.000677697 0.735362
784 0.920772 0.000677661 0.000676924 0.735131
785 0.921449 0.000676888 0.000676152 0.7349
786 0.922125 0.000676117 0.000675382 0.73467
787 0.922801 0.000675347 0.000674613 0.734439
788 0.923476 0.000674578 0.000673844 0.734209
789 0.92415 0.00067381 0.000673078 0.733978
790 0.924824 0.000673043 0.000672312 0.733748
791 0.925496 0.000672278 0.000671547 0.733519
792 0.926168 0.000671513 0.000670784 0.733289
793 0.926839 0.00067075 0.000670022 0.73306
794 0.92751 0.000669989 0.000669261 0.73283
795 0.928179 0.000669228 0.000668502 0.732601
796 0.928848 0.000668469 0.000667743 0.732373
797 0.929516 0.00066771 0.000666986 0.732144
798 0.930184 0.000666953 0.00066623 0.731915
799 0.93085 0.000666197 0.000665475 0.731687
800 0.931516 0.000665443 0.000664721 0.731459
