p Xn
0 1
0.005 1.00503
0.01 1.0101
0.015 1.01523
0.02 1.02041
0.025 1.02564
0.03 1.03093
0.035 1.03627
0.04 1.04167
0.045 1.04712
0.05 1.05263
0.055 1.0582
0.06 1.06383
0.065 1.06952
0.07 1.07527
0.075 1.08108
0.08 1.08696
0.085 1.0929
0.09 1.0989
0.095 1.10497
0.1 1.11111
0.105 1.11732
0.11 1.1236
0.115 1.12994
0.12 1.13636
0.125 1.14286
0.13 1.14943
0.135 1.15607
0.14 1.16279
0.145 1.16959
0.15 1.17647
0.155 1.18343
0.16 1.19048
0.165 1.1976
0.17 1.20482
0.175 1.21212
0.18 1.21951
0.185 1.22699
0.19 1.23457
0.195 1.24224
0.2 1.25
0.205 1.25786
0.21 1.26582
0.215 1.27389
0.22 1.28205
0.225 1.29032
0.23 1.2987
0.235 1.30719
0.24 1.31579
0.245 1.3245
0.25 1.33333
0.255 1.34228
0.26 1.35135
0.265 1.36054
0.27 1.36986
0.275 1.37931
0.28 1.38889
0.285 1.3986
0.29 1.40845
0.295 1.41844
0.3 1.42857
0.305 1.43885
0.31 1.44928
0.315 1.45985
0.32 1.47059
0.325 1.48148
0.33 1.49254
0.335 1.50376
0.34 1.51515
0.345 1.52672
0.35 1.53846
0.355 1.55039
0.36 1.5625
0.365 1.5748
0.37 1.5873
0.375 1.6
0.38 1.6129
0.385 1.62602
0.39 1.63934
0.395 1.65289
0.4 1.66667
0.405 1.68067
0.41 1.69492
0.415 1.7094
0.42 1.72414
0.425 1.73913
0.43 1.75439
0.435 1.76991
0.44 1.78571
0.445 1.8018
0.45 1.81818
0.455 1.83486
0.46 1.85185
0.465 1.86916
0.47 1.88679
0.475 1.90476
0.48 1.92308
0.485 1.94175
0.49 1.96078
0.495 1.9802
0.5 2
0.505 2.0202
0.51 2.04082
0.515 2.06186
0.52 2.08333
0.525 2.10526
0.53 2.12766
0.535 2.15054
0.54 2.17391
0.545 2.1978
0.55 2.22222
0.555 2.24719
0.56 2.27273
0.565 2.29885
0.57 2.32558
0.575 2.35294
0.58 2.38095
0.585 2.40964
0.59 2.43902
0.595 2.46914
0.6 2.5
0.605 2.53165
0.61 2.5641
0.615 2.5974
0.62 2.63158
0.625 2.66667
0.63 2.7027
0.635 2.73973
0.64 2.77778
0.645 2.8169
0.65 2.85714
0.655 2.89855
0.66 2.94118
0.665 2.98507
0.67 3.0303
0.675 3.07692
0.68 3.125
0.685 3.1746
0.69 3.22581
0.695 3.27869
0.7 3.33333
0.705 3.38983
0.71 3.44828
0.715 3.50877
0.72 3.57143
0.725 3.63636
0.73 3.7037
0.735 3.77358
0.74 3.84615
0.745 3.92157
0.75 4
0.755 4.08163
0.76 4.16667
0.765 4.25532
0.77 4.34783
0.775 4.44444
0.78 4.54545
0.785 4.65116
0.79 4.7619
0.795 4.87805
0.8 5
0.805 5.12821
0.81 5.26316
0.815 5.40541
0.82 5.55556
0.825 5.71429
0.83 5.88235
0.835 6.06061
0.84 6.25
0.845 6.45161
0.85 6.66667
0.855 6.89655
0.86 7.14286
0.865 7.40741
0.87 7.69231
0.875 8
0.88 8.33333
0.885 8.69565
0.89 9.09091
0.895 9.52381
0.9 10
0.905 10.5263
0.91 11.1111
0.915 11.7647
0.92 12.5
0.925 13.3333
0.93 14.2857
0.935 15.3846
0.94 16.6667
0.945 18.1818
0.95 20
0.955 22.2222
0.96 25
0.965 28.5714
0.97 33.3333
0.975 40
0.98 50
0.985 66.6667
0.99 100
0.995 200
