X invr
0 1
0.00989583 1.00999
0.0197917 1.02019
0.0296875 1.0306
0.0395833 1.04121
0.0494792 1.05205
0.059375 1.06312
0.0692708 1.07443
0.0791667 1.08597
0.0890625 1.09777
0.0989583 1.10983
0.108854 1.12215
0.11875 1.13475
0.128646 1.14764
0.138542 1.16082
0.148438 1.17431
0.158333 1.18812
0.168229 1.20225
0.178125 1.21673
0.188021 1.23156
0.197917 1.24675
0.207812 1.26233
0.217708 1.2783
0.227604 1.29467
0.2375 1.31148
0.247396 1.32872
0.257292 1.34642
0.267187 1.36461
0.277083 1.38329
0.286979 1.40248
0.296875 1.42222
0.306771 1.44252
0.316667 1.46341
0.326562 1.48492
0.336458 1.50706
0.346354 1.52988
0.35625 1.5534
0.366146 1.57765
0.376042 1.60267
0.385937 1.6285
0.395833 1.65517
0.405729 1.68273
0.415625 1.71123
0.425521 1.74071
0.435417 1.77122
0.445312 1.80282
0.455208 1.83556
0.465104 1.86952
0.475 1.90476
0.484896 1.94135
0.494792 1.97938
0.504687 2.01893
0.514583 2.06009
0.524479 2.10296
0.534375 2.14765
0.544271 2.19429
0.554167 2.24299
0.564063 2.29391
0.573958 2.34719
0.583854 2.403
0.59375 2.46154
0.603646 2.523
0.613542 2.5876
0.623437 2.6556
0.633333 2.72727
0.643229 2.80292
0.653125 2.88288
0.663021 2.96754
0.672917 3.05732
0.682812 3.15271
0.692708 3.25424
0.702604 3.36252
0.7125 3.47826
0.722396 3.60225
0.732292 3.73541
0.742188 3.87879
0.752083 4.03361
0.761979 4.20131
0.771875 4.38356
0.781771 4.58234
0.791667 4.8
0.801563 5.03937
0.811458 5.30387
0.821354 5.59767
0.83125 5.92593
0.841146 6.29508
0.851042 6.71329
0.860937 7.19101
0.870833 7.74194
0.880729 8.38428
0.890625 9.14286
0.900521 10.0524
0.910417 11.1628
0.920312 12.549
0.930208 14.3284
0.940104 16.6957
0.95 20
