R_nm dE_eV
0.8 5.87547
0.85 5.20457
0.9 4.64235
0.95 4.16654
1 3.7603
1.05 3.4107
1.1 3.10769
1.15 2.84333
1.2 2.61132
1.25 2.40659
1.3 2.22503
1.35 2.06327
1.4 1.91852
1.45 1.78849
1.5 1.67125
1.55 1.56516
1.6 1.46887
1.65 1.38119
1.7 1.30114
1.75 1.22785
1.8 1.16059
1.85 1.0987
1.9 1.04163
1.95 0.988902
2 0.940075
2.05 0.894777
2.1 0.852676
2.15 0.813478
2.2 0.776922
2.25 0.742776
2.3 0.710832
2.35 0.680906
2.4 0.65283
2.45 0.626456
2.5 0.601648
2.55 0.578286
2.6 0.556258
2.65 0.535465
2.7 0.515816
2.75 0.49723
2.8 0.47963
2.85 0.462949
2.9 0.447123
2.95 0.432094
3 0.417811
3.05 0.404225
3.1 0.39129
3.15 0.378967
3.2 0.367217
3.25 0.356005
3.3 0.345299
3.35 0.335068
3.4 0.325286
3.45 0.315925
3.5 0.306963
3.55 0.298377
3.6 0.290147
3.65 0.282252
3.7 0.274675
3.75 0.267399
3.8 0.260409
3.85 0.253689
3.9 0.247226
3.95 0.241006
4 0.235019
4.05 0.229252
4.1 0.223694
4.15 0.218337
4.2 0.213169
4.25 0.208183
4.3 0.203369
4.35 0.198721
4.4 0.19423
4.45 0.18989
4.5 0.185694
4.55 0.181635
4.6 0.177708
4.65 0.173907
4.7 0.170226
4.75 0.166662
4.8 0.163208
4.85 0.15986
4.9 0.156614
4.95 0.153466
5 0.150412
5.05 0.147448
5.1 0.144571
5.15 0.141778
5.2 0.139064
5.25 0.136428
5.3 0.133866
5.35 0.131376
5.4 0.128954
5.45 0.126599
5.5 0.124307
5.55 0.122078
5.6 0.119908
5.65 0.117795
5.7 0.115737
5.75 0.113733
5.8 0.111781
5.85 0.109878
5.9 0.108024
5.95 0.106216
6 0.104453
