shift I
-202.937 0.0165254
-194.979 0.0125295
-187.021 0.0372136
-179.062 0.027056
-171.104 0.0770293
-163.146 0.0536619
-155.187 0.14632
-147.229 0.0975719
-139.271 0.254505
-131.312 0.162226
-123.354 0.404117
-115.396 0.245739
-107.437 0.58321
-99.4791 0.337317
-91.5208 0.759849
-83.5624 0.416017
-75.6041 0.883952
-67.6458 0.454302
-59.6875 0.9
-51.7291 0.426962
-43.7708 0.768616
-35.8125 0.322617
-27.8541 0.488037
-19.8958 0.152107
-11.9375 0.103359
11.9375 0.114843
19.8958 0.169008
27.8541 0.542263
35.8125 0.358463
43.7708 0.854018
51.7291 0.474403
59.6875 1
67.6458 0.50478
75.6041 0.982168
83.5624 0.462241
91.5208 0.844277
99.4791 0.374797
107.437 0.648011
115.396 0.273044
123.354 0.449019
131.312 0.180252
139.271 0.282783
147.229 0.108413
155.187 0.162578
163.146 0.0596244
171.104 0.0855881
179.062 0.0300622
187.021 0.0413485
194.979 0.0139217
202.937 0.0183615
