n y80 y90 y95
0 1 1 1
1 0.8 0.9 0.95
2 0.64 0.81 0.9025
3 0.512 0.729 0.857375
4 0.4096 0.6561 0.814506
5 0.32768 0.59049 0.773781
6 0.262144 0.531441 0.735092
7 0.209715 0.478297 0.698337
8 0.167772 0.430467 0.66342
9 0.134218 0.38742 0.630249
10 0.107374 0.348678 0.598737
11 0.0858993 0.313811 0.5688
12 0.0687195 0.28243 0.54036
13 0.0549756 0.254187 0.513342
14 0.0439805 0.228768 0.487675
15 0.0351844 0.205891 0.463291
16 0.0281475 0.185302 0.440127
17 0.022518 0.166772 0.41812
18 0.0180144 0.150095 0.397214
19 0.0144115 0.135085 0.377354
20 0.0115292 0.121577 0.358486
21 0.00922337 0.109419 0.340562
22 0.0073787 0.0984771 0.323534
23 0.00590296 0.0886294 0.307357
24 0.00472237 0.0797664 0.291989
25 0.00377789 0.0717898 0.27739
26 0.00302231 0.0646108 0.26352
27 0.00241785 0.0581497 0.250344
28 0.00193428 0.0523348 0.237827
29 0.00154743 0.0471013 0.225936
30 0.00123794 0.0423912 0.214639
