tt L10 L50 L200
27.7009 5.62735e-29 0 0
27.7209 1.0767e-28 0 0
27.7409 2.0534e-28 0 0
27.7609 3.90336e-28 0 0
27.7809 7.39592e-28 0 0
27.8009 1.3968e-27 0 0
27.8209 2.62943e-27 0 0
27.8409 4.93375e-27 0 0
27.8609 9.22742e-27 0 0
27.8809 1.72017e-26 0 0
27.9009 3.19631e-26 0 0
27.9209 5.91991e-26 0 0
27.9409 1.09287e-25 0 0
27.9609 2.01099e-25 0 0
27.9809 3.6884e-25 0 0
28.0009 6.74301e-25 0 0
28.0209 1.22873e-24 0 0
28.0409 2.23176e-24 0 0
28.0609 4.04042e-24 0 0
28.0809 7.2911e-24 0 0
28.1009 1.31143e-23 0 0
28.1209 2.35119e-23 0 0
28.1409 4.20161e-23 0 0
28.1609 7.48397e-23 0 0
28.1809 1.32873e-22 0 0
28.2009 2.3514e-22 0 0
28.2209 4.14768e-22 0 0
28.2409 7.29241e-22 0 0
28.2609 1.27798e-21 0 0
28.2809 2.23237e-21 0 0
28.3009 3.88682e-21 0 0
28.3209 6.74545e-21 0 0
28.3409 1.16685e-20 0 0
28.3609 2.0119e-20 0 0
28.3809 3.45768e-20 0 0
28.4009 5.92312e-20 0 0
28.4209 1.01136e-19 0 0
28.4409 1.72126e-19 0 0
28.4609 2.91994e-19 0 0
28.4809 4.93731e-19 0 0
28.5009 8.32137e-19 0 0
28.5209 1.39793e-18 0 0
28.5409 2.3408e-18 0 0
28.5609 3.90689e-18 0 0
28.5809 6.49958e-18 0 0
28.6009 1.07777e-17 0 0
28.6209 1.78137e-17 0 0
28.6409 2.93475e-17 0 0
28.6609 4.81921e-17 0 0
28.6809 7.888e-17 0 0
28.7009 1.2869e-16 0 0
28.7209 2.09273e-16 0 0
28.7409 3.39208e-16 0 0
28.7609 5.48035e-16 0 0
28.7809 8.82545e-16 0 0
28.8009 1.41662e-15 0 0
28.8209 2.26651e-15 0 0
28.8409 3.61451e-15 0 0
28.8609 5.74551e-15 0 0
28.8809 9.10322e-15 0 0
28.9009 1.43764e-14 0 0
28.9209 2.26303e-14 0 0
28.9409 3.55075e-14 0 0
28.9609 5.55311e-14 0 0
28.9809 8.65647e-14 0 0
29.0009 1.34503e-13 1.63042e-322 0
29.0209 2.08311e-13 9.28512e-318 0
29.0409 3.21572e-13 4.8079e-313 0
29.0609 4.94803e-13 2.29515e-308 0
29.0809 7.58882e-13 1.01008e-303 0
29.1009 1.16012e-12 4.09814e-299 0
29.1209 1.76775e-12 1.53287e-294 0
29.1409 2.68488e-12 5.28584e-290 0
29.1609 4.06459e-12 1.68039e-285 0
29.1809 6.13332e-12 4.92484e-281 0
29.2009 9.22492e-12 1.33065e-276 0
29.2209 1.38298e-11 3.31453e-272 0
29.2409 2.06661e-11 7.61148e-268 0
29.2609 3.07814e-11 1.6114e-263 0
29.2809 4.56988e-11 3.14504e-259 0
29.3009 6.76253e-11 5.65896e-255 0
29.3209 9.97474e-11 9.38718e-251 0
29.3409 1.4665e-10 1.43556e-246 0
29.3609 2.14906e-10 2.02393e-242 0
29.3809 3.13908e-10 2.63061e-238 0
29.4009 4.5703e-10 3.15215e-234 0
29.4209 6.63245e-10 3.48213e-230 0
29.4409 9.5938e-10 3.54626e-226 0
29.4609 1.38323e-09 3.32954e-222 0
29.4809 1.98787e-09 2.88194e-218 0
29.5009 2.84752e-09 2.29972e-214 0
29.5209 4.06569e-09 1.69181e-210 0
29.5409 5.78614e-09 1.1474e-206 0
29.5609 8.20788e-09 7.17414e-203 0
29.5809 1.16054e-08 4.13533e-199 0
29.6009 1.6356e-08 2.19755e-195 0
29.6209 2.29764e-08 1.0766e-191 0
29.6409 3.21717e-08 4.8625e-188 0
29.6609 4.49008e-08 2.02466e-184 0
29.6809 6.24628e-08 7.77199e-181 0
29.7009 8.66116e-08 2.75043e-177 0
29.7209 1.19707e-07 8.97339e-174 0
29.7409 1.6491e-07 2.69898e-170 0
29.7609 2.26446e-07 7.48397e-167 0
29.7809 3.09935e-07 1.91316e-163 0
29.8009 4.22827e-07 4.50878e-160 0
29.8209 5.74966e-07 9.79612e-157 0
29.8409 7.79309e-07 1.96217e-153 0
29.8609 1.05284e-06 3.62334e-150 0
29.8809 1.41777e-06 6.16833e-147 0
29.9009 1.90299e-06 9.68087e-144 0
29.9209 2.54597e-06 1.40071e-140 0
29.9409 3.39515e-06 1.86841e-137 0
29.9609 4.51285e-06 2.29764e-134 0
29.9809 5.97904e-06 2.60484e-131 0
30.0009 7.89585e-06 2.72249e-128 0
30.0209 1.03933e-05 2.62326e-125 0
30.0409 1.36363e-05 2.33025e-122 0
30.0609 1.78331e-05 1.90833e-119 0
30.0809 2.32458e-05 1.44076e-116 0
30.1009 3.02029e-05 1.0028e-113 0
30.1209 3.91148e-05 6.43472e-111 0
30.1409 5.04918e-05 3.80655e-108 0
30.1609 6.49664e-05 2.07597e-105 0
30.1809 8.3319e-05 1.04375e-102 0
30.2009 0.000106509 4.83797e-100 0
30.2209 0.000135711 2.06736e-97 0
30.2409 0.000172359 8.14435e-95 0
30.2609 0.000218192 2.95791e-92 0
30.2809 0.000275316 9.9038e-90 0
30.3009 0.000346268 3.05708e-87 0
30.3209 0.00043409 8.69959e-85 0
30.3409 0.000542419 2.28233e-82 0
30.3609 0.000675582 5.5201e-80 0
30.3809 0.000838703 1.23084e-77 0
30.4009 0.00103783 2.53015e-75 0
30.4209 0.00128006 4.79489e-73 0
30.4409 0.00157371 8.37718e-71 0
30.4609 0.00192843 1.34929e-68 0
30.4809 0.00235544 2.00355e-66 0
30.5009 0.00286766 2.74274e-64 0
30.5209 0.00347993 3.46143e-62 0
30.5409 0.00420921 4.0273e-60 0
30.5609 0.00507479 4.31978e-58 0
30.5809 0.00609851 4.27165e-56 0
30.6009 0.00730494 3.8942e-54 0
30.6209 0.00872162 3.27287e-52 0
30.6409 0.0103792 2.53587e-50 0
30.6609 0.0123118 1.8114e-48 0
30.6809 0.0145567 1.19286e-46 0
30.7009 0.0171551 7.24186e-45 0
30.7209 0.0201517 4.05322e-43 0
30.7409 0.0235949 2.0914e-41 0
30.7609 0.0275366 9.94864e-40 0
30.7809 0.0320325 4.36292e-38 0
30.8009 0.0371415 1.76392e-36 0
30.8209 0.0429254 6.57458e-35 0
30.8409 0.049449 2.25915e-33 0
30.8609 0.0567791 7.15666e-32 0
30.8809 0.064984 2.09008e-30 0
30.9009 0.0741331 5.62735e-29 0
30.9209 0.0842957 1.3968e-27 0
30.9409 0.0955402 3.19631e-26 0
30.9609 0.107933 6.74301e-25 0
30.9809 0.121537 1.31143e-23 0
31.0009 0.136412 2.3514e-22 0
31.0209 0.15261 3.88682e-21 0
31.0409 0.170177 5.92312e-20 2.29515e-308
31.0609 0.189151 8.32137e-19 5.28584e-290
31.0809 0.209556 1.07777e-17 3.31453e-272
31.1009 0.23141 1.2869e-16 5.65896e-255
31.1209 0.254712 1.41662e-15 2.63061e-238
31.1409 0.279451 1.43764e-14 3.32954e-222
31.1609 0.305597 1.34503e-13 1.1474e-206
31.1809 0.333104 1.16012e-12 1.0766e-191
31.2009 0.361908 9.22492e-12 2.75043e-177
31.2209 0.391926 6.76253e-11 1.91316e-163
31.2409 0.423056 4.5703e-10 3.62334e-150
31.2609 0.455175 2.84752e-09 1.86841e-137
31.2809 0.488143 1.6356e-08 2.62326e-125
31.3009 0.521799 8.66116e-08 1.0028e-113
31.3209 0.555964 4.22827e-07 1.04375e-102
31.3409 0.590442 1.90299e-06 2.95791e-92
31.3609 0.625023 7.89585e-06 2.28233e-82
31.3809 0.65948 3.02029e-05 4.79489e-73
31.4009 0.693578 0.000106509 2.74274e-64
31.4209 0.72707 0.000346268 4.27165e-56
31.4409 0.759705 0.00103783 1.8114e-48
31.4609 0.791227 0.00286766 2.0914e-41
31.4809 0.821381 0.00730494 6.57458e-35
31.5009 0.849916 0.0171551 5.62735e-29
31.5209 0.876586 0.0371415 1.31143e-23
31.5409 0.901157 0.0741331 8.32137e-19
31.5609 0.923409 0.136412 1.43764e-14
31.5809 0.943138 0.23141 6.76253e-11
31.6009 0.960161 0.361908 8.66116e-08
31.6209 0.974317 0.521799 3.02029e-05
31.6409 0.985471 0.693578 0.00286766
31.6609 0.993516 0.849916 0.0741331
31.6809 0.998375 0.960161 0.521799
31.7009 1 1 1
31.7209 0.998375 0.960161 0.521799
31.7409 0.993516 0.849916 0.0741331
31.7609 0.985471 0.693578 0.00286766
31.7809 0.974317 0.521799 3.02029e-05
31.8009 0.960161 0.361908 8.66116e-08
31.8209 0.943138 0.23141 6.76253e-11
31.8409 0.923409 0.136412 1.43764e-14
31.8609 0.901157 0.0741331 8.32137e-19
31.8809 0.876586 0.0371415 1.31143e-23
31.9009 0.849916 0.0171551 5.62735e-29
31.9209 0.821381 0.00730494 6.57458e-35
31.9409 0.791227 0.00286766 2.0914e-41
31.9609 0.759705 0.00103783 1.8114e-48
31.9809 0.72707 0.000346268 4.27165e-56
32.0009 0.693578 0.000106509 2.74274e-64
32.0209 0.65948 3.02029e-05 4.79489e-73
32.0409 0.625023 7.89585e-06 2.28233e-82
32.0609 0.590442 1.90299e-06 2.95791e-92
32.0809 0.555964 4.22827e-07 1.04375e-102
32.1009 0.521799 8.66116e-08 1.0028e-113
32.1209 0.488143 1.6356e-08 2.62326e-125
32.1409 0.455175 2.84752e-09 1.86841e-137
32.1609 0.423056 4.5703e-10 3.62334e-150
32.1809 0.391926 6.76253e-11 1.91316e-163
32.2009 0.361908 9.22492e-12 2.75043e-177
32.2209 0.333104 1.16012e-12 1.0766e-191
32.2409 0.305597 1.34503e-13 1.1474e-206
32.2609 0.279451 1.43764e-14 3.32954e-222
32.2809 0.254712 1.41662e-15 2.63061e-238
32.3009 0.23141 1.2869e-16 5.65896e-255
32.3209 0.209556 1.07777e-17 3.31453e-272
32.3409 0.189151 8.32137e-19 5.28584e-290
32.3609 0.170177 5.92312e-20 2.29515e-308
32.3809 0.15261 3.88682e-21 0
32.4009 0.136412 2.3514e-22 0
32.4209 0.121537 1.31143e-23 0
32.4409 0.107933 6.74301e-25 0
32.4609 0.0955402 3.19631e-26 0
32.4809 0.0842957 1.3968e-27 0
32.5009 0.0741331 5.62735e-29 0
32.5209 0.064984 2.09008e-30 0
32.5409 0.0567791 7.15666e-32 0
32.5609 0.049449 2.25915e-33 0
32.5809 0.0429254 6.57458e-35 0
32.6009 0.0371415 1.76392e-36 0
32.6209 0.0320325 4.36292e-38 0
32.6409 0.0275366 9.94864e-40 0
32.6609 0.0235949 2.0914e-41 0
32.6809 0.0201517 4.05322e-43 0
32.7009 0.0171551 7.24186e-45 0
32.7209 0.0145567 1.19286e-46 0
32.7409 0.0123118 1.8114e-48 0
32.7609 0.0103792 2.53587e-50 0
32.7809 0.00872162 3.27287e-52 0
32.8009 0.00730494 3.8942e-54 0
32.8209 0.00609851 4.27165e-56 0
32.8409 0.00507479 4.31978e-58 0
32.8609 0.00420921 4.0273e-60 0
32.8809 0.00347993 3.46143e-62 0
32.9009 0.00286766 2.74274e-64 0
32.9209 0.00235544 2.00355e-66 0
32.9409 0.00192843 1.34929e-68 0
32.9609 0.00157371 8.37718e-71 0
32.9809 0.00128006 4.79489e-73 0
33.0009 0.00103783 2.53015e-75 0
33.0209 0.000838703 1.23084e-77 0
33.0409 0.000675582 5.5201e-80 0
33.0609 0.000542419 2.28233e-82 0
33.0809 0.00043409 8.69959e-85 0
33.1009 0.000346268 3.05708e-87 0
33.1209 0.000275316 9.9038e-90 0
33.1409 0.000218192 2.95791e-92 0
33.1609 0.000172359 8.14435e-95 0
33.1809 0.000135711 2.06736e-97 0
33.2009 0.000106509 4.83797e-100 0
33.2209 8.3319e-05 1.04375e-102 0
33.2409 6.49664e-05 2.07597e-105 0
33.2609 5.04918e-05 3.80655e-108 0
33.2809 3.91148e-05 6.43472e-111 0
33.3009 3.02029e-05 1.0028e-113 0
33.3209 2.32458e-05 1.44076e-116 0
33.3409 1.78331e-05 1.90833e-119 0
33.3609 1.36363e-05 2.33025e-122 0
33.3809 1.03933e-05 2.62326e-125 0
33.4009 7.89585e-06 2.72249e-128 0
33.4209 5.97904e-06 2.60484e-131 0
33.4409 4.51285e-06 2.29764e-134 0
33.4609 3.39515e-06 1.86841e-137 0
33.4809 2.54597e-06 1.40071e-140 0
33.5009 1.90299e-06 9.68087e-144 0
33.5209 1.41777e-06 6.16833e-147 0
33.5409 1.05284e-06 3.62334e-150 0
33.5609 7.79309e-07 1.96217e-153 0
33.5809 5.74966e-07 9.79612e-157 0
33.6009 4.22827e-07 4.50878e-160 0
33.6209 3.09935e-07 1.91316e-163 0
33.6409 2.26446e-07 7.48397e-167 0
33.6609 1.6491e-07 2.69898e-170 0
33.6809 1.19707e-07 8.97339e-174 0
33.7009 8.66116e-08 2.75043e-177 0
33.7209 6.24628e-08 7.77199e-181 0
33.7409 4.49008e-08 2.02466e-184 0
33.7609 3.21717e-08 4.8625e-188 0
33.7809 2.29764e-08 1.0766e-191 0
33.8009 1.6356e-08 2.19755e-195 0
33.8209 1.16054e-08 4.13533e-199 0
33.8409 8.20788e-09 7.17414e-203 0
33.8609 5.78614e-09 1.1474e-206 0
33.8809 4.06569e-09 1.69181e-210 0
33.9009 2.84752e-09 2.29972e-214 0
33.9209 1.98787e-09 2.88194e-218 0
33.9409 1.38323e-09 3.32954e-222 0
33.9609 9.5938e-10 3.54626e-226 0
33.9809 6.63245e-10 3.48213e-230 0
34.0009 4.5703e-10 3.15215e-234 0
34.0209 3.13908e-10 2.63061e-238 0
34.0409 2.14906e-10 2.02393e-242 0
34.0609 1.4665e-10 1.43556e-246 0
34.0809 9.97474e-11 9.38718e-251 0
34.1009 6.76253e-11 5.65896e-255 0
34.1209 4.56988e-11 3.14504e-259 0
34.1409 3.07814e-11 1.6114e-263 0
34.1609 2.06661e-11 7.61148e-268 0
34.1809 1.38298e-11 3.31453e-272 0
34.2009 9.22492e-12 1.33065e-276 0
34.2209 6.13332e-12 4.92484e-281 0
34.2409 4.06459e-12 1.68039e-285 0
34.2609 2.68488e-12 5.28584e-290 0
34.2809 1.76775e-12 1.53287e-294 0
34.3009 1.16012e-12 4.09814e-299 0
34.3209 7.58882e-13 1.01008e-303 0
34.3409 4.94803e-13 2.29515e-308 0
34.3609 3.21572e-13 4.8079e-313 0
34.3809 2.08311e-13 9.28512e-318 0
34.4009 1.34503e-13 1.63042e-322 0
34.4209 8.65647e-14 0 0
34.4409 5.55311e-14 0 0
34.4609 3.55075e-14 0 0
34.4809 2.26303e-14 0 0
34.5009 1.43764e-14 0 0
34.5209 9.10322e-15 0 0
34.5409 5.74551e-15 0 0
34.5609 3.61451e-15 0 0
34.5809 2.26651e-15 0 0
34.6009 1.41662e-15 0 0
34.6209 8.82545e-16 0 0
34.6409 5.48035e-16 0 0
34.6609 3.39208e-16 0 0
34.6809 2.09273e-16 0 0
34.7009 1.2869e-16 0 0
34.7209 7.888e-17 0 0
34.7409 4.81921e-17 0 0
34.7609 2.93475e-17 0 0
34.7809 1.78137e-17 0 0
34.8009 1.07777e-17 0 0
34.8209 6.49958e-18 0 0
34.8409 3.90689e-18 0 0
34.8609 2.3408e-18 0 0
34.8809 1.39793e-18 0 0
34.9009 8.32137e-19 0 0
34.9209 4.93731e-19 0 0
34.9409 2.91994e-19 0 0
34.9609 1.72126e-19 0 0
34.9809 1.01136e-19 0 0
35.0009 5.92312e-20 0 0
35.0209 3.45768e-20 0 0
35.0409 2.0119e-20 0 0
35.0609 1.16685e-20 0 0
35.0809 6.74545e-21 0 0
35.1009 3.88682e-21 0 0
35.1209 2.23237e-21 0 0
35.1409 1.27798e-21 0 0
35.1609 7.29241e-22 0 0
35.1809 4.14768e-22 0 0
35.2009 2.3514e-22 0 0
35.2209 1.32873e-22 0 0
35.2409 7.48397e-23 0 0
35.2609 4.20161e-23 0 0
35.2809 2.35119e-23 0 0
35.3009 1.31143e-23 0 0
35.3209 7.2911e-24 0 0
35.3409 4.04042e-24 0 0
35.3609 2.23176e-24 0 0
35.3809 1.22873e-24 0 0
35.4009 6.74301e-25 0 0
35.4209 3.6884e-25 0 0
35.4409 2.01099e-25 0 0
35.4609 1.09287e-25 0 0
35.4809 5.91991e-26 0 0
35.5009 3.19631e-26 0 0
35.5209 1.72017e-26 0 0
35.5409 9.22742e-27 0 0
35.5609 4.93375e-27 0 0
35.5809 2.62943e-27 0 0
35.6009 1.3968e-27 0 0
35.6209 7.39592e-28 0 0
35.6409 3.90336e-28 0 0
35.6609 2.0534e-28 0 0
35.6809 1.0767e-28 0 0
35.7009 5.62735e-29 0 0
