T p1 p50 p200 p300
500 0.0855864 0.644996 0.802062 0.83509
510 0.0697691 0.610765 0.780058 0.816295
520 0.0569975 0.576039 0.756994 0.796478
530 0.0467079 0.541125 0.732971 0.775706
540 0.038421 0.506333 0.708101 0.754053
550 0.0317396 0.471966 0.68251 0.731608
560 0.0263407 0.438308 0.656331 0.708464
570 0.0219649 0.40562 0.629708 0.684726
580 0.0184054 0.374129 0.602785 0.660503
590 0.0154984 0.344028 0.575712 0.635909
600 0.0131139 0.315469 0.548636 0.611061
610 0.0110997 0.287833 0.520951 0.585376
620 0.00943991 0.261996 0.493542 0.559653
630 0.00806587 0.237996 0.466552 0.534014
640 0.00692315 0.215835 0.440115 0.508582
650 0.00596846 0.195481 0.41435 0.483472
660 0.00516731 0.176875 0.389365 0.458791
670 0.00449206 0.159937 0.365251 0.434639
680 0.00392051 0.144574 0.342081 0.411104
690 0.00343472 0.13068 0.319916 0.388265
700 0.00302017 0.118147 0.298797 0.366187
710 0.00265782 0.106628 0.278324 0.344467
720 0.00234706 0.0962924 0.258976 0.323633
730 0.00207957 0.0870293 0.240755 0.303719
740 0.00184849 0.0787343 0.22365 0.284749
750 0.00164818 0.0713096 0.20764 0.266735
760 0.00147395 0.0646649 0.192695 0.249678
770 0.00132192 0.0587172 0.178776 0.233572
780 0.00118886 0.0533916 0.165841 0.2184
790 0.00107203 0.0486202 0.153841 0.204142
800 0.000969169 0.0443421 0.142728 0.190769
810 0.000876874 0.0404402 0.132279 0.178041
820 0.000795294 0.0369399 0.122634 0.166154
830 0.000722992 0.0337963 0.11374 0.155069
840 0.000658748 0.0309697 0.105545 0.144745
850 0.000601522 0.0284248 0.0979984 0.135141
860 0.000550424 0.0261305 0.091051 0.126214
870 0.000504691 0.0240592 0.0846569 0.117923
880 0.000463668 0.0221867 0.0787724 0.110227
890 0.000426789 0.0204914 0.0733567 0.103087
900 0.000393565 0.0189543 0.0683714 0.0964651
910 0.000363199 0.0175412 0.0637233 0.0902462
920 0.000335759 0.0162575 0.0594453 0.0844837
930 0.000310916 0.0150896 0.0555062 0.079144
940 0.000288382 0.0140255 0.0518773 0.0741956
950 0.000267904 0.0130547 0.0485322 0.0696087
960 0.000249261 0.0121677 0.0454466 0.0653559
970 0.000232261 0.011356 0.0425986 0.0614114
980 0.000216731 0.0106124 0.0399679 0.0577513
990 0.000202523 0.00993004 0.037536 0.0543536
1000 0.000189502 0.00930315 0.0352862 0.0511978
