T N2 Cl2 I2
50 1 1 1.00217
60 1 1 1.00605
70 1 1.00001 1.01264
80 1 1.00005 1.02206
90 1 1.00014 1.03419
100 1 1.00034 1.04876
110 1 1.00071 1.06547
120 1 1.0013 1.08405
130 1 1.00217 1.10422
140 1 1.00337 1.12577
150 1 1.00493 1.14849
160 1 1.00689 1.17223
170 1 1.00925 1.19685
180 1 1.01204 1.22223
190 1 1.01526 1.24827
200 1 1.01889 1.27489
210 1 1.02293 1.30201
220 1 1.02736 1.32959
230 1 1.03219 1.35756
240 1 1.03738 1.38589
250 1 1.04292 1.41453
260 1 1.0488 1.44345
270 1 1.05499 1.47263
280 1.00001 1.06149 1.50204
290 1.00001 1.06826 1.53166
300 1.00001 1.07531 1.56146
310 1.00002 1.08261 1.59143
320 1.00003 1.09015 1.62156
330 1.00004 1.09792 1.65183
340 1.00005 1.1059 1.68223
350 1.00007 1.11408 1.71276
360 1.00009 1.12245 1.74339
370 1.00012 1.13099 1.77413
380 1.00015 1.13971 1.80496
390 1.00018 1.14858 1.83587
400 1.00023 1.1576 1.86687
410 1.00028 1.16677 1.89794
420 1.00034 1.17606 1.92909
430 1.00041 1.18549 1.9603
440 1.00049 1.19503 1.99157
450 1.00058 1.20469 2.0229
460 1.00068 1.21446 2.05428
470 1.0008 1.22432 2.08571
480 1.00093 1.23429 2.11719
490 1.00107 1.24434 2.14871
500 1.00123 1.25449 2.18028
510 1.0014 1.26471 2.21188
520 1.00159 1.27502 2.24352
530 1.00179 1.2854 2.2752
540 1.00202 1.29585 2.30691
550 1.00226 1.30637 2.33865
560 1.00252 1.31696 2.37042
570 1.0028 1.3276 2.40222
580 1.0031 1.33831 2.43405
590 1.00342 1.34907 2.4659
600 1.00376 1.35989 2.49778
610 1.00412 1.37076 2.52967
620 1.00451 1.38168 2.5616
630 1.00491 1.39264 2.59354
640 1.00534 1.40366 2.6255
650 1.00579 1.41471 2.65748
660 1.00626 1.42581 2.68948
670 1.00676 1.43694 2.7215
680 1.00728 1.44812 2.75353
690 1.00782 1.45933 2.78558
700 1.00839 1.47058 2.81765
710 1.00898 1.48186 2.84973
720 1.0096 1.49317 2.88182
730 1.01024 1.50452 2.91393
740 1.0109 1.5159 2.94605
750 1.01158 1.5273 2.97818
760 1.01229 1.53873 3.01032
770 1.01303 1.55019 3.04248
780 1.01379 1.56168 3.07464
790 1.01457 1.57319 3.10682
800 1.01537 1.58473 3.13901
810 1.0162 1.59629 3.17121
820 1.01706 1.60787 3.20341
830 1.01793 1.61948 3.23563
840 1.01883 1.6311 3.26785
850 1.01976 1.64275 3.30009
860 1.0207 1.65442 3.33233
870 1.02167 1.6661 3.36458
880 1.02266 1.67781 3.39683
890 1.02368 1.68953 3.4291
900 1.02472 1.70127 3.46137
910 1.02578 1.71302 3.49365
920 1.02686 1.7248 3.52593
930 1.02796 1.73659 3.55823
940 1.02908 1.74839 3.59052
950 1.03023 1.76021 3.62283
960 1.0314 1.77204 3.65514
970 1.03259 1.78389 3.68745
980 1.0338 1.79575 3.71978
990 1.03503 1.80762 3.7521
1000 1.03628 1.81951 3.78443
1010 1.03755 1.83141 3.81677
1020 1.03884 1.84332 3.84911
1030 1.04015 1.85525 3.88146
1040 1.04147 1.86718 3.91381
1050 1.04282 1.87913 3.94617
1060 1.04419 1.89108 3.97853
1070 1.04558 1.90305 4.01089
1080 1.04698 1.91503 4.04326
1090 1.0484 1.92702 4.07563
1100 1.04984 1.93901 4.10801
1110 1.0513 1.95102 4.14039
1120 1.05278 1.96304 4.17277
1130 1.05427 1.97506 4.20516
1140 1.05578 1.9871 4.23755
1150 1.05731 1.99914 4.26995
1160 1.05886 2.01119 4.30235
1170 1.06042 2.02325 4.33475
1180 1.06199 2.03532 4.36715
1190 1.06359 2.04739 4.39956
1200 1.06519 2.05947 4.43197
1210 1.06682 2.07156 4.46438
1220 1.06846 2.08366 4.4968
1230 1.07011 2.09576 4.52922
1240 1.07178 2.10787 4.56164
1250 1.07347 2.11999 4.59407
1260 1.07517 2.13211 4.62649
1270 1.07688 2.14424 4.65892
1280 1.07861 2.15638 4.69135
1290 1.08035 2.16852 4.72379
1300 1.08211 2.18067 4.75623
1310 1.08388 2.19283 4.78867
1320 1.08566 2.20498 4.82111
1330 1.08745 2.21715 4.85355
1340 1.08926 2.22932 4.886
1350 1.09108 2.2415 4.91844
1360 1.09292 2.25368 4.95089
1370 1.09477 2.26587 4.98335
1380 1.09662 2.27806 5.0158
1390 1.0985 2.29025 5.04826
1400 1.10038 2.30246 5.08072
1410 1.10227 2.31466 5.11317
1420 1.10418 2.32687 5.14564
1430 1.1061 2.33909 5.1781
1440 1.10803 2.35131 5.21057
1450 1.10997 2.36353 5.24303
1460 1.11192 2.37576 5.2755
1470 1.11388 2.38799 5.30797
1480 1.11586 2.40023 5.34044
1490 1.11784 2.41247 5.37292
1500 1.11983 2.42471 5.40539
1510 1.12184 2.43696 5.43787
1520 1.12385 2.44921 5.47034
1530 1.12588 2.46147 5.50282
1540 1.12791 2.47373 5.5353
1550 1.12996 2.48599 5.56779
1560 1.13201 2.49825 5.60027
1570 1.13407 2.51052 5.63276
1580 1.13615 2.5228 5.66524
1590 1.13823 2.53507 5.69773
1600 1.14032 2.54735 5.73022
1610 1.14242 2.55963 5.76271
1620 1.14453 2.57192 5.7952
1630 1.14664 2.58421 5.82769
1640 1.14877 2.5965 5.86018
1650 1.1509 2.6088 5.89268
1660 1.15305 2.62109 5.92518
1670 1.1552 2.63339 5.95767
1680 1.15736 2.6457 5.99017
1690 1.15952 2.658 6.02267
1700 1.1617 2.67031 6.05517
1710 1.16388 2.68262 6.08767
1720 1.16607 2.69494 6.12017
1730 1.16827 2.70725 6.15268
1740 1.17048 2.71957 6.18518
1750 1.17269 2.73189 6.21769
1760 1.17491 2.74422 6.25019
1770 1.17714 2.75654 6.2827
1780 1.17937 2.76887 6.31521
1790 1.18161 2.7812 6.34772
1800 1.18386 2.79353 6.38023
1810 1.18612 2.80587 6.41274
1820 1.18838 2.81821 6.44525
1830 1.19065 2.83055 6.47776
1840 1.19292 2.84289 6.51027
1850 1.19521 2.85523 6.54279
1860 1.19749 2.86758 6.5753
1870 1.19979 2.87993 6.60782
1880 1.20209 2.89228 6.64033
1890 1.2044 2.90463 6.67285
1900 1.20671 2.91698 6.70537
1910 1.20903 2.92934 6.73789
1920 1.21135 2.9417 6.77041
1930 1.21369 2.95406 6.80293
1940 1.21602 2.96642 6.83545
1950 1.21837 2.97878 6.86797
1960 1.22071 2.99115 6.90049
1970 1.22307 3.00351 6.93301
1980 1.22543 3.01588 6.96554
1990 1.22779 3.02825 6.99806
2000 1.23016 3.04062 7.03059
2010 1.23254 3.053 7.06311
2020 1.23492 3.06537 7.09564
2030 1.2373 3.07775 7.12817
2040 1.23969 3.09013 7.16069
2050 1.24209 3.1025 7.19322
2060 1.24449 3.11489 7.22575
2070 1.2469 3.12727 7.25828
2080 1.24931 3.13965 7.29081
2090 1.25172 3.15204 7.32334
2100 1.25415 3.16443 7.35587
2110 1.25657 3.17681 7.3884
2120 1.259 3.1892 7.42093
2130 1.26143 3.2016 7.45347
2140 1.26387 3.21399 7.486
2150 1.26632 3.22638 7.51853
2160 1.26876 3.23878 7.55107
2170 1.27122 3.25117 7.5836
2180 1.27367 3.26357 7.61614
2190 1.27613 3.27597 7.64867
2200 1.2786 3.28837 7.68121
2210 1.28107 3.30077 7.71374
2220 1.28354 3.31317 7.74628
2230 1.28602 3.32558 7.77882
2240 1.2885 3.33798 7.81136
2250 1.29099 3.35039 7.84389
2260 1.29348 3.3628 7.87643
2270 1.29597 3.37521 7.90897
2280 1.29847 3.38762 7.94151
2290 1.30097 3.40003 7.97405
2300 1.30347 3.41244 8.00659
2310 1.30598 3.42485 8.03913
2320 1.30849 3.43727 8.07167
2330 1.31101 3.44968 8.10422
2340 1.31353 3.4621 8.13676
2350 1.31605 3.47451 8.1693
2360 1.31858 3.48693 8.20184
2370 1.32111 3.49935 8.23439
2380 1.32364 3.51177 8.26693
2390 1.32618 3.52419 8.29948
2400 1.32872 3.53662 8.33202
2410 1.33126 3.54904 8.36456
2420 1.33381 3.56146 8.39711
2430 1.33636 3.57389 8.42966
2440 1.33891 3.58631 8.4622
2450 1.34147 3.59874 8.49475
2460 1.34403 3.61117 8.52729
2470 1.34659 3.6236 8.55984
2480 1.34916 3.63603 8.59239
2490 1.35173 3.64846 8.62494
2500 1.3543 3.66089 8.65748
2510 1.35688 3.67332 8.69003
2520 1.35945 3.68575 8.72258
2530 1.36203 3.69819 8.75513
2540 1.36462 3.71062 8.78768
2550 1.36721 3.72306 8.82023
2560 1.36979 3.73549 8.85278
2570 1.37239 3.74793 8.88533
2580 1.37498 3.76037 8.91788
2590 1.37758 3.7728 8.95043
2600 1.38018 3.78524 8.98298
2610 1.38278 3.79768 9.01553
2620 1.38539 3.81012 9.04808
2630 1.388 3.82257 9.08064
2640 1.39061 3.83501 9.11319
2650 1.39322 3.84745 9.14574
2660 1.39584 3.85989 9.17829
2670 1.39846 3.87234 9.21085
2680 1.40108 3.88478 9.2434
2690 1.40371 3.89723 9.27595
2700 1.40633 3.90967 9.30851
2710 1.40896 3.92212 9.34106
2720 1.41159 3.93457 9.37362
2730 1.41423 3.94702 9.40617
2740 1.41686 3.95947 9.43873
2750 1.4195 3.97192 9.47128
2760 1.42214 3.98437 9.50384
2770 1.42478 3.99682 9.53639
2780 1.42743 4.00927 9.56895
2790 1.43008 4.02172 9.6015
2800 1.43273 4.03417 9.63406
2810 1.43538 4.04663 9.66662
2820 1.43803 4.05908 9.69917
2830 1.44069 4.07153 9.73173
2840 1.44335 4.08399 9.76429
2850 1.44601 4.09645 9.79685
2860 1.44867 4.1089 9.8294
2870 1.45134 4.12136 9.86196
2880 1.454 4.13382 9.89452
2890 1.45667 4.14627 9.92708
2900 1.45934 4.15873 9.95964
2910 1.46202 4.17119 9.99219
2920 1.46469 4.18365 10.0248
2930 1.46737 4.19611 10.0573
2940 1.47005 4.20857 10.0899
2950 1.47273 4.22103 10.1224
2960 1.47541 4.23349 10.155
2970 1.4781 4.24596 10.1876
2980 1.48078 4.25842 10.2201
2990 1.48347 4.27088 10.2527
3000 1.48616 4.28334 10.2852
