equiv K2 K3 K4
0 0 0 0
0.06 0.00542762 0.0295501 0.0542624
0.12 0.0108019 0.0582016 0.107904
0.18 0.0161234 0.0859582 0.160834
0.24 0.021393 0.112826 0.212944
0.3 0.0266113 0.138813 0.26411
0.36 0.031779 0.163929 0.314188
0.42 0.0368968 0.188188 0.363011
0.48 0.0419653 0.211603 0.410395
0.54 0.0469851 0.234191 0.456132
0.6 0.0519569 0.255969 0.5
0.66 0.0568813 0.276957 0.541769
0.72 0.0617589 0.297174 0.581214
0.78 0.0665903 0.316641 0.61813
0.84 0.0713762 0.33538 0.652352
0.9 0.0761171 0.353414 0.683772
0.96 0.0808136 0.370766 0.712352
1.02 0.0854663 0.387458 0.73813
1.08 0.0900756 0.403514 0.761214
1.14 0.0946423 0.418957 0.781769
1.2 0.0991667 0.43381 0.8
1.26 0.10365 0.448095 0.816132
1.32 0.108091 0.461835 0.830395
1.38 0.112492 0.475051 0.843011
1.44 0.116853 0.487766 0.854188
1.5 0.121175 0.5 0.86411
1.56 0.125457 0.511773 0.872944
1.62 0.129701 0.523105 0.880834
1.68 0.133906 0.534014 0.887904
1.74 0.138074 0.544519 0.894262
1.8 0.142205 0.554638 0.9
1.86 0.146299 0.564387 0.905196
1.92 0.150357 0.573782 0.909917
1.98 0.154378 0.58284 0.91422
2.04 0.158365 0.591574 0.918156
2.1 0.162317 0.6 0.921767
2.16 0.166234 0.60813 0.925089
2.22 0.170116 0.615979 0.928153
2.28 0.173966 0.623557 0.930987
2.34 0.177782 0.630877 0.933616
2.4 0.181565 0.63795 0.936059
2.46 0.185315 0.644787 0.938335
2.52 0.189034 0.651398 0.94046
2.58 0.19272 0.657793 0.942448
2.64 0.196376 0.663981 0.944311
2.7 0.2 0.66997 0.946061
2.76 0.203594 0.67577 0.947707
2.82 0.207157 0.681388 0.949258
2.88 0.210691 0.686831 0.950721
2.94 0.214195 0.692108 0.952105
3 0.21767 0.697224 0.953414
3.06 0.221116 0.702187 0.954656
3.12 0.224534 0.707002 0.955834
3.18 0.227923 0.711676 0.956953
3.24 0.231285 0.716214 0.958018
3.3 0.234619 0.720622 0.959033
3.36 0.237925 0.724904 0.96
3.42 0.241205 0.729066 0.960923
3.48 0.244459 0.733112 0.961806
3.54 0.247686 0.737046 0.96265
3.6 0.250887 0.740874 0.963458
3.66 0.254062 0.744598 0.964232
3.72 0.257212 0.748223 0.964974
3.78 0.260337 0.751753 0.965687
3.84 0.263437 0.755191 0.966371
3.9 0.266512 0.758539 0.967029
3.96 0.269563 0.761803 0.967662
4.02 0.27259 0.764983 0.968271
4.08 0.275594 0.768085 0.968858
4.14 0.278574 0.771109 0.969424
4.2 0.28153 0.774059 0.96997
4.26 0.284464 0.776938 0.970497
4.32 0.287375 0.779748 0.971006
4.38 0.290264 0.782491 0.971498
4.44 0.29313 0.785169 0.971973
4.5 0.295974 0.787786 0.972433
4.56 0.298797 0.790341 0.972879
4.62 0.301598 0.792839 0.97331
4.68 0.304378 0.79528 0.973728
4.74 0.307137 0.797666 0.974133
4.8 0.309875 0.8 0.974525
4.86 0.312592 0.802282 0.974906
4.92 0.315289 0.804515 0.975276
4.98 0.317966 0.8067 0.975636
5.04 0.320623 0.808838 0.975985
5.1 0.323261 0.810931 0.976324
5.16 0.325879 0.81298 0.976654
5.22 0.328477 0.814987 0.976975
5.28 0.331056 0.816952 0.977287
5.34 0.333617 0.818877 0.977591
5.4 0.336159 0.820764 0.977886
5.46 0.338682 0.822613 0.978175
5.52 0.341187 0.824425 0.978455
5.58 0.343674 0.826202 0.978729
5.64 0.346143 0.827944 0.978996
5.7 0.348594 0.829652 0.979256
5.76 0.351027 0.831328 0.97951
5.82 0.353444 0.832972 0.979758
5.88 0.355843 0.834585 0.98
5.94 0.358225 0.836168 0.980236
6 0.36059 0.837722 0.980467
