tt Cu W
35 0 1.18511e-268
35.02 0 1.27031e-266
35.04 0 1.33765e-264
35.06 0 1.38373e-262
35.08 0 1.40618e-260
35.1 0 1.40381e-258
35.12 0 1.37676e-256
35.14 0 1.32643e-254
35.16 0 1.25542e-252
35.18 0 1.16728e-250
35.2 0 1.0662e-248
35.22 0 9.56718e-247
35.24 0 8.43348e-245
35.26 0 7.30313e-243
35.28 0 6.21284e-241
35.3 0 5.19219e-239
35.32 0 4.26276e-237
35.34 0 3.43803e-235
35.36 0 2.724e-233
35.38 0 2.12024e-231
35.4 0 1.62122e-229
35.42 0 1.2178e-227
35.44 0 8.98654e-226
35.46 0 6.51459e-224
35.48 0 4.63938e-222
35.5 0 3.24573e-220
35.52 0 2.23072e-218
35.54 0 1.50611e-216
35.56 0 9.98955e-215
35.58 0 6.50902e-213
35.6 0 4.16643e-211
35.62 0 2.61994e-209
35.64 0 1.61845e-207
35.66 0 9.82167e-206
35.68 0 5.85533e-204
35.7 0 3.42922e-202
35.72 0 1.97297e-200
35.74 0 1.11512e-198
35.76 0 6.19163e-197
35.78 0 3.37728e-195
35.8 0 1.8097e-193
35.82 0 9.52637e-192
35.84 0 4.92637e-190
35.86 0 2.50268e-188
35.88 0 1.249e-186
35.9 0 6.1235e-185
35.92 0 2.94928e-183
35.94 0 1.39544e-181
35.96 0 6.48613e-180
35.98 0 2.96169e-178
36 0 1.32853e-176
36.02 0 5.85442e-175
36.04 0 2.5344e-173
36.06 0 1.07782e-171
36.08 0 4.50293e-170
36.1 0 1.8481e-168
36.12 0 7.45131e-167
36.14 0 2.95135e-165
36.16 0 1.14838e-163
36.18 0 4.38967e-162
36.2 0 1.64838e-160
36.22 0 6.08081e-159
36.24 0 2.20366e-157
36.26 0 7.84526e-156
36.28 0 2.74378e-154
36.3 0 9.42693e-153
36.32 0 3.18178e-151
36.34 0 1.05499e-149
36.36 0 3.43644e-148
36.38 0 1.09963e-146
36.4 0 3.45671e-145
36.42 0 1.06748e-143
36.44 0 3.23844e-142
36.46 0 9.65139e-141
36.48 0 2.82569e-139
36.5 0 8.12712e-138
36.52 0 2.2963e-136
36.54 0 6.37383e-135
36.56 0 1.73801e-133
36.58 0 4.65566e-132
36.6 0 1.22515e-130
36.62 0 3.16723e-129
36.64 0 8.04353e-128
36.66 0 2.00675e-126
36.68 0 4.91835e-125
36.7 0 1.1842e-123
36.72 0 2.80097e-122
36.74 0 6.50837e-121
36.76 0 1.48565e-119
36.78 0 3.33148e-118
36.8 0 7.33903e-117
36.82 0 1.58825e-115
36.84 0 3.37659e-114
36.86 0 7.05209e-113
36.88 0 1.44689e-111
36.9 0 2.91631e-110
36.92 0 5.77443e-109
36.94 0 1.12322e-107
36.96 0 2.14635e-106
36.98 0 4.02916e-105
37 0 7.43032e-104
37.02 0 1.34611e-102
37.04 0 2.3957e-101
37.06 0 4.18854e-100
37.08 0 7.19404e-99
37.1 0 1.21384e-97
37.12 0 2.01201e-96
37.14 0 3.27626e-95
37.16 0 5.2409e-94
37.18 0 8.23592e-93
37.2 0 1.27144e-91
37.22 0 1.92824e-90
37.24 0 2.8728e-89
37.26 0 4.20464e-88
37.28 0 6.04549e-87
37.3 0 8.53911e-86
37.32 0 1.18488e-84
37.34 0 1.61515e-83
37.36 0 2.16288e-82
37.38 0 2.84532e-81
37.4 0 3.67712e-80
37.42 0 4.66837e-79
37.44 0 5.82239e-78
37.46 0 7.13372e-77
37.48 0 8.58639e-76
37.5 0 1.01528e-74
37.52 0 1.17933e-73
37.54 7.90505e-323 1.34576e-72
37.56 1.30038e-320 1.50862e-71
37.58 2.15136e-318 1.66139e-70
37.6 3.49657e-316 1.79738e-69
37.62 5.58275e-314 1.91024e-68
37.64 8.75658e-312 1.99442e-67
37.66 1.34927e-309 2.04562e-66
37.68 2.04241e-307 2.06115e-65
37.7 3.03716e-305 2.04022e-64
37.72 4.4368e-303 1.98391e-63
37.74 6.36725e-301 1.89516e-62
37.76 8.97663e-299 1.77848e-61
37.78 1.24324e-296 1.63957e-60
37.8 1.6915e-294 1.48488e-59
37.82 2.26085e-292 1.32109e-58
37.84 2.96859e-290 1.15466e-57
37.86 3.82919e-288 9.91409e-57
37.88 4.85225e-286 8.36241e-56
37.9 6.04031e-284 6.9293e-55
37.92 7.38676e-282 5.64061e-54
37.94 8.87417e-280 4.51068e-53
37.96 1.04732e-277 3.54354e-52
37.98 1.21427e-275 2.73472e-51
38 1.38301e-273 2.07332e-50
38.02 1.54745e-271 1.54418e-49
38.04 1.70093e-269 1.12983e-48
38.06 1.83669e-267 8.12088e-48
38.08 1.94834e-265 5.73421e-47
38.1 2.03035e-263 3.97762e-46
38.12 2.07854e-261 2.71052e-45
38.14 2.09038e-259 1.81452e-44
38.16 2.06524e-257 1.1933e-43
38.18 2.00445e-255 7.7093e-43
38.2 1.91117e-253 4.89284e-42
38.22 1.79012e-251 3.0506e-41
38.24 1.64719e-249 1.86849e-40
38.26 1.48897e-247 1.12428e-39
38.28 1.32223e-245 6.64563e-39
38.3 1.15347e-243 3.85903e-38
38.32 9.88517e-242 2.2014e-37
38.34 8.32228e-240 1.23367e-36
38.36 6.88303e-238 6.79171e-36
38.38 5.59238e-236 3.67315e-35
38.4 4.46367e-234 1.95153e-34
38.42 3.49999e-232 1.01858e-33
38.44 2.69601e-230 5.22263e-33
38.46 2.04012e-228 2.63066e-32
38.48 1.51659e-226 1.30173e-31
38.5 1.10754e-224 6.32782e-31
38.52 7.94567e-223 3.02181e-30
38.54 5.59991e-221 1.41762e-29
38.56 3.87713e-219 6.53328e-29
38.58 2.63706e-217 2.95789e-28
38.6 1.76201e-215 1.31557e-27
38.62 1.15658e-213 5.74807e-27
38.64 7.45797e-212 2.46723e-26
38.66 4.7244e-210 1.04035e-25
38.68 2.94003e-208 4.30948e-25
38.7 1.79736e-206 1.75368e-24
38.72 1.07944e-204 7.01062e-24
38.74 6.36855e-203 2.75322e-23
38.76 3.69115e-201 1.0622e-22
38.78 2.10166e-199 4.02576e-22
38.8 1.17556e-197 1.49889e-21
38.82 6.45955e-196 5.4824e-21
38.84 3.48691e-194 1.96993e-20
38.86 1.84909e-192 6.95363e-20
38.88 9.63286e-191 2.4113e-19
38.9 4.92982e-189 8.21426e-19
38.92 2.47849e-187 2.74894e-18
38.94 1.22411e-185 9.03738e-18
38.96 5.93929e-184 2.91876e-17
38.98 2.83092e-182 9.26048e-17
39 1.32556e-180 2.88634e-16
39.02 6.09749e-179 8.83774e-16
39.04 2.75538e-177 2.65836e-15
39.06 1.22318e-175 7.85536e-15
39.08 5.33434e-174 2.28033e-14
39.1 2.28533e-172 6.5029e-14
39.12 9.61825e-171 1.82178e-13
39.14 3.9767e-169 5.01378e-13
39.16 1.61521e-167 1.35554e-12
39.18 6.44486e-166 3.60032e-12
39.2 2.52626e-164 9.39392e-12
39.22 9.72794e-163 2.40787e-11
39.24 3.67996e-161 6.06313e-11
39.26 1.36756e-159 1.49983e-10
39.28 4.9926e-158 3.64472e-10
39.3 1.79055e-156 8.70095e-10
39.32 6.3085e-155 2.04056e-09
39.34 2.18346e-153 4.70121e-09
39.36 7.42408e-152 1.06402e-08
39.38 2.47982e-150 2.36575e-08
39.4 8.13722e-149 5.16734e-08
39.42 2.62308e-147 1.10878e-07
39.44 8.30666e-146 2.33723e-07
39.46 2.58417e-144 4.83991e-07
39.48 7.89757e-143 9.84584e-07
39.5 2.37108e-141 1.96765e-06
39.52 6.99322e-140 3.86297e-06
39.54 2.02623e-138 7.4503e-06
39.56 5.76737e-137 1.41158e-05
39.58 1.61268e-135 2.62735e-05
39.6 4.42992e-134 4.80405e-05
39.62 1.19543e-132 8.62934e-05
39.64 3.16906e-131 0.000152274
39.66 8.25308e-130 0.00026397
39.68 2.11145e-128 0.000449534
39.7 5.30672e-127 0.000752053
39.72 1.31024e-125 0.00123599
39.74 3.17799e-124 0.00199554
39.76 7.57242e-123 0.00316507
39.78 1.77254e-121 0.00493159
39.8 4.07602e-120 0.00754866
39.82 9.2078e-119 0.0113509
39.84 2.04341e-117 0.0167677
39.86 4.45485e-116 0.0243328
39.88 9.54092e-115 0.034689
39.9 2.00737e-113 0.0485815
39.92 4.14899e-112 0.0668388
39.94 8.42437e-111 0.0903371
39.96 1.6804e-109 0.119945
39.98 3.2928e-108 0.156451
40 6.33866e-107 0.200471
40.02 1.1987e-105 0.252352
40.04 2.2269e-104 0.312061
40.06 4.06416e-103 0.379098
40.08 7.28652e-102 0.452422
40.1 1.28336e-100 0.530413
40.12 2.22053e-99 0.610892
40.14 3.77436e-98 0.691183
40.16 6.30245e-97 0.768249
40.18 1.03384e-95 0.83886
40.2 1.66602e-94 0.899821
40.22 2.63745e-93 0.948205
40.24 4.10173e-92 0.981584
40.26 6.26656e-91 0.998233
40.28 9.40526e-90 0.997276
40.3 1.38673e-88 0.978765
40.32 2.00859e-87 0.943671
40.34 2.85805e-86 0.893803
40.36 3.99511e-85 0.831653
40.38 5.48613e-84 0.76019
40.4 7.40088e-83 0.682623
40.42 9.80797e-82 0.60217
40.44 1.27689e-80 0.521839
40.46 1.63308e-79 0.444255
40.48 2.05183e-78 0.371542
40.5 2.53253e-77 0.305255
40.52 3.07077e-76 0.246376
40.54 3.65779e-75 0.195349
40.56 4.28025e-74 0.152161
40.58 4.92038e-73 0.116433
40.6 5.55658e-72 0.0875238
40.62 6.16446e-71 0.0646333
40.64 6.71835e-70 0.0468885
40.66 7.19298e-69 0.033416
40.68 7.56545e-68 0.023395
40.7 7.81699e-67 0.0160905
40.72 7.93458e-66 0.0108717
40.74 7.91201e-65 0.00721608
40.76 7.7505e-64 0.00470528
40.78 7.4585e-63 0.00301404
40.8 7.05103e-62 0.00189667
40.82 6.54836e-61 0.00117251
40.84 5.97437e-60 0.00071206
40.86 5.35464e-59 0.000424813
40.88 4.71464e-58 0.000248976
40.9 4.07798e-57 0.00014335
40.92 3.46514e-56 8.10802e-05
40.94 2.89252e-55 4.50518e-05
40.96 2.37198e-54 2.45917e-05
40.98 1.91084e-53 1.3187e-05
41 1.51223e-52 6.94673e-06
41.02 1.17568e-51 3.59496e-06
41.04 8.97929e-51 1.82763e-06
41.06 6.73709e-50 9.12769e-07
41.08 4.96572e-49 4.4783e-07
41.1 3.5956e-48 2.15846e-07
41.12 2.55764e-47 1.02201e-07
41.14 1.78726e-46 4.75384e-08
41.16 1.22691e-45 2.17227e-08
41.18 8.27409e-45 9.75127e-09
41.2 5.48157e-44 4.3002e-09
41.22 3.56755e-43 1.86292e-09
41.24 2.28094e-42 7.92831e-10
41.26 1.43264e-41 3.31471e-10
41.28 8.83971e-41 1.36141e-10
41.3 5.3582e-40 5.49304e-11
41.32 3.19065e-39 2.17729e-11
41.34 1.86646e-38 8.47807e-12
41.36 1.0726e-37 3.24308e-12
41.38 6.0553e-37 1.2187e-12
41.4 3.35825e-36 4.49902e-13
41.42 1.82966e-35 1.63161e-13
41.44 9.79276e-35 5.81292e-14
41.46 5.14896e-34 2.03447e-14
41.48 2.65959e-33 6.99499e-15
41.5 1.34954e-32 2.36267e-15
41.52 6.72728e-32 7.83966e-16
41.54 3.29436e-31 2.55547e-16
41.56 1.58483e-30 8.18322e-17
41.58 7.48984e-30 2.57428e-17
41.6 3.4773e-29 7.95551e-18
41.62 1.58595e-28 2.41523e-18
41.64 7.10588e-28 7.20325e-19
41.66 3.1277e-27 2.11046e-19
41.68 1.35242e-26 6.07443e-20
41.7 5.74482e-26 1.71757e-20
41.72 2.39729e-25 4.7709e-21
41.74 9.82754e-25 1.30186e-21
41.76 3.95775e-24 3.48988e-22
41.78 1.56578e-23 9.19042e-23
41.8 6.08543e-23 2.3776e-23
41.82 2.32344e-22 6.04257e-24
41.84 8.71469e-22 1.50863e-24
41.86 3.21108e-21 3.7002e-25
41.88 1.16233e-20 8.91549e-26
41.9 4.1332e-20 2.1103e-26
41.92 1.44385e-19 4.90708e-27
41.94 4.95495e-19 1.12094e-27
41.96 1.67045e-18 2.51547e-28
41.98 5.53234e-18 5.54543e-29
42 1.79996e-17 1.20097e-29
42.02 5.753e-17 2.55509e-30
42.04 1.80637e-16 5.34023e-31
42.06 5.57183e-16 1.09646e-31
42.08 1.68837e-15 2.21159e-32
42.1 5.02594e-15 4.38225e-33
42.12 1.46976e-14 8.53037e-34
42.14 4.22235e-14 1.63124e-34
42.16 1.19163e-13 3.06441e-35
42.18 3.30376e-13 5.65531e-36
42.2 8.99816e-13 1.02528e-36
42.22 2.40757e-12 1.82604e-37
42.24 6.32823e-12 3.1949e-38
42.26 1.63405e-11 5.49139e-39
42.28 4.14503e-11 9.27229e-40
42.3 1.03293e-10 1.53805e-40
42.32 2.52866e-10 2.5063e-41
42.34 6.08122e-10 4.01214e-42
42.36 1.43671e-09 6.30953e-43
42.38 3.33448e-09 9.7476e-44
42.4 7.60267e-09 1.47937e-44
42.42 1.70288e-08 2.20565e-45
42.44 3.74696e-08 3.23054e-46
42.46 8.09943e-08 4.64828e-47
42.48 1.71992e-07 6.57036e-48
42.5 3.58792e-07 9.12357e-49
42.52 7.35285e-07 1.24457e-49
42.54 1.48029e-06 1.66784e-50
42.56 2.92765e-06 2.19567e-51
42.58 5.68813e-06 2.83962e-52
42.6 1.08567e-05 3.60772e-53
42.62 2.03567e-05 4.50281e-54
42.64 3.7497e-05 5.52095e-55
42.66 6.78522e-05 6.65003e-56
42.68 0.000120618 7.86887e-57
42.7 0.000210638 9.14703e-58
42.72 0.000361361 1.04455e-58
42.74 0.000609012 1.1718e-59
42.76 0.0010083 1.2914e-60
42.78 0.00163995 1.39812e-61
42.8 0.00262032 1.48699e-62
42.82 0.00411296 1.55364e-63
42.84 0.00634213 1.59468e-64
42.86 0.00960715 1.60796e-65
42.88 0.0142966 1.59278e-66
42.9 0.0209002 1.54994e-67
42.92 0.0300157 1.48168e-68
42.94 0.0423472 1.39147e-69
42.96 0.0586922 1.28372e-70
42.98 0.0799125 1.16345e-71
43 0.106888 1.03587e-72
43.02 0.14045 9.06024e-74
43.04 0.181299 7.78492e-75
43.06 0.229904 6.57125e-76
43.08 0.286402 5.44905e-77
43.1 0.350499 4.43888e-78
43.12 0.421382 3.55226e-79
43.14 0.497673 2.79264e-80
43.16 0.57742 2.15678e-81
43.18 0.658141 1.63634e-82
43.2 0.736928 1.21961e-83
43.22 0.810607 8.92996e-85
43.24 0.875941 6.42327e-86
43.26 0.929862 4.53881e-87
43.28 0.969708 3.1507e-88
43.3 0.993444 2.14858e-89
43.32 0.999826 1.43938e-90
43.34 0.988519 9.47278e-92
43.36 0.960118 6.12434e-93
43.38 0.916102 3.88974e-94
43.4 0.858701 2.42695e-95
43.42 0.790714 1.48758e-96
43.44 0.71528 8.95733e-98
43.46 0.635641 5.29855e-99
43.48 0.554915 3.07903e-100
43.5 0.475906 1.75772e-101
43.52 0.400954 9.85747e-103
43.54 0.331854 5.43076e-104
43.56 0.269823 2.93924e-105
43.58 0.215521 1.56274e-106
43.6 0.169114 8.16244e-108
43.62 0.130361 4.18824e-109
43.64 0.0987184 2.11117e-110
43.66 0.0734388 1.04542e-111
43.68 0.0536702 5.08559e-113
43.7 0.0385318 2.43036e-114
43.72 0.0271759 1.14098e-115
43.74 0.0188291 5.26216e-117
43.76 0.012816 2.38413e-118
43.78 0.00856952 1.06115e-119
43.8 0.0056291 4.63981e-121
43.82 0.00363246 1.99298e-122
43.84 0.00230272 8.40982e-124
43.86 0.00143404 3.48617e-125
43.88 0.000877324 1.41968e-126
43.9 0.000527277 5.67951e-128
43.92 0.000311312 2.23208e-129
43.94 0.000180565 8.61766e-131
43.96 0.000102884 3.26849e-132
43.98 5.75896e-05 1.21782e-133
44 3.16678e-05 4.4576e-135
44.02 1.71069e-05 1.60287e-136
44.04 9.07831e-06 5.66203e-138
44.06 4.73279e-06 1.96484e-139
44.08 2.42386e-06 6.69822e-141
44.1 1.21949e-06 2.24322e-142
44.12 6.02738e-07 7.38013e-144
44.14 2.92656e-07 2.38526e-145
44.16 1.39594e-07 7.5733e-147
44.18 6.54113e-08 2.36219e-148
44.2 3.01106e-08 7.23808e-150
44.22 1.36165e-08 2.17877e-151
44.24 6.04909e-09 6.44286e-153
44.26 2.63994e-09 1.87165e-154
44.28 1.13182e-09 5.34134e-156
44.3 4.76694e-10 1.49746e-157
44.32 1.97234e-10 4.12419e-159
44.34 8.01683e-11 1.11584e-160
44.36 3.20113e-11 2.96582e-162
44.38 1.25569e-11 7.74401e-164
44.4 4.83884e-12 1.9864e-165
44.42 1.8318e-12 5.00549e-167
44.44 6.81233e-13 1.2391e-168
44.46 2.48881e-13 3.01331e-170
44.48 8.93238e-14 7.19882e-172
44.5 3.14936e-14 1.6895e-173
44.52 1.09083e-14 3.89524e-175
44.54 3.71167e-15 8.82246e-177
44.56 1.24068e-15 1.96302e-178
44.58 4.07411e-16 4.29079e-180
44.6 1.31427e-16 9.21362e-182
44.62 4.16498e-17 1.94358e-183
44.64 1.29665e-17 4.02767e-185
44.66 3.96562e-18 8.19944e-187
44.68 1.19146e-18 1.63981e-188
44.7 3.51662e-19 3.22168e-190
44.72 1.01965e-19 6.218e-192
44.74 2.9044e-20 1.17896e-193
44.76 8.12719e-21 2.19596e-195
44.78 2.23411e-21 4.01819e-197
44.8 6.03319e-22 7.22296e-199
44.82 1.60055e-22 1.2755e-200
44.84 4.17129e-23 2.2127e-202
44.86 1.06795e-23 3.7709e-204
44.88 2.68603e-24 6.31317e-206
44.9 6.63665e-25 1.03831e-207
44.92 1.61089e-25 1.6776e-209
44.94 3.84118e-26 2.66273e-211
44.96 8.99789e-27 4.15189e-213
44.98 2.0706e-27 6.35981e-215
45 4.68092e-28 9.5702e-217
45.02 1.03955e-28 1.41474e-218
45.04 2.26798e-29 2.05453e-220
45.06 4.86084e-30 2.93108e-222
45.08 1.02344e-30 4.10791e-224
45.1 2.11687e-31 5.6558e-226
45.12 4.30134e-32 7.64974e-228
45.14 8.58605e-33 1.01643e-229
45.16 1.68369e-33 1.32675e-231
45.18 3.24347e-34 1.70129e-233
45.2 6.13814e-35 2.14313e-235
45.22 1.14115e-35 2.65214e-237
45.24 2.08415e-36 3.22421e-239
45.26 3.73932e-37 3.85062e-241
45.28 6.59078e-38 4.51769e-243
45.3 1.14119e-38 5.20693e-245
45.32 1.94116e-39 5.89557e-247
45.34 3.24372e-40 6.55767e-249
45.36 5.32481e-41 7.1656e-251
45.38 8.58705e-42 7.69191e-253
45.4 1.36039e-42 8.11139e-255
45.42 2.1172e-43 8.40303e-257
45.44 3.23697e-44 8.55176e-259
45.46 4.86178e-45 8.54977e-261
45.48 7.1735e-46 8.39716e-263
45.5 1.03979e-46 8.10195e-265
45.52 1.48061e-47 7.67938e-267
45.54 2.07116e-48 7.15059e-269
45.56 2.84621e-49 6.54089e-271
45.58 3.84237e-50 5.87775e-273
45.6 5.09577e-51 5.18877e-275
45.62 6.63897e-52 4.49983e-277
45.64 8.49709e-53 3.83361e-279
45.66 1.06836e-53 3.20848e-281
45.68 1.31961e-54 2.63797e-283
45.7 1.60123e-55 2.13068e-285
45.72 1.90871e-56 1.69062e-287
45.74 2.23515e-57 1.31782e-289
45.76 2.57129e-58 1.00912e-291
45.78 2.90586e-59 7.59116e-294
45.8 3.2261e-60 5.60988e-296
45.82 3.51853e-61 4.07266e-298
45.84 3.76983e-62 2.90457e-300
45.86 3.96792e-63 2.035e-302
45.88 4.10283e-64 1.40064e-304
45.9 4.16757e-65 9.47041e-307
45.92 4.15873e-66 6.29056e-309
45.94 4.07679e-67 4.10477e-311
45.96 3.92605e-68 2.63129e-313
45.98 3.71426e-69 1.65702e-315
46 3.45197e-70 1.02509e-317
46.02 3.15168e-71 6.22967e-320
46.04 2.8268e-72 3.70549e-322
46.06 2.49074e-73 0
46.08 2.15596e-74 0
46.1 1.83329e-75 0
46.12 1.53145e-76 0
46.14 1.25676e-77 0
46.16 1.01317e-78 0
46.18 8.02398e-80 0
46.2 6.24277e-81 0
46.22 4.77138e-82 0
46.24 3.58253e-83 0
46.26 2.6425e-84 0
46.28 1.91478e-85 0
46.3 1.36302e-86 0
46.32 9.53159e-88 0
46.34 6.54798e-89 0
46.36 4.41904e-90 0
46.38 2.92974e-91 0
46.4 1.90813e-92 0
46.42 1.22086e-93 0
46.44 7.6737e-95 0
46.46 4.73829e-96 0
46.48 2.87421e-97 0
46.5 1.71275e-98 0
46.52 1.00265e-99 0
46.54 5.7661e-101 0
46.56 3.25758e-102 0
46.58 1.80796e-103 0
46.6 9.85734e-105 0
46.62 5.27972e-106 0
46.64 2.77805e-107 0
46.66 1.43598e-108 0
46.68 7.29186e-110 0
46.7 3.63752e-111 0
46.72 1.7826e-112 0
46.74 8.58181e-114 0
46.76 4.05867e-115 0
46.78 1.88568e-116 0
46.8 8.60662e-118 0
46.82 3.85901e-119 0
46.84 1.6998e-120 0
46.86 7.35759e-122 0
46.88 3.68467e-123 0
46.9 1.33382e-122 0
46.92 3.07105e-121 0
46.94 7.01476e-120 0
46.96 1.57408e-118 0
46.98 3.46991e-117 0
47 7.51431e-116 0
47.02 1.5986e-114 0
47.04 3.34095e-113 0
47.06 6.85929e-112 0
47.08 1.38346e-110 0
47.1 2.74116e-109 0
47.12 5.33558e-108 0
47.14 1.02025e-106 0
47.16 1.91652e-105 0
47.18 3.53669e-104 0
47.2 6.41151e-103 0
47.22 1.14183e-101 0
47.24 1.99768e-100 0
47.26 3.43341e-99 0
47.28 5.79705e-98 0
47.3 9.61538e-97 0
47.32 1.56677e-95 0
47.34 2.50797e-94 0
47.36 3.94385e-93 0
47.38 6.09252e-92 0
47.4 9.24597e-91 0
47.42 1.37844e-89 0
47.44 2.01884e-88 0
47.46 2.90466e-87 0
47.48 4.10551e-86 0
47.5 5.70058e-85 0
47.52 7.77588e-84 0
47.54 1.04198e-82 0
47.56 1.37167e-81 0
47.58 1.77385e-80 0
47.6 2.25354e-79 0
47.62 2.8125e-78 0
47.64 3.44825e-77 0
47.66 4.15321e-76 0
47.68 4.91415e-75 0
47.7 5.71205e-74 0
47.72 6.52252e-73 0
47.74 7.31673e-72 0
47.76 8.06304e-71 0
47.78 8.7289e-70 0
47.8 9.28323e-69 0
47.82 9.6988e-68 0
47.84 9.95443e-67 0
47.86 1.00368e-65 0
47.88 9.94147e-65 0
47.9 9.67356e-64 0
47.92 9.24701e-63 0
47.94 8.68352e-62 0
47.96 8.01068e-61 0
47.98 7.25976e-60 0
48 6.46329e-59 0
48.02 5.65282e-58 0
48.04 4.85686e-57 0
48.06 4.09944e-56 0
48.08 3.39918e-55 0
48.1 2.76886e-54 0
48.12 2.21569e-53 0
48.14 1.74179e-52 0
48.16 1.34512e-51 0
48.18 1.02048e-50 0
48.2 7.60553e-50 0
48.22 5.56843e-49 0
48.24 4.00512e-48 0
48.26 2.82994e-47 0
48.28 1.96434e-46 0
48.3 1.33948e-45 0
48.32 8.97299e-45 0
48.34 5.90494e-44 0
48.36 3.81745e-43 0
48.38 2.42443e-42 0
48.4 1.51261e-41 0
48.42 9.27089e-41 0
48.44 5.58208e-40 0
48.46 3.30179e-39 0
48.48 1.91859e-38 0
48.5 1.0952e-37 0
48.52 6.14167e-37 0
48.54 3.38343e-36 0
48.56 1.83108e-35 0
48.58 9.73499e-35 0
48.6 5.08445e-34 0
48.62 2.60874e-33 0
48.64 1.31492e-32 0
48.66 6.51094e-32 0
48.68 3.16715e-31 0
48.7 1.51347e-30 0
48.72 7.10487e-30 0
48.74 3.27657e-29 0
48.76 1.48443e-28 0
48.78 6.60666e-28 0
48.8 2.88857e-27 0
48.82 1.24069e-26 0
48.84 5.23504e-26 0
48.86 2.16999e-25 0
48.88 8.8364e-25 0
48.9 3.53486e-24 0
48.92 1.38914e-23 0
48.94 5.36293e-23 0
48.96 2.03393e-22 0
48.98 7.5779e-22 0
49 2.77359e-21 0
49.02 9.97271e-21 0
49.04 3.5226e-20 0
49.06 1.22235e-19 0
49.08 4.1668e-19 0
49.1 1.39538e-18 0
49.12 4.59049e-18 0
49.14 1.48356e-17 0
49.16 4.71012e-17 0
49.18 1.46905e-16 0
49.2 4.50113e-16 0
49.22 1.35483e-15 0
49.24 4.00616e-15 0
49.26 1.16373e-14 0
49.28 3.32087e-14 0
49.3 9.30963e-14 0
49.32 2.56385e-13 0
49.34 6.93635e-13 0
49.36 1.84353e-12 0
49.38 4.81334e-12 0
49.4 1.23459e-11 0
49.42 3.11085e-11 0
49.44 7.70041e-11 0
49.46 1.87253e-10 0
49.48 4.47323e-10 0
49.5 1.04977e-09 0
49.52 2.42017e-09 0
49.54 5.48121e-09 0
49.56 1.21951e-08 0
49.58 2.66549e-08 0
49.6 5.72328e-08 0
49.62 1.20724e-07 0
49.64 2.50161e-07 0
49.66 5.09245e-07 0
49.68 1.01838e-06 0
49.7 2.00068e-06 0
49.72 3.86118e-06 0
49.74 7.32055e-06 0
49.76 1.36347e-05 0
49.78 2.49475e-05 0
49.8 4.48423e-05 0
49.82 7.91823e-05 0
49.84 0.000137356 0
49.86 0.00023407 0
49.88 0.000391853 0
49.9 0.000644436 0
49.92 0.00104116 0
49.94 0.00165246 0
49.96 0.00257647 0
49.98 0.00394638 0
50 0.00593816 0
50.02 0.00877777 0
50.04 0.0127466 0
50.06 0.0181839 0
50.08 0.0254833 0
50.1 0.0350836 0
50.12 0.0474496 0
50.14 0.0630434 0
50.16 0.0822861 0
50.18 0.10551 0
50.2 0.132904 0
50.22 0.16446 0
50.24 0.199924 0
50.26 0.238752 0
50.28 0.280097 0
50.3 0.322812 0
50.32 0.365485 0
50.34 0.406508 0
50.36 0.444169 0
50.38 0.476767 0
50.4 0.502739 0
50.42 0.520786 0
50.44 0.529974 0
50.46 0.529821 0
50.48 0.520335 0
50.5 0.502014 0
50.52 0.475804 0
50.54 0.443016 0
50.56 0.40522 0
50.58 0.364117 0
50.6 0.321418 0
50.62 0.278726 0
50.64 0.237446 0
50.66 0.198716 0
50.68 0.163372 0
50.7 0.131948 0
50.72 0.104691 0
50.74 0.0816002 0
50.76 0.0624819 0
50.78 0.0469998 0
50.8 0.034731 0
50.82 0.0252126 0
50.84 0.0179803 0
50.86 0.0125967 0
50.88 0.0086695 0
50.9 0.00586154 0
50.92 0.00389321 0
50.94 0.00254029 0
50.96 0.00162832 0
50.98 0.00102535 0
51 0.000634287 0
51.02 0.000385459 0
51.04 0.000230118 0
51.06 0.000134959 0
51.08 7.77555e-05 0
51.1 4.40089e-05 0
51.12 2.44697e-05 0
51.14 1.33659e-05 0
51.16 7.17206e-06 0
51.18 3.78068e-06 0
51.2 1.95783e-06 0
51.22 9.96001e-07 0
51.24 4.97764e-07 0
51.26 2.44381e-07 0
51.28 1.17866e-07 0
51.3 5.58458e-08 0
51.32 2.59939e-08 0
51.34 1.18859e-08 0
51.36 5.33912e-09 0
51.38 2.35607e-09 0
51.4 1.02138e-09 0
51.42 4.34973e-10 0
51.44 1.81978e-10 0
51.46 7.47917e-11 0
51.48 3.01973e-11 0
51.5 1.19774e-11 0
51.52 4.66696e-12 0
51.54 1.78643e-12 0
51.56 6.71765e-13 0
51.58 2.48158e-13 0
51.6 9.00569e-14 0
51.62 3.2106e-14 0
51.64 1.12443e-14 0
51.66 3.86866e-15 0
51.68 1.30758e-15 0
51.7 4.34163e-16 0
51.72 1.41618e-16 0
51.74 4.53797e-17 0
51.76 1.42852e-17 0
51.78 4.41761e-18 0
51.8 1.34205e-18 0
51.82 4.00526e-19 0
51.84 1.17428e-19 0
51.86 3.38212e-20 0
51.88 9.56947e-21 0
51.9 2.6599e-21 0
51.92 7.26311e-22 0
51.94 1.94831e-22 0
51.96 5.13422e-23 0
51.98 1.32913e-23 0
52 3.3802e-24 0
52.02 8.44492e-25 0
52.04 2.07266e-25 0
52.06 4.99734e-26 0
52.08 1.18367e-26 0
52.1 2.75423e-27 0
52.12 6.29576e-28 0
52.14 1.41376e-28 0
52.16 3.11878e-29 0
52.18 6.75882e-30 0
52.2 1.43892e-30 0
52.22 3.00941e-31 0
52.24 6.1831e-32 0
52.26 1.24799e-32 0
52.28 2.47453e-33 0
52.3 4.82008e-34 0
52.32 9.22349e-35 0
52.34 1.73387e-35 0
52.36 3.20195e-36 0
52.38 5.8089e-37 0
52.4 1.03527e-37 0
52.42 1.81255e-38 0
52.44 3.11749e-39 0
52.46 5.26745e-40 0
52.48 8.7433e-41 4.94066e-324
52.5 1.4257e-41 8.59674e-322
52.52 2.28382e-42 1.4278e-319
52.54 3.59398e-43 2.33013e-317
52.56 5.55606e-44 3.73576e-315
52.58 8.43796e-45 5.88378e-313
52.6 1.25889e-45 9.1036e-311
52.62 1.84509e-46 1.38372e-308
52.64 2.65659e-47 2.06616e-306
52.66 3.75762e-48 3.03081e-304
52.68 5.22131e-49 4.3675e-302
52.7 7.12731e-50 6.1828e-300
52.72 9.55765e-51 8.5984e-298
52.74 1.25909e-51 1.1747e-295
52.76 1.62944e-52 1.57659e-293
52.78 2.07158e-53 2.07869e-291
52.8 2.58729e-54 2.69239e-289
52.82 3.17443e-55 3.42583e-287
52.84 3.82619e-56 4.28226e-285
52.86 4.5305e-57 5.25847e-283
52.88 5.26993e-58 6.34345e-281
52.9 6.02203e-59 7.51745e-279
52.92 6.76022e-60 8.75174e-277
52.94 7.45516e-61 1.00092e-274
52.96 8.07668e-62 1.12455e-272
52.98 8.59583e-63 1.2412e-270
53 8.98716e-64 1.34581e-268
53.02 9.23072e-65 1.43352e-266
53.04 9.31383e-66 1.50004e-264
53.06 9.23209e-67 1.54199e-262
53.08 8.98982e-68 1.55718e-260
53.1 8.59966e-69 1.54481e-258
53.12 8.08148e-70 1.50554e-256
53.14 7.4607e-71 1.44141e-254
53.16 6.76624e-72 1.3557e-252
53.18 6.0283e-73 1.25261e-250
53.2 5.2762e-74 1.13697e-248
53.22 4.53656e-75 1.01382e-246
53.24 3.83187e-76 8.88082e-245
53.26 3.17962e-77 7.64229e-243
53.28 2.5919e-78 6.46061e-241
53.3 2.07559e-79 5.36541e-239
53.32 1.63283e-80 4.37735e-237
53.34 1.26189e-81 3.50832e-235
53.36 9.58039e-83 2.76227e-233
53.38 7.14533e-84 2.13654e-231
53.4 5.23529e-85 1.62344e-229
53.42 3.76824e-86 1.21183e-227
53.44 2.6645e-87 8.88637e-226
53.46 1.85085e-88 6.40158e-224
53.48 1.26301e-89 4.53032e-222
53.5 8.46683e-91 3.14956e-220
53.52 5.57589e-92 2.15105e-218
53.54 3.60734e-93 1.44321e-216
53.56 2.29266e-94 9.51238e-215
53.58 1.43143e-95 6.15924e-213
53.6 8.77973e-97 3.91782e-211
53.62 5.29018e-98 2.44817e-209
53.64 3.13141e-99 1.50285e-207
53.66 1.82091e-100 9.06299e-206
53.68 1.0402e-101 5.36915e-204
53.7 5.83743e-103 3.12478e-202
53.72 3.21816e-104 1.78653e-200
53.74 1.7429e-105 1.00342e-198
53.76 9.27292e-107 5.53648e-197
53.78 4.84663e-108 3.00099e-195
53.8 2.48853e-109 1.59799e-193
53.82 1.25523e-110 8.35915e-192
53.84 6.21993e-112 4.29566e-190
53.86 3.02779e-113 2.16859e-188
53.88 1.44792e-114 1.07548e-186
53.9 6.80211e-116 5.23972e-185
53.92 3.13922e-117 2.5078e-183
53.94 1.42324e-118 1.17912e-181
53.96 6.33891e-120 5.44628e-180
53.98 2.77351e-121 2.47128e-178
54 1.19213e-122 1.1016e-176
54.02 5.03383e-124 4.82397e-175
54.04 2.0881e-125 2.07522e-173
54.06 8.50911e-127 8.77007e-172
54.08 3.4064e-128 3.64101e-170
54.1 1.33964e-129 1.48497e-168
54.12 5.17555e-131 5.94971e-167
54.14 1.96429e-132 2.34181e-165
54.16 7.32376e-134 9.05496e-164
54.18 2.68251e-135 3.43954e-162
54.2 9.65224e-137 1.2835e-160
54.22 3.41188e-138 4.70508e-159
54.24 1.18478e-139 1.69441e-157
54.26 4.0417e-141 5.99446e-156
54.28 1.35446e-142 2.08334e-154
54.3 4.45913e-144 7.11296e-153
54.32 1.44216e-145 2.38572e-151
54.34 4.58198e-147 7.8608e-150
54.36 1.43013e-148 2.54445e-148
54.38 4.38504e-150 8.09097e-147
54.4 1.32085e-151 2.52747e-145
54.42 3.9085e-153 7.75624e-144
54.44 1.13618e-154 2.33827e-142
54.46 3.24462e-156 6.92498e-141
54.48 9.10249e-158 2.01475e-139
54.5 2.50862e-159 5.75841e-138
54.52 6.79187e-161 1.61683e-136
54.54 1.80644e-162 4.45968e-135
54.56 4.71992e-164 1.20843e-133
54.58 1.21151e-165 3.21678e-132
54.6 3.0549e-167 8.41199e-131
54.62 7.56742e-169 2.16101e-129
54.64 1.84152e-170 5.45371e-128
54.66 4.40236e-172 1.3521e-126
54.68 1.03389e-173 3.29308e-125
54.7 2.38529e-175 7.87908e-124
54.72 5.40613e-177 1.85195e-122
54.74 1.20368e-178 4.27623e-121
54.76 2.63279e-180 9.70001e-120
54.78 5.65719e-182 2.16154e-118
54.8 1.19416e-183 4.73187e-117
54.82 2.47632e-185 1.01761e-115
54.84 5.04461e-187 2.14986e-114
54.86 1.00955e-188 4.46187e-113
54.88 1.98476e-190 9.09712e-112
54.9 3.83325e-192 1.82209e-110
54.92 7.27286e-194 3.58521e-109
54.94 1.35557e-195 6.93009e-108
54.96 2.4821e-197 1.31596e-106
54.98 4.46473e-199 2.45485e-105
55 7.88952e-201 4.4987e-104
55.02 1.36957e-202 8.09894e-103
55.04 2.3356e-204 1.43235e-101
55.06 3.91283e-206 2.48856e-100
55.08 6.43967e-208 4.24743e-99
55.1 1.04115e-209 7.12172e-98
55.12 1.65366e-211 1.17306e-96
55.14 2.58021e-213 1.89818e-95
55.16 3.95497e-215 3.01741e-94
55.18 5.95541e-217 4.71204e-93
55.2 8.80965e-219 7.22874e-92
55.22 1.28022e-220 1.08942e-90
55.24 1.82764e-222 1.6129e-89
55.26 2.56316e-224 2.34585e-88
55.28 3.53134e-226 3.35174e-87
55.3 4.77951e-228 4.70458e-86
55.32 6.35485e-230 6.48709e-85
55.34 8.30056e-232 8.78736e-84
55.36 1.06509e-233 1.16935e-82
55.38 1.3426e-235 1.52867e-81
55.4 1.6626e-237 1.96317e-80
55.42 2.02258e-239 2.47676e-79
55.44 2.41715e-241 3.06965e-78
55.46 2.83779e-243 3.73742e-77
55.48 3.27293e-245 4.47029e-76
55.5 3.70828e-247 5.25264e-75
55.52 4.1275e-249 6.06316e-74
55.54 4.51316e-251 6.87542e-73
55.56 4.8479e-253 7.65912e-72
55.58 5.11571e-255 8.38181e-71
55.6 5.30319e-257 9.01107e-70
55.62 5.40067e-259 9.51686e-69
55.64 5.40303e-261 9.87393e-68
55.66 5.31015e-263 1.00639e-66
55.68 5.1269e-265 1.00768e-65
55.7 4.86276e-267 9.91186e-65
55.72 4.53095e-269 9.57786e-64
55.74 4.14739e-271 9.09204e-63
55.76 3.72941e-273 8.47878e-62
55.78 3.29446e-275 7.76755e-61
55.8 2.85896e-277 6.9906e-60
55.82 2.43731e-279 6.1805e-59
55.84 2.04123e-281 5.368e-58
55.86 1.6794e-283 4.58016e-57
55.88 1.35736e-285 3.83908e-56
55.9 1.07774e-287 3.16121e-55
55.92 8.40645e-290 2.55717e-54
55.94 6.44155e-292 2.0321e-53
55.96 4.84895e-294 1.58638e-52
55.98 3.58578e-296 1.21661e-51
56 2.60495e-298 9.16587e-51
56.02 1.85906e-300 6.78383e-50
56.04 1.30337e-302 4.93237e-49
56.06 8.9768e-305 3.52303e-48
56.08 6.07371e-307 2.47204e-47
56.1 4.03706e-309 1.70402e-46
56.12 2.63607e-311 1.15391e-45
56.14 1.69093e-313 7.67623e-45
56.16 1.06556e-315 5.01654e-44
56.18 6.59636e-318 3.22062e-43
56.2 4.01181e-320 2.0312e-42
56.22 2.37152e-322 1.25848e-41
56.24 4.94066e-324 7.65985e-41
56.26 0 4.58007e-40
56.28 0 2.69032e-39
56.3 0 1.55244e-38
56.32 0 8.80043e-38
56.34 0 4.90086e-37
56.36 0 2.68115e-36
56.38 0 1.44095e-35
56.4 0 7.60772e-35
56.42 0 3.94585e-34
56.44 0 2.01051e-33
56.46 0 1.00635e-32
56.48 0 4.94849e-32
56.5 0 2.39043e-31
56.52 0 1.13438e-30
56.54 0 5.28833e-30
56.56 0 2.42191e-29
56.58 0 1.08963e-28
56.6 0 4.81589e-28
56.62 0 2.091e-27
56.64 0 8.9189e-27
56.66 0 3.73721e-26
56.68 0 1.53838e-25
56.7 0 6.22097e-25
56.72 0 2.47134e-24
56.74 0 9.64461e-24
56.76 0 3.69758e-23
56.78 0 1.39261e-22
56.8 0 5.15252e-22
56.82 0 1.87279e-21
56.84 0 6.68711e-21
56.86 0 2.34567e-20
56.88 0 8.08303e-20
56.9 0 2.73628e-19
56.92 0 9.0997e-19
56.94 0 2.97285e-18
56.96 0 9.54106e-18
56.98 0 3.00816e-17
57 0 9.31715e-17
57.02 0 2.83495e-16
57.04 0 8.47396e-16
57.06 0 2.48832e-15
57.08 0 7.17805e-15
57.1 0 2.03416e-14
57.12 0 5.66296e-14
57.14 0 1.54875e-13
57.16 0 4.161e-13
57.18 0 1.09823e-12
57.2 0 2.84753e-12
57.22 0 7.25307e-12
57.24 0 1.81491e-11
57.26 0 4.46137e-11
57.28 0 1.07736e-10
57.3 0 2.55582e-10
57.32 0 5.95636e-10
57.34 0 1.36367e-09
57.36 0 3.06703e-09
57.38 0 6.77652e-09
57.4 0 1.47087e-08
57.42 0 3.13631e-08
57.44 0 6.56969e-08
57.46 0 1.35192e-07
57.48 0 2.73296e-07
57.5 0 5.42746e-07
57.52 0 1.05886e-06
57.54 0 2.02937e-06
57.56 0 3.82086e-06
57.58 0 7.06709e-06
57.6 0 1.2841e-05
57.62 0 2.29212e-05
57.64 0 4.01935e-05
57.66 0 6.92393e-05
57.68 0 0.000117173
57.7 0 0.000194798
57.72 0 0.00031814
57.74 0 0.000510424
57.76 0 0.000804497
57.78 0 0.00124565
57.8 0 0.00189473
57.82 0 0.00283125
57.84 0 0.00415611
57.86 0 0.00599344
57.88 0 0.00849071
57.9 0 0.0118166
57.92 0 0.0161554
57.94 0 0.0216982
57.96 0 0.0286291
57.98 0 0.0371084
58 0 0.0472515
58.02 0 0.0591069
58.04 0 0.072634
58.06 0 0.0876841
58.08 0 0.103987
58.1 0 0.121149
58.12 0 0.138656
58.14 0 0.155897
58.16 0 0.172192
58.18 0 0.18684
58.2 0 0.199161
58.22 0 0.208555
58.24 0 0.214543
58.26 0 0.216814
58.28 0 0.215248
58.3 0 0.209928
58.32 0 0.201132
58.34 0 0.189309
58.36 0 0.175041
58.38 0 0.158997
58.4 0 0.141878
58.42 0 0.124372
58.44 0 0.107105
58.46 0 0.0906093
58.48 0 0.0753039
58.5 0 0.061481
58.52 0 0.049311
58.54 0 0.0388531
58.56 0 0.0300737
58.58 0 0.0228679
58.6 0 0.0170823
58.62 0 0.0125356
58.64 0 0.00903698
58.66 0 0.0064
58.68 0 0.00445263
58.7 0 0.00304321
58.72 0 0.00204328
58.74 0 0.00134772
58.76 0 0.000873282
58.78 0 0.000555887
58.8 0 0.000347615
58.82 0 0.000213545
58.84 0 0.000128872
58.86 0 7.64027e-05
58.88 0 4.44977e-05
58.9 0 2.54592e-05
58.92 0 1.43097e-05
58.94 0 7.90129e-06
58.96 0 4.28591e-06
58.98 0 2.28385e-06
59 0 1.19556e-06
59.02 0 6.14829e-07
59.04 0 3.10611e-07
59.06 0 1.54155e-07
59.08 0 7.51586e-08
59.1 0 3.5998e-08
59.12 0 1.69378e-08
59.14 0 7.82916e-09
59.16 0 3.55511e-09
59.18 0 1.58588e-09
59.2 0 6.94969e-10
59.22 0 2.99185e-10
59.24 0 1.2653e-10
59.26 0 5.25688e-11
59.28 0 2.14556e-11
59.3 0 8.60266e-12
59.32 0 3.38847e-12
59.34 0 1.31115e-12
59.36 0 4.98406e-13
59.38 0 1.8612e-13
59.4 0 6.82779e-14
59.42 0 2.46064e-14
59.44 0 8.71151e-15
59.46 0 3.02984e-15
59.48 0 1.0352e-15
59.5 0 3.47462e-16
59.52 0 1.1457e-16
59.54 0 3.71119e-17
59.56 0 1.18096e-17
59.58 0 3.69178e-18
59.6 0 1.13375e-18
59.62 0 3.42039e-19
59.64 0 1.01371e-19
59.66 0 2.95142e-20
59.68 0 8.44166e-21
59.7 0 2.37194e-21
59.72 0 6.54726e-22
59.74 0 1.77539e-22
59.76 0 4.72942e-23
59.78 0 1.23766e-23
59.8 0 3.1818e-24
59.82 0 8.0357e-25
59.84 0 1.99367e-25
59.86 0 4.85919e-26
59.88 0 1.16346e-26
59.9 0 2.73666e-27
59.92 0 6.32366e-28
59.94 0 1.43547e-28
59.96 0 3.20111e-29
59.98 0 7.01271e-30
60 0 1.50921e-30
60.02 0 3.19075e-31
60.04 0 6.62699e-32
60.06 0 1.35213e-32
60.08 0 2.71018e-33
60.1 0 5.33653e-34
60.12 0 1.03228e-34
60.14 0 1.96163e-35
60.16 0 3.66197e-36
60.18 0 6.71571e-37
60.2 0 1.2099e-37
60.22 0 2.14133e-38
60.24 0 3.72305e-39
60.26 0 6.35906e-40
60.28 0 1.067e-40
60.3 0 1.75881e-41
60.32 0 2.84806e-42
60.34 0 4.53065e-43
60.36 0 7.08028e-44
60.38 0 1.08698e-44
60.4 0 1.63934e-45
60.42 0 2.42882e-46
60.44 0 3.53511e-47
60.46 0 5.05462e-48
60.48 0 7.09992e-49
60.5 0 9.79711e-50
60.52 0 1.32807e-50
60.54 0 1.76858e-51
60.56 0 2.3137e-52
60.58 0 2.9735e-53
60.6 0 3.75412e-54
60.62 0 4.65616e-55
60.64 0 5.67318e-56
60.66 0 6.79055e-57
60.68 0 7.98477e-58
60.7 0 9.22356e-59
60.72 0 1.04668e-59
60.74 0 1.16684e-60
60.76 0 1.27786e-61
60.78 0 1.37479e-62
60.8 0 1.45301e-63
60.82 0 1.50863e-64
60.84 0 1.53877e-65
60.86 0 1.54185e-66
60.88 0 1.51772e-67
60.9 0 1.46764e-68
60.92 0 1.39421e-69
60.94 0 1.30111e-70
60.96 0 1.19284e-71
60.98 0 1.0743e-72
61 0 9.50499e-74
61.02 0 8.26144e-75
61.04 0 7.05405e-76
61.06 0 5.91699e-77
61.08 0 4.87576e-78
61.1 0 3.94696e-79
61.12 0 3.1388e-80
61.14 0 2.45212e-81
61.16 0 1.88192e-82
61.18 0 1.41886e-83
61.2 0 1.05088e-84
61.22 0 7.64629e-86
61.24 0 5.46545e-87
61.26 0 3.83778e-88
61.28 0 2.64737e-89
61.3 0 1.79402e-90
61.32 0 1.19431e-91
61.34 0 7.8107e-93
61.36 0 5.01811e-94
61.38 0 3.16716e-95
61.4 0 1.96372e-96
61.42 0 1.1961e-97
61.44 0 7.15705e-99
61.46 0 4.20708e-100
61.48 0 2.42944e-101
61.5 0 1.3782e-102
61.52 0 7.6806e-104
61.54 0 4.20493e-105
61.56 0 2.26152e-106
61.58 0 1.19488e-107
61.6 0 6.20189e-109
61.62 0 3.16231e-110
61.64 0 1.58403e-111
61.66 0 7.79474e-113
61.68 0 3.76808e-114
61.7 0 1.78944e-115
61.72 0 8.3482e-117
61.74 0 3.82603e-118
61.76 0 1.72259e-119
61.78 0 7.61898e-121
61.8 0 3.31047e-122
61.82 0 1.41306e-123
61.84 0 5.92534e-125
61.86 0 2.44087e-126
61.88 0 9.87765e-128
61.9 0 3.92684e-129
61.92 0 1.5336e-130
61.94 0 5.88381e-132
61.96 0 2.21761e-133
61.98 0 8.21091e-135
62 0 2.9866e-136
62.02 0 1.06719e-137
62.04 0 3.74614e-139
62.06 0 1.29183e-140
62.08 0 4.37632e-142
62.1 0 1.45643e-143
62.12 0 4.76157e-145
62.14 0 1.52929e-146
62.16 0 4.82513e-148
62.18 0 1.49557e-149
62.2 0 4.55391e-151
62.22 0 1.3622e-152
62.24 0 4.00291e-154
62.26 0 1.15556e-155
62.28 0 3.27707e-157
62.3 0 9.12974e-159
62.32 0 2.49868e-160
62.34 0 6.71804e-162
62.36 0 1.77441e-163
62.38 0 4.60409e-165
62.4 0 1.17358e-166
62.42 0 2.93874e-168
62.44 0 7.22918e-170
62.46 0 1.74701e-171
62.48 0 4.14746e-173
62.5 0 9.67269e-175
62.52 0 2.21611e-176
62.54 0 4.98788e-178
62.56 0 1.10286e-179
62.58 0 2.39553e-181
62.6 0 5.11166e-183
62.62 0 1.07153e-184
62.64 0 2.2066e-186
62.66 0 4.46397e-188
62.68 0 8.87156e-190
62.7 0 1.73204e-191
62.72 0 3.32196e-193
62.74 0 6.25907e-195
62.76 0 1.15852e-196
62.78 0 2.10659e-198
62.8 0 3.76299e-200
62.82 0 6.60337e-202
62.84 0 1.13835e-203
62.86 0 1.92783e-205
62.88 0 3.20729e-207
62.9 0 5.2419e-209
62.92 0 8.41622e-211
62.94 0 1.32747e-212
62.96 0 2.0569e-214
62.98 0 3.13097e-216
63 0 4.68192e-218
63.02 0 6.87779e-220
63.04 0 9.92551e-222
63.06 0 1.40714e-223
63.08 0 1.95974e-225
63.1 0 2.68127e-227
63.12 0 3.6038e-229
63.14 0 4.7584e-231
63.16 0 6.1722e-233
63.18 0 7.865e-235
63.2 0 9.84547e-237
63.22 0 1.21075e-238
63.24 0 1.46268e-240
63.26 0 1.7359e-242
63.28 0 2.02385e-244
63.3 0 2.318e-246
63.32 0 2.60811e-248
63.34 0 2.88282e-250
63.36 0 3.13032e-252
63.38 0 3.33918e-254
63.4 0 3.49921e-256
63.42 0 3.60229e-258
63.44 0 3.64306e-260
63.46 0 3.61938e-262
63.48 0 3.53249e-264
63.5 0 3.38693e-266
63.52 0 3.19015e-268
63.54 0 2.95186e-270
63.56 0 2.68324e-272
63.58 0 2.39608e-274
63.6 0 2.10196e-276
63.62 0 1.81144e-278
63.64 0 1.53358e-280
63.66 0 1.27545e-282
63.68 0 1.04209e-284
63.7 0 8.36414e-287
63.72 0 6.59505e-289
63.74 0 5.10852e-291
63.76 0 3.88732e-293
63.78 0 2.90593e-295
63.8 0 2.13402e-297
63.82 0 1.53954e-299
63.84 0 1.0911e-301
63.86 0 7.59654e-304
63.88 0 5.19573e-306
63.9 0 3.49106e-308
63.92 0 2.30434e-310
63.94 0 1.49422e-312
63.96 0 9.51836e-315
63.98 0 5.95647e-317
64 0 3.66182e-319
64.02 0 2.21341e-321
64.04 0 1.4822e-323
64.06 0 0
64.08 0 0
64.1 0 0
64.12 0 0
64.14 0 0
64.16 0 0
64.18 0 0
64.2 0 0
64.22 0 0
64.24 0 0
64.26 0 0
64.28 0 0
64.3 0 0
64.32 0 0
64.34 0 0
64.36 0 0
64.38 0 0
64.4 0 0
64.42 0 0
64.44 0 0
64.46 0 0
64.48 0 0
64.5 0 0
64.52 0 0
64.54 0 0
64.56 0 0
64.58 0 0
64.6 0 0
64.62 0 0
64.64 0 0
64.66 0 0
64.68 0 0
64.7 0 0
64.72 0 0
64.74 0 0
64.76 0 0
64.78 0 0
64.8 0 0
64.82 0 0
64.84 0 0
64.86 0 0
64.88 0 0
64.9 0 0
64.92 0 0
64.94 0 0
64.96 0 0
64.98 0 0
65 0 0
65.02 0 0
65.04 0 0
65.06 0 0
65.08 0 0
65.1 0 0
65.12 0 0
65.14 0 0
65.16 0 0
65.18 0 0
65.2 0 0
65.22 0 0
65.24 0 0
65.26 0 0
65.28 0 0
65.3 0 0
65.32 0 0
65.34 0 0
65.36 0 0
65.38 0 0
65.4 0 0
65.42 0 0
65.44 0 0
65.46 0 0
65.48 0 0
65.5 0 0
65.52 0 0
65.54 0 0
65.56 0 0
65.58 0 0
65.6 0 0
65.62 0 0
65.64 0 0
65.66 0 0
65.68 0 0
65.7 0 0
65.72 0 0
65.74 0 0
65.76 0 0
65.78 0 0
65.8 0 0
65.82 0 0
65.84 0 0
65.86 0 0
65.88 0 0
65.9 0 0
65.92 0 0
65.94 0 0
65.96 0 0
65.98 0 0
66 0 0
66.02 0 0
66.04 0 0
66.06 0 0
66.08 0 0
66.1 0 0
66.12 0 0
66.14 0 0
66.16 0 0
66.18 0 0
66.2 0 0
66.22 0 0
66.24 0 0
66.26 0 0
66.28 0 0
66.3 0 0
66.32 0 0
66.34 0 0
66.36 0 0
66.38 0 0
66.4 0 0
66.42 0 0
66.44 0 0
66.46 0 0
66.48 0 0
66.5 0 0
66.52 0 0
66.54 0 0
66.56 0 0
66.58 0 0
66.6 0 0
66.62 0 0
66.64 0 0
66.66 0 0
66.68 0 0
66.7 0 0
66.72 0 0
66.74 0 0
66.76 0 0
66.78 0 0
66.8 0 0
66.82 0 0
66.84 0 0
66.86 0 0
66.88 0 0
66.9 0 0
66.92 0 0
66.94 0 0
66.96 0 0
66.98 0 0
67 0 0
67.02 0 0
67.04 0 0
67.06 0 0
67.08 0 0
67.1 0 0
67.12 0 0
67.14 0 0
67.16 0 0
67.18 0 0
67.2 0 0
67.22 0 0
67.24 0 0
67.26 0 0
67.28 0 0
67.3 0 0
67.32 0 0
67.34 0 0
67.36 0 0
67.38 0 0
67.4 0 0
67.42 0 2.96439e-323
67.44 0 5.00488e-321
67.46 0 8.29269e-319
67.48 0 1.34932e-316
67.5 0 2.15682e-314
67.52 0 3.38683e-312
67.54 0 5.22459e-310
67.56 0 7.91753e-308
67.58 0 1.17871e-305
67.6 0 1.72386e-303
67.62 0 2.47672e-301
67.64 0 3.49568e-299
67.66 0 4.84692e-297
67.68 0 6.60205e-295
67.7 0 8.83427e-293
67.72 0 1.16129e-290
67.74 0 1.49966e-288
67.76 0 1.90249e-286
67.78 0 2.371e-284
67.8 0 2.90281e-282
67.82 0 3.49129e-280
67.84 0 4.12508e-278
67.86 0 4.78805e-276
67.88 0 5.45963e-274
67.9 0 6.11572e-272
67.92 0 6.72993e-270
67.94 0 7.27534e-268
67.96 0 7.72636e-266
67.98 0 8.06076e-264
68 0 8.26145e-262
68.02 0 8.31793e-260
68.04 0 8.22724e-258
68.06 0 7.99414e-256
68.08 0 7.63078e-254
68.1 0 7.15558e-252
68.12 0 6.59175e-250
68.14 0 5.96534e-248
68.16 0 5.30333e-246
68.18 0 4.63172e-244
68.2 0 3.97388e-242
68.22 0 3.34939e-240
68.24 0 2.7733e-238
68.26 0 2.25583e-236
68.28 0 1.80258e-234
68.3 0 1.41502e-232
68.32 0 1.09122e-230
68.34 0 8.26681e-229
68.36 5.2865e-322 6.15239e-227
68.38 8.83636e-320 4.4981e-225
68.4 1.44831e-317 3.23068e-223
68.42 2.33198e-315 2.27949e-221
68.44 3.68864e-313 1.58001e-219
68.46 5.73175e-311 1.07587e-217
68.48 8.74959e-309 7.19686e-216
68.5 1.3121e-306 4.72937e-214
68.52 1.93297e-304 3.05311e-212
68.54 2.79746e-302 1.93625e-210
68.56 3.97723e-300 1.20631e-208
68.58 5.55491e-298 7.38307e-207
68.6 7.62171e-296 4.43909e-205
68.62 1.02732e-293 2.62198e-203
68.64 1.36032e-291 1.5214e-201
68.66 1.76951e-289 8.67238e-200
68.68 2.26124e-287 4.85637e-198
68.7 2.83869e-285 2.67155e-196
68.72 3.50081e-283 1.44376e-194
68.74 4.24129e-281 7.6649e-193
68.76 5.04786e-279 3.99757e-191
68.78 5.90196e-277 2.04817e-189
68.8 6.77897e-275 1.0309e-187
68.82 7.6491e-273 5.09732e-186
68.84 8.47884e-271 2.47599e-184
68.86 9.23297e-269 1.1815e-182
68.88 9.87702e-267 5.53861e-181
68.9 1.03798e-264 2.55062e-179
68.92 1.0716e-262 1.1539e-177
68.94 1.08681e-260 5.12828e-176
68.96 1.08282e-258 2.239e-174
68.98 1.05983e-256 9.60319e-173
69 1.01905e-254 4.04628e-171
69.02 9.62575e-253 1.67485e-169
69.04 8.93208e-251 6.81044e-168
69.06 8.14235e-249 2.72053e-166
69.08 7.29166e-247 1.06761e-164
69.1 6.41478e-245 4.11574e-163
69.12 5.54392e-243 1.5587e-161
69.14 4.70686e-241 5.79907e-160
69.16 3.92576e-239 2.1195e-158
69.18 3.2166e-237 7.61003e-157
69.2 2.5891e-235 2.68423e-155
69.22 2.04729e-233 9.30103e-154
69.24 1.59034e-231 3.16608e-152
69.26 1.21361e-229 1.05875e-150
69.28 9.09803e-228 3.4781e-149
69.3 6.70032e-226 1.12246e-147
69.32 4.84755e-224 3.5586e-146
69.34 3.44531e-222 1.10832e-144
69.36 2.40555e-220 3.39104e-143
69.38 1.64998e-218 1.01924e-141
69.4 1.11179e-216 3.00956e-140
69.42 7.35945e-215 8.72985e-139
69.44 4.78572e-213 2.48765e-137
69.46 3.05724e-211 6.9639e-136
69.48 1.91862e-209 1.91511e-134
69.5 1.18285e-207 5.17386e-133
69.52 7.16389e-206 1.37314e-131
69.54 4.26233e-204 3.58009e-130
69.56 2.49129e-202 9.16965e-129
69.58 1.43048e-200 2.30723e-127
69.6 8.06895e-199 5.70305e-126
69.62 4.47129e-197 1.38485e-124
69.64 2.43403e-195 3.30354e-123
69.66 1.30167e-193 7.74165e-122
69.68 6.83838e-192 1.78224e-120
69.7 3.52927e-190 4.0307e-119
69.72 1.78935e-188 8.95514e-118
69.74 8.91223e-187 1.95454e-116
69.76 4.3607e-185 4.19077e-115
69.78 2.09607e-183 8.82722e-114
69.8 9.89767e-182 1.82656e-112
69.82 4.59135e-180 3.71297e-111
69.84 2.09231e-178 7.41462e-110
69.86 9.36682e-177 1.45457e-108
69.88 4.11943e-175 2.80325e-107
69.9 1.77976e-173 5.30721e-106
69.92 7.55378e-172 9.87076e-105
69.94 3.14954e-170 1.80349e-103
69.96 1.29006e-168 3.2371e-102
69.98 5.19098e-167 5.70793e-101
70 2.05196e-165 9.88734e-100
70.02 7.96836e-164 1.68252e-98
70.04 3.03982e-162 2.81267e-97
70.06 1.13921e-160 4.61911e-96
70.08 4.19413e-159 7.45205e-95
70.1 1.51691e-157 1.18106e-93
70.12 5.38957e-156 1.83886e-92
70.14 1.88117e-154 2.81258e-91
70.16 6.45033e-153 4.2261e-90
70.18 2.17278e-151 6.23812e-89
70.2 7.18997e-150 9.0458e-88
70.22 2.33732e-148 1.2886e-86
70.24 7.4643e-147 1.80331e-85
70.26 2.34174e-145 2.47914e-84
70.28 7.21719e-144 3.3482e-83
70.3 2.18513e-142 4.44223e-82
70.32 6.49926e-141 5.78988e-81
70.34 1.89902e-139 7.41339e-80
70.36 5.451e-138 9.3249e-79
70.38 1.5371e-136 1.15226e-77
70.4 4.258e-135 1.39873e-76
70.42 1.15875e-133 1.66801e-75
70.44 3.09779e-132 1.95409e-74
70.46 8.13568e-131 2.24888e-73
70.48 2.09901e-129 2.54254e-72
70.5 5.32005e-128 2.8239e-71
70.52 1.32463e-126 3.08113e-70
70.54 3.24007e-125 3.30256e-69
70.56 7.78559e-124 3.47752e-68
70.58 1.83784e-122 3.59722e-67
70.6 4.26192e-121 3.65548e-66
70.62 9.70914e-120 3.64923e-65
70.64 2.17288e-118 3.5788e-64
70.66 4.77716e-117 3.44788e-63
70.68 1.03177e-115 3.26322e-62
70.7 2.18915e-114 3.03403e-61
70.72 4.56296e-113 2.77123e-60
70.74 9.34325e-112 2.48659e-59
70.76 1.87944e-110 2.19187e-58
70.78 3.71396e-109 1.89804e-57
70.8 7.20984e-108 1.61464e-56
70.82 1.37497e-106 1.34935e-55
70.84 2.57597e-105 1.10777e-54
70.86 4.74096e-104 8.93426e-54
70.88 8.57179e-103 7.07856e-53
70.9 1.5225e-101 5.50947e-52
70.92 2.65656e-100 4.21265e-51
70.94 4.55368e-99 3.16431e-50
70.96 7.66805e-98 2.33497e-49
70.98 1.26849e-96 1.69264e-48
71 2.06142e-95 1.20539e-47
71.02 3.29099e-94 8.4327e-47
71.04 5.16138e-93 5.79544e-46
71.06 7.95214e-92 3.91278e-45
71.08 1.2036e-90 2.59516e-44
71.1 1.78961e-89 1.69091e-43
71.12 2.61405e-88 1.08233e-42
71.14 3.75101e-87 6.80573e-42
71.16 5.28765e-86 4.20407e-41
71.18 7.32245e-85 2.5512e-40
71.2 9.9616e-84 1.52089e-39
71.22 1.33132e-82 8.90698e-39
71.24 1.74788e-81 5.1244e-38
71.26 2.25436e-80 2.89624e-37
71.28 2.85635e-79 1.60807e-36
71.3 3.55534e-78 8.7711e-36
71.32 4.34739e-77 4.69984e-35
71.34 5.22223e-76 2.47395e-34
71.36 6.16257e-75 1.27932e-33
71.38 7.1441e-74 6.49898e-33
71.4 8.13602e-73 3.24333e-32
71.42 9.10241e-72 1.59007e-31
71.44 1.00041e-70 7.65808e-31
71.46 1.08014e-69 3.62329e-30
71.48 1.14568e-68 1.68409e-29
71.5 1.19378e-67 7.68967e-29
71.52 1.22198e-66 3.44928e-28
71.54 1.22881e-65 1.51995e-27
71.56 1.2139e-64 6.57973e-27
71.58 1.17804e-63 2.79812e-26
71.6 1.12309e-62 1.16897e-25
71.62 1.05185e-61 4.79757e-25
71.64 9.6776e-61 1.93427e-24
71.66 8.74706e-60 7.66114e-24
71.68 7.76669e-59 2.9809e-23
71.7 6.77468e-58 1.13941e-22
71.72 5.80525e-57 4.27853e-22
71.74 4.88688e-56 1.57829e-21
71.76 4.04131e-55 5.71951e-21
71.78 3.28316e-54 2.03615e-20
71.8 2.62024e-53 7.12097e-20
71.82 2.05433e-52 2.44652e-19
71.84 1.58226e-51 8.25728e-19
71.86 1.19719e-50 2.73782e-18
71.88 8.89875e-50 8.91767e-18
71.9 6.49792e-49 2.8535e-17
71.92 4.66121e-48 8.96979e-17
71.94 3.28475e-47 2.76992e-16
71.96 2.27397e-46 8.40292e-16
71.98 1.54649e-45 2.50422e-15
72 1.03321e-44 7.33154e-15
72.02 6.78121e-44 2.10861e-14
72.04 4.37227e-43 5.95767e-14
72.06 2.7694e-42 1.65362e-13
72.08 1.72323e-41 4.50895e-13
72.1 1.05337e-40 1.2078e-12
72.12 6.32553e-40 3.17827e-12
72.14 3.73158e-39 8.21613e-12
72.16 2.16255e-38 2.08652e-11
72.18 1.23118e-37 5.20544e-11
72.2 6.88579e-37 1.27577e-10
72.22 3.78326e-36 3.0716e-10
72.24 2.04201e-35 7.26503e-10
72.26 1.08275e-34 1.68807e-09
72.28 5.63999e-34 3.85319e-09
72.3 2.88608e-33 8.64033e-09
72.32 1.45083e-32 1.90335e-08
72.34 7.16479e-32 4.11897e-08
72.36 3.47593e-31 8.75661e-08
72.38 1.6566e-30 1.82879e-07
72.4 7.75607e-30 3.75206e-07
72.42 3.56735e-29 7.56231e-07
72.44 1.61187e-28 1.49734e-06
72.46 7.15472e-28 2.91248e-06
72.48 3.11986e-27 5.56527e-06
72.5 1.33646e-26 1.04469e-05
72.52 5.62414e-26 1.9265e-05
72.54 2.32507e-25 3.49004e-05
72.56 9.44267e-25 6.21113e-05
72.58 3.76732e-24 0.00010859
72.6 1.47656e-23 0.000186504
72.62 5.68521e-23 0.000314677
72.64 2.15042e-22 0.000521581
72.66 7.99056e-22 0.000849294
72.68 2.91683e-21 0.00135854
72.7 1.04598e-20 0.00213485
72.72 3.68483e-20 0.00329565
72.74 1.27523e-19 0.00499797
72.76 4.33551e-19 0.00744604
72.78 1.44801e-18 0.0108977
72.8 4.75094e-18 0.0156685
72.82 1.53133e-17 0.0221308
72.84 4.84882e-17 0.0307076
72.86 1.50828e-16 0.0418575
72.88 4.60903e-16 0.0560507
72.9 1.38361e-15 0.0737339
72.92 4.08037e-15 0.0952868
72.94 1.18213e-14 0.12097
72.96 3.36439e-14 0.15087
72.98 9.40652e-14 0.184844
73 2.58363e-13 0.222478
73.02 6.97126e-13 0.263057
73.04 1.84787e-12 0.305555
73.06 4.81183e-12 0.348666
73.08 1.23092e-11 0.390849
73.1 3.09333e-11 0.430416
73.12 7.63665e-11 0.465635
73.14 1.85208e-10 0.49486
73.16 4.41259e-10 0.516653
73.18 1.03278e-09 0.5299
73.2 2.37466e-09 0.533911
73.22 5.36382e-09 0.528473
73.24 1.19022e-08 0.513873
73.26 2.59452e-08 0.490871
73.28 5.55608e-08 0.460637
73.3 1.16885e-07 0.424649
73.32 2.41561e-07 0.384574
73.34 4.90427e-07 0.342144
73.36 9.78142e-07 0.299031
73.38 1.9165e-06 0.256746
73.4 3.68888e-06 0.216556
73.42 6.97524e-06 0.179439
73.44 1.2957e-05 0.146064
73.46 2.36443e-05 0.116801
73.48 4.23866e-05 0.091755
73.5 7.46467e-05 0.0708096
73.52 0.000129143 0.0536827
73.54 0.000219488 0.0399811
73.56 0.000366464 0.029252
73.58 0.000601076 0.021025
73.6 0.000968517 0.0148455
73.62 0.00153308 0.0102975
73.64 0.00238397 0.00701696
73.66 0.0036418 0.00469727
73.68 0.00546526 0.00308902
73.7 0.0080572 0.00199561
73.72 0.0116691 0.00126651
73.74 0.0166024 0.000789629
73.76 0.023205 0.000483632
73.78 0.0318619 0.000290996
73.8 0.0429775 0.000172004
73.82 0.0569496 9.98776e-05
73.84 0.0741343 5.69741e-05
73.86 0.0948039 3.19276e-05
73.88 0.1191 1.75765e-05
73.9 0.146987 9.50561e-06
73.92 0.178207 5.05017e-06
73.94 0.21225 2.63579e-06
73.96 0.248343 1.35144e-06
73.98 0.285453 6.80706e-07
74 0.322327 3.36824e-07
74.02 0.357551 1.63729e-07
74.04 0.389635 7.81855e-08
74.06 0.417117 3.66781e-08
74.08 0.438669 1.69031e-08
74.1 0.453205 7.65254e-09
74.12 0.459972 3.40348e-09
74.14 0.458615 1.48703e-09
74.16 0.449204 6.3826e-10
74.18 0.432234 2.69125e-10
74.2 0.408576 1.11478e-10
74.22 0.379408 4.53631e-11
74.24 0.346113 1.81341e-11
74.26 0.310177 7.12146e-12
74.28 0.273074 2.74739e-12
74.3 0.236173 1.04124e-12
74.32 0.20066 3.8767e-13
74.34 0.167482 1.41792e-13
74.36 0.137327 5.09472e-14
74.38 0.110617 1.79833e-14
74.4 0.0875326 6.23585e-15
74.42 0.0680448 2.12423e-15
74.44 0.0519636 7.10865e-16
74.46 0.0389837 2.33696e-16
74.48 0.0287307 7.54737e-17
74.5 0.0208012 2.39452e-17
74.52 0.0147948 7.46314e-18
74.54 0.0103374 2.28509e-18
74.56 0.00709562 6.87328e-19
74.58 0.00478464 2.03097e-19
74.6 0.00316948 5.89553e-20
74.62 0.00206255 1.68121e-20
74.64 0.00131857 4.70976e-21
74.66 0.00082809 1.29615e-21
74.68 0.000510896 3.50422e-22
74.7 0.000309647 9.30695e-23
74.72 0.000184366 2.4283e-23
74.74 0.000107838 6.22408e-24
74.76 6.19648e-05 1.56721e-24
74.78 3.49781e-05 3.87668e-25
74.8 1.93966e-05 9.42045e-26
74.82 1.05666e-05 2.24886e-26
74.84 5.65489e-06 5.2739e-27
74.86 2.97298e-06 1.21501e-27
74.88 1.53546e-06 2.74985e-28
74.9 7.79051e-07 6.11387e-29
74.92 3.88304e-07 1.33537e-29
74.94 1.90132e-07 2.86529e-30
74.96 9.14577e-08 6.03967e-31
74.98 4.32179e-08 1.25066e-31
75 2.00625e-08 2.54414e-32
75.02 9.14929e-09 5.08421e-33
75.04 4.09891e-09 9.98126e-34
75.06 1.80397e-09 1.92498e-34
75.08 7.79952e-10 3.64709e-35
75.1 3.31273e-10 6.78807e-36
75.12 1.38224e-10 1.24115e-36
75.14 5.66579e-11 2.22937e-37
75.16 2.28148e-11 3.93387e-38
75.18 9.0251e-12 6.81924e-39
75.2 3.50725e-12 1.16127e-39
75.22 1.33894e-12 1.9427e-40
75.24 5.0215e-13 3.19272e-41
75.26 1.85006e-13 5.15458e-42
75.28 6.69602e-14 8.17534e-43
75.3 2.38082e-14 1.27379e-43
75.32 8.31605e-15 1.9497e-44
75.34 2.85355e-15 2.93169e-45
75.36 9.61909e-16 4.33059e-46
75.38 3.18538e-16 6.28428e-47
75.4 1.03626e-16 8.95866e-48
75.42 3.31172e-17 1.25461e-48
75.44 1.03973e-17 1.72606e-49
75.46 3.20674e-18 2.33282e-50
75.48 9.71598e-19 3.09731e-51
75.5 2.89194e-19 4.03988e-52
75.52 8.45612e-20 5.17645e-53
75.54 2.42903e-20 6.51589e-54
75.56 6.85445e-21 8.0574e-55
75.58 1.90017e-21 9.78804e-56
75.6 5.17476e-22 1.16809e-56
75.62 1.38442e-22 1.36941e-57
75.64 3.63853e-23 1.57715e-58
75.66 9.39425e-24 1.78439e-59
75.68 2.38274e-24 1.98329e-60
75.7 5.93707e-25 2.16552e-61
75.72 1.45327e-25 2.32283e-62
75.74 3.49461e-26 2.44766e-63
75.76 8.25528e-27 2.53375e-64
75.78 1.91577e-27 2.57666e-65
75.8 4.36751e-28 2.57412e-66
75.82 9.78147e-29 2.52627e-67
75.84 2.15205e-29 2.43562e-68
75.86 4.65138e-30 2.30685e-69
75.88 9.87618e-31 2.14638e-70
75.9 2.06004e-31 1.96189e-71
75.92 4.22126e-32 1.76166e-72
75.94 8.49742e-33 1.55399e-73
75.96 1.6804e-33 1.34665e-74
75.98 3.26449e-34 1.14641e-75
76 6.23015e-35 9.58744e-77
76.02 1.16805e-35 7.87672e-78
76.04 2.1513e-36 6.35723e-79
76.06 3.89244e-37 5.04045e-80
76.08 6.91866e-38 3.926e-81
76.1 1.20809e-38 3.00407e-82
76.12 2.07233e-39 2.25813e-83
76.14 3.49218e-40 1.66751e-84
76.16 5.78113e-41 1.20966e-85
76.18 9.40175e-42 8.62068e-87
76.2 1.50205e-42 6.03528e-88
76.22 2.35742e-43 4.15081e-89
76.24 3.63472e-44 2.80445e-90
76.26 5.50533e-45 1.8614e-91
76.28 8.19173e-46 1.21371e-92
76.3 1.19742e-46 7.77437e-94
76.32 1.71948e-47 4.89211e-95
76.34 2.42564e-48 3.02418e-96
76.36 3.36151e-49 1.83652e-97
76.38 4.57639e-50 1.09563e-98
76.4 6.12054e-51 6.42116e-100
76.42 8.04148e-52 3.69693e-101
76.44 1.03791e-52 2.09097e-102
76.46 1.31603e-53 1.1618e-103
76.48 1.63927e-54 6.34158e-105
76.5 2.00592e-55 3.40049e-106
76.52 2.41132e-56 1.79129e-107
76.54 2.84759e-57 9.26974e-109
76.56 3.30353e-58 4.71248e-110
76.58 3.76494e-59 2.35348e-111
76.6 4.21519e-60 1.15465e-112
76.62 4.63612e-61 5.56506e-114
76.64 5.00925e-62 2.63493e-115
76.66 5.31703e-63 1.22559e-116
76.68 5.54428e-64 5.60019e-118
76.7 5.67938e-65 2.51385e-119
76.72 5.71525e-66 1.10855e-120
76.74 5.65e-67 4.8023e-122
76.76 5.48708e-68 2.04373e-123
76.78 5.23496e-69 8.54429e-125
76.8 4.90642e-70 3.5092e-126
76.82 4.51747e-71 1.41586e-127
76.84 4.08606e-72 5.6119e-129
76.86 3.63073e-73 2.18514e-130
76.88 3.16929e-74 8.35852e-132
76.9 2.71775e-75 3.14092e-133
76.92 2.28947e-76 1.15948e-134
76.94 1.8947e-77 4.20486e-136
76.96 1.54037e-78 1.49802e-137
76.98 1.23024e-79 5.24279e-139
77 9.65236e-81 1.80255e-140
77.02 7.43971e-82 6.08822e-142
77.04 5.63324e-83 2.0201e-143
77.06 4.19024e-84 6.58469e-145
77.08 3.06196e-85 2.10851e-146
77.1 2.19805e-86 6.6328e-148
77.12 1.55009e-87 2.04973e-149
77.14 1.07388e-88 6.22264e-151
77.16 7.30856e-90 1.85581e-152
77.18 4.88639e-91 5.43714e-154
77.2 3.2094e-92 1.5649e-155
77.22 2.0708e-93 4.42468e-157
77.24 1.3126e-94 1.22901e-158
77.26 8.17344e-96 3.3536e-160
77.28 4.99985e-97 8.98968e-162
77.3 3.00461e-98 2.36732e-163
77.32 1.77378e-99 6.12419e-165
77.34 1.0287e-100 1.55639e-166
77.36 5.86082e-102 3.8857e-168
77.38 3.28025e-103 9.53013e-170
77.4 1.80358e-104 2.29619e-171
77.42 9.74184e-106 5.43494e-173
77.44 5.16924e-107 1.26375e-174
77.46 2.69459e-108 2.88674e-176
77.48 1.37986e-109 6.47789e-178
77.5 6.94161e-111 1.42803e-179
77.52 3.43054e-112 3.09258e-181
77.54 1.6655e-113 6.57937e-183
77.56 7.94339e-115 1.37508e-184
77.58 3.72174e-116 2.82324e-186
77.6 1.71303e-117 5.69441e-188
77.62 7.74577e-119 1.12831e-189
77.64 3.44067e-120 2.19628e-191
77.66 1.50141e-121 4.19977e-193
77.68 6.4363e-123 7.88938e-195
77.7 2.71052e-124 1.45593e-196
77.72 1.12136e-125 2.63946e-198
77.74 4.55744e-127 4.70079e-200
77.76 1.81959e-128 8.22441e-202
77.78 7.13685e-130 1.41357e-203
77.8 2.74991e-131 2.38677e-205
77.82 1.0409e-132 3.95898e-207
77.84 3.87061e-134 6.4511e-209
77.86 1.41393e-135 1.03268e-210
77.88 5.07408e-137 1.62395e-212
77.9 1.78881e-138 2.50878e-214
77.92 6.19515e-140 3.80742e-216
77.94 2.10775e-141 5.67646e-218
77.96 7.04472e-143 8.31389e-220
77.98 2.31307e-144 1.19622e-221
78 7.46091e-146 1.69081e-223
78.02 2.36415e-147 2.34779e-225
78.04 7.35931e-149 3.20259e-227
78.06 2.2505e-150 4.29165e-229
78.08 6.76082e-152 5.6497e-231
78.1 1.99526e-153 7.30645e-233
78.12 5.78466e-155 9.28253e-235
78.14 1.64754e-156 1.15853e-236
78.16 4.60971e-158 1.42044e-238
78.18 1.26704e-159 1.71089e-240
78.2 3.42126e-161 2.02441e-242
78.22 9.07531e-163 2.35318e-244
78.24 2.36492e-164 2.68714e-246
78.26 6.0541e-166 3.01443e-248
78.28 1.52252e-167 3.32199e-250
78.3 3.76144e-169 3.59643e-252
78.32 9.12904e-171 3.82493e-254
78.34 2.17658e-172 3.99627e-256
78.36 5.09806e-174 4.10171e-258
78.38 1.17304e-175 4.13576e-260
78.4 2.65156e-177 4.0966e-262
78.42 5.88802e-179 3.98632e-264
78.44 1.28444e-180 3.81065e-266
78.46 2.75259e-182 3.57854e-268
78.48 5.7949e-184 3.30135e-270
78.5 1.19848e-185 2.99197e-272
78.52 2.43497e-187 2.6638e-274
78.54 4.85999e-189 2.32983e-276
78.56 9.52922e-191 2.00183e-278
78.58 1.83552e-192 1.6897e-280
78.6 3.47327e-194 1.4011e-282
78.62 6.4565e-196 1.14133e-284
78.64 1.17906e-197 9.13334e-287
78.66 2.11521e-199 7.18006e-289
78.68 3.72778e-201 5.54506e-291
78.7 6.45396e-203 4.20691e-293
78.72 1.0977e-204 3.13545e-295
78.74 1.83407e-206 2.2957e-297
78.76 3.01044e-208 1.65124e-299
78.78 4.85426e-210 1.16677e-301
78.8 7.68945e-212 8.0991e-304
78.82 1.19659e-213 5.52293e-306
78.84 1.82927e-215 3.69982e-308
78.86 2.74718e-217 2.43485e-310
78.88 4.05299e-219 1.57413e-312
78.9 5.87414e-221 9.99749e-315
78.92 8.36357e-223 6.23762e-317
78.94 1.16982e-224 3.82323e-319
78.96 1.6074e-226 2.30235e-321
78.98 2.16975e-228 1.4822e-323
79 2.87722e-230 0
79.02 3.74815e-232 0
79.04 4.79667e-234 0
79.06 6.03034e-236 0
79.08 7.44771e-238 0
79.1 9.03614e-240 0
79.12 1.07702e-241 0
79.14 1.26108e-243 0
79.16 1.45057e-245 0
79.18 1.63914e-247 0
79.2 1.81959e-249 0
79.22 1.9843e-251 0
79.24 2.1258e-253 0
79.26 2.23726e-255 0
79.28 2.31308e-257 0
79.3 2.34932e-259 0
79.32 2.34409e-261 0
79.34 2.29765e-263 0
79.36 2.21246e-265 0
79.38 2.09288e-267 0
79.4 1.94488e-269 0
79.42 1.7755e-271 0
79.44 1.59231e-273 0
79.46 1.40286e-275 0
79.48 1.21417e-277 0
79.5 1.03234e-279 0
79.52 8.62276e-282 0
79.54 7.07537e-284 0
79.56 5.70337e-286 0
79.58 4.5164e-288 0
79.6 3.51345e-290 0
79.62 2.68505e-292 0
79.64 2.01582e-294 0
79.66 1.48672e-296 0
79.68 1.07718e-298 0
79.7 7.66698e-301 0
79.72 5.36093e-303 0
79.74 3.68243e-305 0
79.76 2.4849e-307 0
79.78 1.64726e-309 0
79.8 1.07274e-311 0
79.82 6.86289e-314 0
79.84 4.31318e-316 0
79.86 2.66298e-318 0
79.88 1.6151e-320 0
79.9 9.38725e-323 0
79.92 0 0
79.94 0 0
79.96 0 0
79.98 0 0
80 0 0
80.02 0 0
80.04 0 0
80.06 0 0
80.08 0 0
80.1 0 0
80.12 0 0
80.14 0 0
80.16 0 0
80.18 0 0
80.2 0 0
80.22 0 0
80.24 0 0
80.26 0 0
80.28 0 0
80.3 0 0
80.32 0 0
80.34 0 0
80.36 0 0
80.38 0 0
80.4 0 0
80.42 0 0
80.44 0 0
80.46 0 0
80.48 0 0
80.5 0 0
80.52 0 0
80.54 0 0
80.56 0 0
80.58 0 0
80.6 0 0
80.62 0 0
80.64 0 0
80.66 0 0
80.68 0 0
80.7 0 0
80.72 0 0
80.74 0 0
80.76 0 0
80.78 0 0
80.8 0 0
80.82 0 0
80.84 0 0
80.86 0 0
80.88 0 0
80.9 0 0
80.92 0 0
80.94 0 0
80.96 0 0
80.98 0 0
81 0 0
81.02 0 0
81.04 0 0
81.06 0 0
81.08 0 0
81.1 0 0
81.12 0 0
81.14 0 0
81.16 0 0
81.18 0 0
81.2 0 0
81.22 0 0
81.24 0 2.96439e-323
81.26 0 4.80726e-321
81.28 0 7.9343e-319
81.3 0 1.2869e-316
81.32 0 2.05052e-314
81.34 0 3.20968e-312
81.36 0 4.93558e-310
81.38 0 7.4558e-308
81.4 0 1.10644e-305
81.42 0 1.61303e-303
81.44 0 2.31013e-301
81.46 0 3.2502e-299
81.48 0 4.49222e-297
81.5 0 6.09947e-295
81.52 0 8.13584e-293
81.54 0 1.06609e-290
81.56 0 1.37234e-288
81.58 0 1.73544e-286
81.6 0 2.15594e-284
81.62 0 2.63113e-282
81.64 0 3.15448e-280
81.66 0 3.71529e-278
81.68 0 4.29869e-276
81.7 0 4.88607e-274
81.72 0 5.45584e-272
81.74 0 5.98471e-270
81.76 0 6.44917e-268
81.78 0 6.82722e-266
81.8 0 7.10008e-264
81.82 0 7.25373e-262
81.84 0 7.28013e-260
81.86 0 7.17787e-258
81.88 0 6.95235e-256
81.9 0 6.61526e-254
81.92 0 6.1836e-252
81.94 0 5.67826e-250
81.96 0 5.12233e-248
81.98 0 4.53942e-246
82 0 3.95195e-244
82.02 0 3.37988e-242
82.04 0 2.83969e-240
82.06 0 2.3438e-238
82.08 0 1.90041e-236
82.1 0 1.51376e-234
82.12 0 1.18452e-232
82.14 0 9.10559e-231
82.16 0 6.87627e-229
82.18 0 5.10126e-227
82.2 0 3.71775e-225
82.22 0 2.66172e-223
82.24 0 1.87208e-221
82.26 0 1.2935e-219
82.28 0 8.77983e-218
82.3 0 5.85444e-216
82.32 0 3.83499e-214
82.34 0 2.46787e-212
82.36 0 1.56012e-210
82.38 0 9.68891e-209
82.4 0 5.91113e-207
82.42 0 3.54279e-205
82.44 0 2.08593e-203
82.46 0 1.20651e-201
82.48 0 6.85558e-200
82.5 0 3.8268e-198
82.52 0 2.09849e-196
82.54 0 1.13046e-194
82.56 0 5.98254e-193
82.58 0 3.11024e-191
82.6 0 1.58848e-189
82.62 0 7.96982e-188
82.64 0 3.92821e-186
82.66 0 1.90204e-184
82.68 0 9.0474e-183
82.7 0 4.22773e-181
82.72 0 1.94075e-179
82.74 0 8.7521e-178
82.76 0 3.87734e-176
82.78 0 1.68746e-174
82.8 0 7.21462e-173
82.82 0 3.03021e-171
82.84 0 1.25029e-169
82.86 0 5.0679e-168
82.88 0 2.01801e-166
82.9 0 7.89405e-165
82.92 0 3.03357e-163
82.94 0 1.14522e-161
82.96 0 4.24719e-160
82.98 0 1.54737e-158
83 0 5.53817e-157
83.02 0 1.94723e-155
83.04 0 6.72585e-154
83.06 0 2.28222e-152
83.08 0 7.60756e-151
83.1 0 2.49123e-149
83.12 0 8.0142e-148
83.14 0 2.53271e-146
83.16 0 7.86306e-145
83.18 0 2.39815e-143
83.2 0 7.18522e-142
83.22 0 2.11487e-140
83.24 0 6.11513e-139
83.26 0 1.73703e-137
83.28 0 4.84716e-136
83.3 0 1.32876e-134
83.32 0 3.57838e-133
83.34 0 9.46683e-132
83.36 0 2.46038e-130
83.38 0 6.28172e-129
83.4 0 1.57556e-127
83.42 0 3.88213e-126
83.44 0 9.39689e-125
83.46 0 2.23449e-123
83.48 0 5.21976e-122
83.5 0 1.19785e-120
83.52 0 2.70043e-119
83.54 0 5.98059e-118
83.56 0 1.30117e-116
83.58 0 2.78101e-115
83.6 0 5.83916e-114
83.62 0 1.20442e-112
83.64 0 2.44053e-111
83.66 0 4.85814e-110
83.68 0 9.50024e-109
83.7 0 1.82507e-107
83.72 0 3.44431e-106
83.74 0 6.38564e-105
83.76 0 1.16302e-103
83.78 0 2.08088e-102
83.8 0 3.65752e-101
83.82 0 6.31548e-100
83.84 0 1.07128e-98
83.86 0 1.78518e-97
83.88 0 2.9224e-96
83.9 0 4.69976e-95
83.92 0 7.4249e-94
83.94 0 1.15235e-92
83.96 0 1.75695e-91
83.98 0 2.63155e-90
84 0 3.87208e-89
84.02 0 5.59701e-88
84.04 0 7.94779e-87
84.06 0 1.10871e-85
84.08 0 1.51938e-84
84.1 0 2.04547e-83
84.12 0 2.70521e-82
84.14 0 3.51469e-81
84.16 3.95253e-323 4.48594e-80
84.18 7.04538e-321 5.62469e-79
84.2 1.16637e-318 6.92824e-78
84.22 1.89738e-316 8.38352e-77
84.24 3.03218e-314 9.96573e-76
84.26 4.76029e-312 1.16378e-74
84.28 7.34161e-310 1.33509e-73
84.3 1.11232e-307 1.50464e-72
84.32 1.65556e-305 1.66583e-71
84.34 2.4207e-303 1.8118e-70
84.36 3.47708e-301 1.93584e-69
84.38 4.90647e-299 2.03192e-68
84.4 6.80146e-297 2.09518e-67
84.42 9.26221e-295 2.12235e-66
84.44 1.2391e-292 2.11199e-65
84.46 1.62846e-290 2.06465e-64
84.48 2.10246e-288 1.9828e-63
84.5 2.66659e-286 1.87065e-62
84.52 3.3225e-284 1.73374e-61
84.54 4.0668e-282 1.57854e-60
84.56 4.89012e-280 1.4119e-59
84.58 5.77651e-278 1.24061e-58
84.6 6.70333e-276 1.07088e-57
84.62 7.64179e-274 9.08092e-57
84.64 8.55813e-272 7.56479e-56
84.66 9.41547e-270 6.19075e-55
84.68 1.01762e-267 4.97701e-54
84.7 1.08045e-265 3.93073e-53
84.72 1.12695e-263 3.0497e-52
84.74 1.15474e-261 2.32445e-51
84.76 1.16237e-259 1.74045e-50
84.78 1.14943e-257 1.28021e-49
84.8 1.11661e-255 9.25089e-49
84.82 1.06561e-253 6.56694e-48
84.84 9.99017e-252 4.57954e-47
84.86 9.20085e-250 3.13733e-46
84.88 8.32458e-248 2.11144e-45
84.9 7.39904e-246 1.39596e-44
84.92 6.46053e-244 9.06672e-44
84.94 5.54166e-242 5.78502e-43
84.96 4.66972e-240 3.6261e-42
84.98 3.86564e-238 2.23282e-41
85 3.14363e-236 1.35066e-40
85.02 2.51142e-234 8.02634e-40
85.04 1.971e-232 4.68563e-39
85.06 1.51962e-230 2.68719e-38
85.08 1.15096e-228 1.51394e-37
85.1 8.5638e-227 8.37909e-37
85.12 6.25967e-225 4.5558e-36
85.14 4.49485e-223 2.43339e-35
85.16 3.17072e-221 1.27685e-34
85.18 2.19726e-219 6.58179e-34
85.2 1.49583e-217 3.33295e-33
85.22 1.00038e-215 1.65803e-32
85.24 6.57239e-214 8.10281e-32
85.26 4.24192e-212 3.89007e-31
85.28 2.68956e-210 1.83468e-30
85.3 1.67525e-208 8.50042e-30
85.32 1.02507e-206 3.86901e-29
85.34 6.16185e-205 1.72997e-28
85.36 3.6387e-203 7.59903e-28
85.38 2.11087e-201 3.27911e-27
85.4 1.20297e-199 1.39006e-26
85.42 6.73485e-198 5.7888e-26
85.44 3.70407e-196 2.36823e-25
85.46 2.00129e-194 9.51783e-25
85.48 1.06224e-192 3.75778e-24
85.5 5.53874e-191 1.45749e-23
85.52 2.83714e-189 5.55337e-23
85.54 1.42767e-187 2.07868e-22
85.56 7.05758e-186 7.64361e-22
85.58 3.42738e-184 2.76114e-21
85.6 1.63511e-182 9.79845e-21
85.62 7.66325e-181 3.4159e-20
85.64 3.52823e-179 1.16986e-19
85.66 1.59581e-177 3.93586e-19
85.68 7.0906e-176 1.30084e-18
85.7 3.09503e-174 4.22367e-18
85.72 1.32717e-172 1.34721e-17
85.74 5.5907e-171 4.22141e-17
85.76 2.31359e-169 1.29945e-16
85.78 9.40555e-168 3.92954e-16
85.8 3.75632e-166 1.16735e-15
85.82 1.47373e-164 3.40677e-15
85.84 5.68009e-163 9.76703e-15
85.86 2.15066e-161 2.75081e-14
85.88 7.99955e-160 7.61095e-14
85.9 2.92307e-158 2.06869e-13
85.92 1.04928e-156 5.52373e-13
85.94 3.7002e-155 1.44893e-12
85.96 1.28185e-153 3.73373e-12
85.98 4.36242e-152 9.45184e-12
86 1.45847e-150 2.35055e-11
86.02 4.79012e-149 5.74251e-11
86.04 1.54552e-147 1.3782e-10
86.06 4.89872e-146 3.24941e-10
86.08 1.52535e-144 7.52617e-10
86.1 4.6659e-143 1.71247e-09
86.12 1.4021e-141 3.82782e-09
86.14 4.13909e-140 8.40542e-09
86.16 1.20035e-138 1.8132e-08
86.18 3.41973e-137 3.84248e-08
86.2 9.57091e-136 7.9994e-08
86.22 2.63145e-134 1.63599e-07
86.24 7.10747e-133 3.28689e-07
86.26 1.88588e-131 6.48736e-07
86.28 4.91579e-130 1.25785e-06
86.3 1.25879e-128 2.39591e-06
86.32 3.16657e-127 4.48324e-06
86.34 7.82538e-126 8.24122e-06
86.36 1.89977e-124 1.48823e-05
86.38 4.53081e-123 2.64015e-05
86.4 1.06153e-121 4.60114e-05
86.42 2.44323e-120 7.87739e-05
86.44 5.52429e-119 0.000132488
86.46 1.22707e-117 0.000218904
86.48 2.67756e-116 0.00035531
86.5 5.7397e-115 0.000566553
86.52 1.2087e-113 0.000887468
86.54 2.5005e-112 0.00136567
86.56 5.08177e-111 0.0020645
86.58 1.01457e-109 0.00306595
86.6 1.98989e-108 0.00447296
86.62 3.83401e-107 0.00641067
86.64 7.25702e-106 0.00902592
86.66 1.3494e-104 0.0124841
86.68 2.46493e-103 0.0169631
86.7 4.42331e-102 0.0226428
86.72 7.79774e-101 0.0296917
86.74 1.35042e-99 0.0382489
86.76 2.29747e-98 0.0484041
86.78 3.8398e-97 0.0601761
86.8 6.30445e-96 0.0734929
86.82 1.01687e-94 0.0881751
86.84 1.61124e-93 0.103926
86.86 2.50806e-92 0.120333
86.88 3.83524e-91 0.136875
86.9 5.76138e-90 0.152947
86.92 8.50238e-89 0.167895
86.94 1.23263e-87 0.181056
86.96 1.75552e-86 0.191809
86.98 2.45616e-85 0.19962
87 3.37588e-84 0.204088
87.02 4.55823e-83 0.204979
87.04 6.04624e-82 0.202247
87.06 7.87868e-81 0.196035
87.08 1.00856e-79 0.186665
87.1 1.26831e-78 0.174611
87.12 1.56687e-77 0.160458
87.14 1.90159e-76 0.144854
87.16 2.26716e-75 0.128463
87.18 2.65537e-74 0.111919
87.2 3.05525e-73 0.0957875
87.22 3.45342e-72 0.0805367
87.24 3.83469e-71 0.0665209
87.26 4.18302e-70 0.0539761
87.28 4.4826e-69 0.0430253
87.3 4.71898e-68 0.0336919
87.32 4.88029e-67 0.0259183
87.34 4.95819e-66 0.0195869
87.36 4.94856e-65 0.0145414
87.38 4.85193e-64 0.0106053
87.4 4.67336e-63 0.0075984
87.42 4.42204e-62 0.00534809
87.44 4.11051e-61 0.0036979
87.46 3.7536e-60 0.00251183
87.48 3.36728e-59 0.00167612
87.5 2.9675e-58 0.00109875
87.52 2.56909e-57 0.000707574
87.54 2.18499e-56 0.000447635
87.56 1.82556e-55 0.000278199
87.58 1.49839e-54 0.00016985
87.6 1.20818e-53 0.000101872
87.62 9.57012e-53 6.0024e-05
87.64 7.44702e-52 3.47435e-05
87.66 5.69281e-51 1.97561e-05
87.68 4.27514e-50 1.10359e-05
87.7 3.15394e-49 6.05611e-06
87.72 2.28578e-48 3.26481e-06
87.74 1.62741e-47 1.72903e-06
87.76 1.13825e-46 8.99552e-07
87.78 7.82089e-46 4.59758e-07
87.8 5.27904e-45 2.3084e-07
87.82 3.50052e-44 1.1386e-07
87.84 2.28029e-43 5.51712e-08
87.86 1.45924e-42 2.62623e-08
87.88 9.17365e-42 1.22809e-08
87.9 5.66548e-41 5.64169e-09
87.92 3.43725e-40 2.54604e-09
87.94 2.04863e-39 1.12876e-09
87.96 1.19949e-38 4.91607e-10
87.98 6.89935e-38 2.10336e-10
88 3.89851e-37 8.84071e-11
88.02 2.16406e-36 3.6504e-11
88.04 1.1801e-35 1.48072e-11
88.06 6.32189e-35 5.90044e-12
88.08 3.32702e-34 2.3098e-12
88.1 1.72005e-33 8.8827e-13
88.12 8.7359e-33 3.35579e-13
88.14 4.35866e-32 1.24544e-13
88.16 2.13638e-31 4.54078e-14
88.18 1.02868e-30 1.62636e-14
88.2 4.86591e-30 5.72247e-15
88.22 2.26114e-29 1.97801e-15
88.24 1.03221e-28 6.71666e-16
88.26 4.62902e-28 2.24056e-16
88.28 2.03933e-27 7.34244e-17
88.3 8.82607e-27 2.36376e-17
88.32 3.75254e-26 7.47556e-18
88.34 1.56734e-25 2.32255e-18
88.36 6.43102e-25 7.08866e-19
88.38 2.59224e-24 2.12541e-19
88.4 1.02648e-23 6.26039e-20
88.42 3.99305e-23 1.8115e-20
88.44 1.52594e-22 5.14939e-21
88.46 5.72863e-22 1.43797e-21
88.48 2.11272e-21 3.94481e-22
88.5 7.65445e-21 1.06312e-22
88.52 2.72436e-20 2.81458e-23
88.54 9.52563e-20 7.32026e-24
88.56 3.27192e-19 1.87033e-24
88.58 1.10405e-18 4.6945e-25
88.6 3.6598e-18 1.15755e-25
88.62 1.1918e-17 2.80395e-26
88.64 3.81267e-17 6.67234e-27
88.66 1.19821e-16 1.55979e-27
88.68 3.69929e-16 3.58206e-28
88.7 1.12197e-15 8.08127e-29
88.72 3.3429e-15 1.79104e-29
88.74 9.78466e-15 3.89951e-30
88.76 2.8135e-14 8.34054e-31
88.78 7.94743e-14 1.7525e-31
88.8 2.20539e-13 3.61743e-32
88.82 6.01207e-13 7.33536e-33
88.84 1.61006e-12 1.46124e-33
88.86 4.23583e-12 2.85958e-34
88.88 1.09475e-11 5.49745e-35
88.9 2.77952e-11 1.03824e-35
88.92 6.93273e-11 1.92627e-36
88.94 1.69871e-10 3.51087e-37
88.96 4.08894e-10 6.28623e-38
88.98 9.66904e-10 1.10572e-38
89 2.24613e-09 1.91065e-39
89.02 5.12584e-09 3.24335e-40
89.04 1.14915e-08 5.40862e-41
89.06 2.53084e-08 8.86051e-42
89.08 5.4756e-08 1.42597e-42
89.1 1.1638e-07 2.25445e-43
89.12 2.43e-07 3.50147e-44
89.14 4.98439e-07 5.34244e-45
89.16 1.00438e-06 8.0077e-46
89.18 1.9882e-06 1.17911e-46
89.2 3.86638e-06 1.70562e-47
89.22 7.3863e-06 2.42375e-48
89.24 1.38621e-05 3.38355e-49
89.26 2.5557e-05 4.6402e-50
89.28 4.62882e-05 6.25144e-51
89.3 8.23588e-05 8.27375e-52
89.32 0.000143956 1.07573e-52
89.34 0.000247187 1.374e-53
89.36 0.000416969 1.72403e-54
89.38 0.000690971 2.12513e-55
89.4 0.00112485 2.57338e-56
89.42 0.00179891 3.06127e-57
89.44 0.00282621 3.57749e-58
89.46 0.00436191 4.1071e-59
89.48 0.00661347 4.63202e-60
89.5 0.00985056 5.13198e-61
89.52 0.0144136 5.58572e-62
89.54 0.0207187 5.97245e-63
89.56 0.0292571 6.27343e-64
89.58 0.0405863 6.47346e-65
89.6 0.0553104 6.56216e-66
89.62 0.0740481 6.53487e-67
89.64 0.0973867 6.39302e-68
89.66 0.125824 6.14405e-69
89.68 0.159702 5.80072e-70
89.7 0.199128 5.38008e-71
89.72 0.243914 4.90202e-72
89.74 0.293507 4.38773e-73
89.76 0.34696 3.8582e-74
89.78 0.402921 3.33279e-75
89.8 0.459663 2.82821e-76
89.82 0.515156 2.35773e-77
89.84 0.567174 1.93088e-78
89.86 0.613443 1.55344e-79
89.88 0.651794 1.22776e-80
89.9 0.68034 9.53265e-82
89.92 0.697624 7.27096e-83
89.94 0.702741 5.44815e-84
89.96 0.695423 4.01038e-85
89.98 0.676054 2.90002e-86
90 0.645644 2.06014e-87
90.02 0.605737 1.43771e-88
90.04 0.558283 9.85653e-90
90.06 0.50548 6.63829e-91
90.08 0.449606 4.39206e-92
90.1 0.392862 2.85469e-93
90.12 0.337231 1.82276e-94
90.14 0.284376 1.14335e-95
90.16 0.23558 7.04543e-97
90.18 0.191718 4.26496e-98
90.2 0.153274 2.53631e-99
90.22 0.120379 1.48173e-100
90.24 0.092878 8.50382e-102
90.26 0.0703971 4.79445e-103
90.28 0.0524174 2.65548e-104
90.3 0.038342 1.44486e-105
90.32 0.0275521 7.72304e-107
90.34 0.0194497 4.05536e-108
90.36 0.0134881 2.09194e-109
90.38 0.00918897 1.06011e-110
90.4 0.00614983 5.27751e-112
90.42 0.00404332 2.581e-113
90.44 0.00261152 1.24001e-114
90.46 0.00165701 5.85251e-116
90.48 0.00103285 2.71355e-117
90.5 0.000632457 1.23598e-118
90.52 0.000380454 5.53054e-120
90.54 0.000224829 2.43109e-121
90.56 0.000130522 1.04982e-122
90.58 7.44374e-05 4.45355e-124
90.6 4.17042e-05 1.856e-125
90.62 2.29534e-05 7.59849e-127
90.64 1.24106e-05 3.05603e-128
90.66 6.59202e-06 1.20744e-129
90.68 3.43972e-06 4.68656e-131
90.7 1.76323e-06 1.78699e-132
90.72 8.87914e-07 6.69373e-134
90.74 4.39252e-07 2.46317e-135
90.76 2.13469e-07 8.90427e-137
90.78 1.01915e-07 3.16215e-138
90.8 4.77987e-08 1.10318e-139
90.82 2.2023e-08 3.78084e-141
90.84 9.96815e-09 1.27295e-142
90.86 4.43233e-09 4.21028e-144
90.88 1.93611e-09 1.36802e-145
90.9 8.30817e-10 4.36667e-147
90.92 3.50236e-10 1.36927e-148
90.94 1.45043e-10 4.218e-150
90.96 5.90078e-11 1.27645e-151
90.98 2.35832e-11 3.79472e-153
91 9.25923e-12 1.10824e-154
91.02 3.5713e-12 3.17958e-156
91.04 1.35318e-12 8.96157e-158
91.06 5.03694e-13 2.48129e-159
91.08 1.84186e-13 6.74915e-161
91.1 6.61644e-14 1.80344e-162
91.12 2.33492e-14 4.73404e-164
91.14 8.09465e-15 1.22079e-165
91.16 2.75679e-15 3.09265e-167
91.18 9.22336e-16 7.6966e-169
91.2 3.03147e-16 1.88168e-170
91.22 9.78807e-17 4.51932e-172
91.24 3.1047e-17 1.0663e-173
91.26 9.67436e-18 2.47152e-175
91.28 2.96144e-18 5.62767e-177
91.3 8.90561e-19 1.25884e-178
91.32 2.63089e-19 2.76627e-180
91.34 7.63523e-20 5.97168e-182
91.36 2.17681e-20 1.26642e-183
91.38 6.09673e-21 2.63838e-185
91.4 1.67747e-21 5.3998e-187
91.42 4.53408e-22 1.08567e-188
91.44 1.20394e-22 2.14434e-190
91.46 3.1405e-23 4.16075e-192
91.48 8.0477e-24 7.93101e-194
91.5 2.02593e-24 1.48513e-195
91.52 5.01021e-25 2.73199e-197
91.54 1.21721e-25 4.93711e-199
91.56 2.90507e-26 8.76488e-201
91.58 6.81124e-27 1.52862e-202
91.6 1.56883e-27 2.61897e-204
91.62 3.54979e-28 4.408e-206
91.64 7.89059e-29 7.28838e-208
91.66 1.72304e-29 1.18386e-209
91.68 3.69625e-30 1.88907e-211
91.7 7.78943e-31 2.96126e-213
91.72 1.61261e-31 4.5602e-215
91.74 3.27969e-32 6.89874e-217
91.76 6.55261e-33 1.02526e-218
91.78 1.2861e-33 1.49686e-220
91.8 2.4798e-34 2.14686e-222
91.82 4.69717e-35 3.02487e-224
91.84 8.74048e-36 4.18686e-226
91.86 1.59777e-36 5.69312e-228
91.88 2.86927e-37 7.60485e-230
91.9 5.06183e-38 9.97954e-232
91.92 8.7725e-39 1.2865e-233
91.94 1.49355e-39 1.62925e-235
91.96 2.498e-40 2.02696e-237
91.98 4.10437e-41 2.47732e-239
92 6.6249e-42 2.97439e-241
92.02 1.05049e-42 3.50827e-243
92.04 1.63637e-43 4.06506e-245
92.06 2.50411e-44 4.62723e-247
92.08 3.76446e-45 5.17432e-249
92.1 5.55944e-46 5.68415e-251
92.12 8.06564e-47 6.13418e-253
92.14 1.14955e-47 6.5032e-255
92.16 1.60951e-48 6.77293e-257
92.18 2.2138e-49 6.92955e-259
92.2 2.99132e-50 6.96487e-261
92.22 3.9707e-51 6.87702e-263
92.24 5.17786e-52 6.67063e-265
92.26 6.63304e-53 6.35642e-267
92.28 8.34746e-54 5.95028e-269
92.3 1.03199e-54 5.47194e-271
92.32 1.25336e-55 4.94338e-273
92.34 1.49539e-56 4.38719e-275
92.36 1.75272e-57 3.82497e-277
92.38 2.01814e-58 3.27604e-279
92.4 2.2828e-59 2.75644e-281
92.42 2.53667e-60 2.27839e-283
92.44 2.7691e-61 1.85007e-285
92.46 2.96957e-62 1.47579e-287
92.48 3.12844e-63 1.15649e-289
92.5 3.23777e-64 8.90303e-292
92.52 3.29669e-65 6.73307e-294
92.54 3.79045e-66 5.00227e-296
92.56 5.38429e-66 3.65091e-298
92.58 5.01035e-65 2.61767e-300
92.6 4.86611e-64 1.84377e-302
92.62 4.64558e-63 1.27579e-304
92.64 4.35692e-62 8.67218e-307
92.66 4.01419e-61 5.79106e-309
92.68 3.63326e-60 3.79898e-311
92.7 3.23053e-59 2.44825e-313
92.72 2.82182e-58 1.54997e-315
92.74 2.42139e-57 9.63983e-318
92.76 2.04117e-56 5.88976e-320
92.78 1.69034e-55 3.55727e-322
92.8 1.37514e-54 0
92.82 1.099e-53 0
92.84 8.62842e-53 0
92.86 6.65491e-52 0
92.88 5.04234e-51 0
92.9 3.7532e-50 0
92.92 2.74442e-49 0
92.94 1.97141e-48 0
92.96 1.39118e-47 0
92.98 9.64429e-47 0
93 6.56804e-46 0
93.02 4.3942e-45 0
93.04 2.88805e-44 0
93.06 1.86469e-43 0
93.08 1.18274e-42 0
93.1 7.36971e-42 0
93.12 4.51119e-41 0
93.14 2.71276e-40 0
93.16 1.60254e-39 0
93.18 9.3001e-39 0
93.2 5.30207e-38 0
93.22 2.96949e-37 0
93.24 1.6338e-36 0
93.26 8.83065e-36 0
93.28 4.68886e-35 0
93.3 2.4458e-34 0
93.32 1.25329e-33 0
93.34 6.30906e-33 0
93.36 3.12001e-32 0
93.38 1.51574e-31 0
93.4 7.23395e-31 0
93.42 3.3916e-30 0
93.44 1.56211e-29 0
93.46 7.06804e-29 0
93.48 3.14171e-28 0
93.5 1.37186e-27 0
93.52 5.88486e-27 0
93.54 2.47993e-26 0
93.56 1.02665e-25 0
93.58 4.17528e-25 0
93.6 1.66812e-24 0
93.62 6.54708e-24 0
93.64 2.52434e-23 0
93.66 9.56152e-23 0
93.68 3.55783e-22 0
93.7 1.30054e-21 0
93.72 4.67025e-21 0
93.74 1.64754e-20 0
93.76 5.70967e-20 0
93.78 1.94386e-19 0
93.8 6.50128e-19 0
93.82 2.13605e-18 0
93.84 6.89452e-18 0
93.86 2.18613e-17 0
93.88 6.80967e-17 0
93.9 2.0838e-16 0
93.92 6.26418e-16 0
93.94 1.84992e-15 0
93.96 5.36686e-15 0
93.98 1.52956e-14 0
94 4.28245e-14 0
94.02 1.17787e-13 0
94.04 3.18259e-13 0
94.06 8.44782e-13 0
94.08 2.20286e-12 0
94.1 5.64299e-12 0
94.12 1.42007e-11 0
94.14 3.51067e-11 0
94.16 8.52609e-11 0
94.18 2.03418e-10 0
94.2 4.76767e-10 0
94.22 1.09775e-09 0
94.24 2.48302e-09 0
94.26 5.51741e-09 0
94.28 1.2044e-08 0
94.3 2.58276e-08 0
94.32 5.44098e-08 0
94.34 1.12603e-07 0
94.36 2.28929e-07 0
94.38 4.57226e-07 0
94.4 8.97101e-07 0
94.42 1.72914e-06 0
94.44 3.27415e-06 0
94.46 6.09041e-06 0
94.48 1.11294e-05 0
94.5 1.99792e-05 0
94.52 3.52342e-05 0
94.54 6.1042e-05 0
94.56 0.00010389 0
94.58 0.000173698 0
94.6 0.000285297 0
94.62 0.00046034 0
94.64 0.000729691 0
94.66 0.00113626 0
94.68 0.00173819 0
94.7 0.00261213 0
94.72 0.00385632 0
94.74 0.0055928 0
94.76 0.00796829 0
94.78 0.0111527 0
94.8 0.0153347 0
94.82 0.0207132 0
94.84 0.0274853 0
94.86 0.0358287 0
94.88 0.045882 0
94.9 0.0577208 0
94.92 0.0713349 0
94.94 0.0866065 0
94.96 0.103295 0
94.98 0.121028 0
95 0.139307 0
95.02 0.157521 0
95.04 0.174977 0
95.06 0.190944 0
95.08 0.204696 0
95.1 0.215571 0
95.12 0.223024 0
95.14 0.226669 0
95.16 0.226315 0
95.18 0.221979 0
95.2 0.21389 0
95.22 0.202464 0
95.24 0.188272 0
95.26 0.171989 0
95.28 0.154346 0
95.3 0.136072 0
95.32 0.117848 0
95.34 0.100267 0
95.36 0.0838047 0
95.38 0.0688113 0
95.4 0.0555047 0
95.42 0.0439825 0
95.44 0.034238 0
95.46 0.0261828 0
95.48 0.01967 0
95.5 0.0145168 0
95.52 0.0105248 0
95.54 0.00749619 0
95.56 0.00524499 0
95.58 0.00360519 0
95.6 0.00243439 0
95.62 0.00161485 0
95.64 0.00105233 0
95.66 0.000673679 0
95.68 0.000423675 0
95.7 0.000261753 0
95.72 0.000158865 0
95.74 9.47209e-05 0
95.76 5.54807e-05 0
95.78 3.1924e-05 0
95.8 1.80456e-05 0
95.82 1.00209e-05 0
95.84 5.46662e-06 0
95.86 2.92962e-06 0
95.88 1.54235e-06 0
95.9 7.97688e-07 0
95.92 4.05287e-07 0
95.94 2.02289e-07 0
95.96 9.91882e-08 0
95.98 4.7778e-08 0
96 2.26086e-08 0
96.02 1.05099e-08 0
96.04 4.7996e-09 0
96.06 2.15323e-09 0
96.08 9.48971e-10 0
96.1 4.10862e-10 0
96.12 1.7475e-10 0
96.14 7.30161e-11 0
96.16 2.99709e-11 0
96.18 1.20853e-11 0
96.2 4.78738e-12 0
96.22 1.86301e-12 0
96.24 7.12218e-13 0
96.26 2.67479e-13 0
96.28 9.86835e-14 0
96.3 3.57667e-14 0
96.32 1.27348e-14 0
96.34 4.45437e-15 0
96.36 1.53059e-15 0
96.38 5.16667e-16 0
96.4 1.71333e-16 0
96.42 5.58151e-17 0
96.44 1.78624e-17 0
96.46 5.61577e-18 0
96.48 1.73443e-18 0
96.5 5.2624e-19 0
96.52 1.56852e-19 0
96.54 4.59278e-20 0
96.56 1.32111e-20 0
96.58 3.73322e-21 0
96.6 1.03635e-21 0
96.62 2.82624e-22 0
96.64 7.57165e-23 0
96.66 1.99274e-23 0
96.68 5.15218e-24 0
96.7 1.30861e-24 0
96.72 3.26519e-25 0
96.74 8.0036e-26 0
96.76 1.92727e-26 0
96.78 4.55909e-27 0
96.8 1.05948e-27 0
96.82 2.41873e-28 0
96.84 5.42451e-29 0
96.86 1.19512e-29 0
96.88 2.58669e-30 0
96.9 5.49992e-31 0
96.92 1.14881e-31 0
96.94 2.35731e-32 0
96.96 4.75187e-33 0
96.98 9.41006e-34 0
97 1.83063e-34 0
97.02 3.49853e-35 0
97.04 6.56828e-36 0
97.06 1.21142e-36 0
97.08 2.19493e-37 0
97.1 3.90682e-38 0
97.12 6.83134e-39 0
97.14 1.17346e-39 0
97.16 1.9802e-40 0
97.18 3.28268e-41 0
97.2 5.34598e-42 0
97.22 8.55276e-43 0
97.24 1.3442e-43 0
97.26 2.07539e-44 0
97.28 3.14787e-45 0
97.3 4.69042e-46 0
97.32 6.86572e-47 0
97.34 9.87279e-48 0
97.36 1.39467e-48 0
97.38 1.93546e-49 0
97.4 2.63862e-50 0
97.42 3.53384e-51 0
97.44 4.6494e-52 0
97.46 6.00932e-53 0
97.48 7.63016e-54 0
97.5 9.51746e-55 0
97.52 1.16624e-55 0
97.54 1.40389e-56 0
97.56 1.66019e-57 0
97.58 1.92869e-58 0
97.6 2.20113e-59 0
97.62 2.46779e-60 0
97.64 2.71801e-61 0
97.66 2.94084e-62 0
97.68 3.12588e-63 0
97.7 3.26401e-64 0
97.72 3.34819e-65 0
97.74 3.37402e-66 0
97.76 3.34014e-67 0
97.78 3.24834e-68 0
97.8 3.10339e-69 0
97.82 2.91267e-70 0
97.84 2.6855e-71 0
97.86 2.43242e-72 0
97.88 2.16437e-73 0
97.9 1.89192e-74 0
97.92 1.62463e-75 0
97.94 1.37051e-76 0
97.96 1.13578e-77 0
97.98 9.24657e-79 0
98 7.39517e-80 0
98.02 5.81025e-81 0
98.04 4.48457e-82 0
98.06 3.40037e-83 0
98.08 2.53286e-84 0
98.1 1.85342e-85 0
98.12 1.33235e-86 0
98.14 9.40891e-88 0
98.16 6.52741e-89 0
98.18 4.44858e-90 0
98.2 2.97838e-91 0
98.22 1.95893e-92 0
98.24 1.26572e-93 0
98.26 8.03406e-95 0
98.28 5.0097e-96 0
98.3 3.06879e-97 0
98.32 1.84673e-98 0
98.34 1.09173e-99 0
98.36 6.3403e-101 0
98.38 3.61728e-102 0
98.4 2.02738e-103 0
98.42 1.11626e-104 0
98.44 6.03775e-106 0
98.46 3.20822e-107 0
98.48 1.67469e-108 0
98.5 8.58779e-110 0
98.52 4.32622e-111 0
98.54 2.14099e-112 0
98.56 1.04088e-113 0
98.58 4.97124e-115 0
98.6 2.33243e-116 0
98.62 1.07506e-117 0
98.64 4.86781e-119 0
98.66 2.16529e-120 0
98.68 9.46185e-122 0
98.7 4.06178e-123 0
98.72 1.71291e-124 0
98.74 7.09632e-126 0
98.76 2.88809e-127 0
98.78 1.1547e-128 0
98.8 4.53528e-130 0
98.82 1.74992e-131 0
98.84 6.63305e-133 0
98.86 2.46994e-134 0
98.88 9.03524e-136 0
98.9 3.24692e-137 0
98.92 1.14626e-138 0
98.94 3.97533e-140 0
98.96 1.35439e-141 0
98.98 4.53306e-143 0
99 1.49046e-144 0
99.02 4.81423e-146 0
99.04 1.52761e-147 0
99.06 4.76189e-149 0
99.08 1.45822e-150 0
99.1 4.38681e-152 0
99.12 1.29644e-153 0
99.14 3.76387e-155 0
99.16 1.07348e-156 0
99.18 3.00772e-158 0
99.2 8.2786e-160 0
99.22 2.2385e-161 0
99.24 5.94614e-163 0
99.26 1.55165e-164 0
99.28 3.97768e-166 0
99.3 1.00172e-167 0
99.32 2.47823e-169 0
99.34 6.02304e-171 0
99.36 1.43804e-172 0
99.38 3.37289e-174 0
99.4 7.77168e-176 0
99.42 1.75916e-177 0
99.44 3.9118e-179 0
99.46 8.54529e-181 0
99.48 1.83382e-182 0
99.5 3.86602e-184 0
99.52 8.00667e-186 0
99.54 1.62899e-187 0
99.56 3.25585e-189 0
99.58 6.39278e-191 0
99.6 1.23309e-192 0
99.62 2.33656e-194 0
99.64 4.34951e-196 0
99.66 7.95394e-198 0
99.68 1.4289e-199 0
99.7 2.52176e-201 0
99.72 4.37203e-203 0
99.74 7.44633e-205 0
99.76 1.24589e-206 0
99.78 2.04785e-208 0
99.8 3.30669e-210 0
99.82 5.24529e-212 0
99.84 8.1738e-214 0
99.86 1.25129e-215 0
99.88 1.88179e-217 0
99.9 2.78012e-219 0
99.92 4.03493e-221 0
99.94 5.7529e-223 0
99.96 8.0578e-225 0
99.98 1.10873e-226 0
100 1.4987e-228 0
