pH HA A
0 0.999983 1.73777e-05
0.05 0.999981 1.94981e-05
0.1 0.999978 2.18771e-05
0.15 0.999975 2.45465e-05
0.2 0.999972 2.75415e-05
0.25 0.999969 3.0902e-05
0.3 0.999965 3.46725e-05
0.35 0.999961 3.8903e-05
0.4 0.999956 4.36497e-05
0.45 0.999951 4.89755e-05
0.5 0.999945 5.49511e-05
0.55 0.999938 6.16557e-05
0.6 0.999931 6.91783e-05
0.65 0.999922 7.76187e-05
0.7 0.999913 8.70888e-05
0.75 0.999902 9.77142e-05
0.8 0.99989 0.000109636
0.85 0.999877 0.000123012
0.9 0.999862 0.000138019
0.95 0.999845 0.000154858
1 0.999826 0.00017375
1.05 0.999805 0.000194946
1.1 0.999781 0.000218728
1.15 0.999755 0.000245411
1.2 0.999725 0.000275347
1.25 0.999691 0.000308934
1.3 0.999653 0.000346617
1.35 0.999611 0.000388894
1.4 0.999564 0.000436325
1.45 0.99951 0.000489539
1.5 0.999451 0.000549239
1.55 0.999384 0.000616215
1.6 0.999309 0.000691353
1.65 0.999224 0.000775645
1.7 0.99913 0.000870206
1.75 0.999024 0.000976283
1.8 0.998905 0.00109528
1.85 0.998771 0.00122876
1.9 0.998622 0.00137848
1.95 0.998454 0.00154642
2 0.998265 0.00173479
2.05 0.998054 0.00194605
2.1 0.997817 0.00218299
2.15 0.997551 0.0024487
2.2 0.997253 0.00274666
2.25 0.996919 0.00308077
2.3 0.996545 0.00345539
2.35 0.996125 0.00387537
2.4 0.995654 0.00434619
2.45 0.995126 0.00487392
2.5 0.994535 0.00546537
2.55 0.993872 0.00612816
2.6 0.993129 0.00687078
2.65 0.992297 0.00770268
2.7 0.991366 0.00863443
2.75 0.990322 0.0096778
2.8 0.989154 0.0108459
2.85 0.987847 0.0121532
2.9 0.986384 0.0136159
2.95 0.984748 0.0152519
3 0.982919 0.0170812
3.05 0.980874 0.0191255
3.1 0.978591 0.0214092
3.15 0.976041 0.023959
3.2 0.973196 0.026804
3.25 0.970023 0.0299766
3.3 0.966488 0.0335117
3.35 0.962552 0.0374476
3.4 0.958174 0.0418258
3.45 0.953309 0.0466911
3.5 0.947909 0.0520914
3.55 0.941922 0.0580784
3.6 0.935293 0.0647065
3.65 0.927967 0.0720332
3.7 0.919882 0.0801183
3.75 0.910976 0.089024
3.8 0.901187 0.0988132
3.85 0.890451 0.109549
3.9 0.878705 0.121295
3.95 0.86589 0.13411
4 0.851948 0.148052
4.05 0.836831 0.163169
4.1 0.820495 0.179505
4.15 0.802909 0.197091
4.2 0.784054 0.215946
4.25 0.763925 0.236075
4.3 0.742536 0.257464
4.35 0.719919 0.280081
4.4 0.696129 0.303871
4.45 0.671241 0.328759
4.5 0.645352 0.354648
4.55 0.618584 0.381416
4.6 0.591076 0.408924
4.65 0.562985 0.437015
4.7 0.534484 0.465516
4.75 0.505756 0.494244
4.8 0.47699 0.52301
4.85 0.448376 0.551624
4.9 0.4201 0.5799
4.95 0.392339 0.607661
5 0.365257 0.634743
5.05 0.339001 0.660999
5.1 0.3137 0.6863
5.15 0.28946 0.71054
5.2 0.266366 0.733634
5.25 0.244481 0.755519
5.3 0.223845 0.776155
5.35 0.20448 0.79552
5.4 0.186388 0.813612
5.45 0.169555 0.830445
5.5 0.153955 0.846045
5.55 0.139549 0.860451
5.6 0.12629 0.87371
5.65 0.114123 0.885877
5.7 0.10299 0.89701
5.75 0.0928301 0.90717
5.8 0.0835786 0.916421
5.85 0.0751728 0.924827
5.9 0.06755 0.93245
5.95 0.0606496 0.93935
6 0.0544129 0.945587
6.05 0.0487842 0.951216
6.1 0.0437108 0.956289
6.15 0.0391434 0.960857
6.2 0.0350357 0.964964
6.25 0.0313451 0.968655
6.3 0.0280319 0.971968
6.35 0.0250598 0.97494
6.4 0.0223956 0.977604
6.45 0.0200089 0.979991
6.5 0.0178718 0.982128
6.55 0.0159593 0.984041
6.6 0.0142484 0.985752
6.65 0.0127186 0.987281
6.7 0.0113512 0.988649
6.75 0.0101293 0.989871
6.8 0.00903768 0.990962
6.85 0.00806277 0.991937
6.9 0.00719226 0.992808
6.95 0.00641512 0.993585
7 0.00572148 0.994279
7.05 0.00510245 0.994898
7.1 0.00455008 0.99545
7.15 0.00405727 0.995943
7.2 0.00361765 0.996382
7.25 0.0032255 0.996775
7.3 0.00287574 0.997124
7.35 0.00256381 0.997436
7.4 0.00228563 0.997714
7.45 0.00203758 0.997962
7.5 0.0018164 0.998184
7.55 0.00161918 0.998381
7.6 0.00144335 0.998557
7.65 0.00128659 0.998713
7.7 0.00114684 0.998853
7.75 0.00102225 0.998978
7.8 0.00091118 0.999089
7.85 0.00081217 0.999188
7.9 0.000723912 0.999276
7.95 0.000645238 0.999355
8 0.000575109 0.999425
8.05 0.000512598 0.999487
8.1 0.000456879 0.999543
8.15 0.000407214 0.999593
8.2 0.000362946 0.999637
8.25 0.000323489 0.999677
8.3 0.00028832 0.999712
8.35 0.000256974 0.999743
8.4 0.000229034 0.999771
8.45 0.000204132 0.999796
8.5 0.000181937 0.999818
8.55 0.000162155 0.999838
8.6 0.000144523 0.999855
8.65 0.000128808 0.999871
8.7 0.000114802 0.999885
8.75 0.000102319 0.999898
8.8 9.11928e-05 0.999909
8.85 8.12764e-05 0.999919
8.9 7.24383e-05 0.999928
8.95 6.45613e-05 0.999935
9 5.75407e-05 0.999942
9.05 5.12835e-05 0.999949
9.1 4.57067e-05 0.999954
9.15 4.07364e-05 0.999959
9.2 3.63065e-05 0.999964
9.25 3.23583e-05 0.999968
9.3 2.88395e-05 0.999971
9.35 2.57033e-05 0.999974
9.4 2.29082e-05 0.999977
9.45 2.0417e-05 0.99998
9.5 1.81967e-05 0.999982
9.55 1.62178e-05 0.999984
9.6 1.44542e-05 0.999986
9.65 1.28823e-05 0.999987
9.7 1.14814e-05 0.999989
9.75 1.02328e-05 0.99999
9.8 9.12003e-06 0.999991
9.85 8.12824e-06 0.999992
9.9 7.24431e-06 0.999993
9.95 6.4565e-06 0.999994
10 5.75437e-06 0.999994
10.05 5.12859e-06 0.999995
10.1 4.57086e-06 0.999995
10.15 4.07379e-06 0.999996
10.2 3.63077e-06 0.999996
10.25 3.23593e-06 0.999997
10.3 2.88402e-06 0.999997
10.35 2.57039e-06 0.999997
10.4 2.29086e-06 0.999998
10.45 2.04173e-06 0.999998
10.5 1.8197e-06 0.999998
10.55 1.62181e-06 0.999998
10.6 1.44544e-06 0.999999
10.65 1.28825e-06 0.999999
10.7 1.14815e-06 0.999999
10.75 1.02329e-06 0.999999
10.8 9.1201e-07 0.999999
10.85 8.1283e-07 0.999999
10.9 7.24435e-07 0.999999
10.95 6.45654e-07 0.999999
11 5.7544e-07 0.999999
11.05 5.12861e-07 0.999999
11.1 4.57088e-07 1
11.15 4.0738e-07 1
11.2 3.63078e-07 1
11.25 3.23594e-07 1
11.3 2.88403e-07 1
11.35 2.5704e-07 1
11.4 2.29087e-07 1
11.45 2.04174e-07 1
11.5 1.8197e-07 1
11.55 1.62181e-07 1
11.6 1.44544e-07 1
11.65 1.28825e-07 1
11.7 1.14815e-07 1
11.75 1.02329e-07 1
11.8 9.12011e-08 1
11.85 8.1283e-08 1
11.9 7.24436e-08 1
11.95 6.45654e-08 1
12 5.7544e-08 1
12.05 5.12861e-08 1
12.1 4.57088e-08 1
12.15 4.0738e-08 1
12.2 3.63078e-08 1
12.25 3.23594e-08 1
12.3 2.88403e-08 1
12.35 2.5704e-08 1
12.4 2.29087e-08 1
12.45 2.04174e-08 1
12.5 1.8197e-08 1
12.55 1.62181e-08 1
12.6 1.44544e-08 1
12.65 1.28825e-08 1
12.7 1.14815e-08 1
12.75 1.02329e-08 1
12.8 9.12011e-09 1
12.85 8.12831e-09 1
12.9 7.24436e-09 1
12.95 6.45654e-09 1
13 5.7544e-09 1
13.05 5.12861e-09 1
13.1 4.57088e-09 1
13.15 4.0738e-09 1
13.2 3.63078e-09 1
13.25 3.23594e-09 1
13.3 2.88403e-09 1
13.35 2.5704e-09 1
13.4 2.29087e-09 1
13.45 2.04174e-09 1
13.5 1.8197e-09 1
13.55 1.62181e-09 1
13.6 1.44544e-09 1
13.65 1.28825e-09 1
13.7 1.14815e-09 1
13.75 1.02329e-09 1
13.8 9.12011e-10 1
13.85 8.12831e-10 1
13.9 7.24436e-10 1
13.95 6.45654e-10 1
14 5.7544e-10 1
