nu T
4000 99.823
3996 99.82
3992 99.817
3988 99.814
3984 99.81
3980 99.807
3976 99.803
3972 99.799
3968 99.796
3964 99.792
3960 99.788
3956 99.783
3952 99.779
3948 99.775
3944 99.77
3940 99.765
3936 99.76
3932 99.755
3928 99.75
3924 99.744
3920 99.739
3916 99.733
3912 99.727
3908 99.721
3904 99.714
3900 99.707
3896 99.7
3892 99.693
3888 99.686
3884 99.678
3880 99.669
3876 99.661
3872 99.652
3868 99.643
3864 99.633
3860 99.623
3856 99.613
3852 99.602
3848 99.591
3844 99.579
3840 99.566
3836 99.553
3832 99.54
3828 99.525
3824 99.51
3820 99.494
3816 99.478
3812 99.46
3808 99.442
3804 99.423
3800 99.402
3796 99.381
3792 99.358
3788 99.334
3784 99.309
3780 99.282
3776 99.253
3772 99.222
3768 99.19
3764 99.156
3760 99.119
3756 99.08
3752 99.038
3748 98.993
3744 98.944
3740 98.892
3736 98.837
3732 98.776
3728 98.711
3724 98.641
3720 98.565
3716 98.481
3712 98.391
3708 98.292
3704 98.184
3700 98.065
3696 97.934
3692 97.789
3688 97.628
3684 97.45
3680 97.251
3676 97.028
3672 96.776
3668 96.493
3664 96.17
3660 95.803
3656 95.381
3652 94.895
3648 94.331
3644 93.672
3640 92.897
3636 91.98
3632 90.887
3628 89.575
3624 87.989
3620 86.061
3616 83.707
3612 80.83
3608 77.331
3604 73.136
3600 68.255
3596 62.883
3592 57.528
3588 53.045
3584 50.448
3580 50.448
3576 53.045
3572 57.527
3568 62.883
3564 68.254
3560 73.135
3556 77.33
3552 80.828
3548 83.705
3544 86.059
3540 87.987
3536 89.573
3532 90.884
3528 91.977
3524 92.894
3520 93.668
3516 94.327
3512 94.891
3508 95.377
3504 95.798
3500 96.166
3496 96.488
3492 96.771
3488 97.022
3484 97.245
3480 97.444
3476 97.622
3472 97.782
3468 97.927
3464 98.058
3460 98.176
3456 98.284
3452 98.383
3448 98.473
3444 98.556
3440 98.632
3436 98.703
3432 98.767
3428 98.827
3424 98.883
3420 98.934
3416 98.982
3412 99.027
3408 99.069
3404 99.108
3400 99.144
3396 99.179
3392 99.211
3388 99.241
3384 99.269
3380 99.296
3376 99.321
3372 99.345
3368 99.368
3364 99.389
3360 99.409
3356 99.428
3352 99.446
3348 99.463
3344 99.48
3340 99.495
3336 99.51
3332 99.524
3328 99.537
3324 99.55
3320 99.562
3316 99.574
3312 99.585
3308 99.596
3304 99.606
3300 99.615
3296 99.625
3292 99.634
3288 99.642
3284 99.651
3280 99.658
3276 99.666
3272 99.673
3268 99.68
3264 99.687
3260 99.693
3256 99.7
3252 99.706
3248 99.711
3244 99.717
3240 99.722
3236 99.727
3232 99.732
3228 99.737
3224 99.742
3220 99.746
3216 99.751
3212 99.755
3208 99.759
3204 99.763
3200 99.766
3196 99.77
3192 99.774
3188 99.777
3184 99.78
3180 99.783
3176 99.787
3172 99.789
3168 99.792
3164 99.795
3160 99.798
3156 99.8
3152 99.803
3148 99.805
3144 99.808
3140 99.81
3136 99.812
3132 99.815
3128 99.817
3124 99.819
3120 99.821
3116 99.823
3112 99.824
3108 99.826
3104 99.828
3100 99.83
3096 99.831
3092 99.833
3088 99.834
3084 99.836
3080 99.837
3076 99.839
3072 99.84
3068 99.841
3064 99.843
3060 99.844
3056 99.845
3052 99.846
3048 99.847
3044 99.849
3040 99.85
3036 99.851
3032 99.852
3028 99.853
3024 99.854
3020 99.854
3016 99.855
3012 99.856
3008 99.857
3004 99.858
3000 99.858
2996 99.859
2992 99.86
2988 99.861
2984 99.861
2980 99.862
2976 99.862
2972 99.863
2968 99.864
2964 99.864
2960 99.865
2956 99.865
2952 99.866
2948 99.866
2944 99.866
2940 99.867
2936 99.867
2932 99.868
2928 99.868
2924 99.868
2920 99.869
2916 99.869
2912 99.869
2908 99.869
2904 99.87
2900 99.87
2896 99.87
2892 99.87
2888 99.87
2884 99.871
2880 99.871
2876 99.871
2872 99.871
2868 99.871
2864 99.871
2860 99.871
2856 99.871
2852 99.871
2848 99.871
2844 99.871
2840 99.871
2836 99.871
2832 99.871
2828 99.871
2824 99.871
2820 99.871
2816 99.871
2812 99.871
2808 99.871
2804 99.87
2800 99.87
2796 99.87
2792 99.87
2788 99.87
2784 99.869
2780 99.869
2776 99.869
2772 99.869
2768 99.868
2764 99.868
2760 99.868
2756 99.868
2752 99.867
2748 99.867
2744 99.866
2740 99.866
2736 99.866
2732 99.865
2728 99.865
2724 99.864
2720 99.864
2716 99.864
2712 99.863
2708 99.863
2704 99.862
2700 99.862
2696 99.861
2692 99.86
2688 99.86
2684 99.859
2680 99.859
2676 99.858
2672 99.857
2668 99.857
2664 99.856
2660 99.855
2656 99.855
2652 99.854
2648 99.853
2644 99.852
2640 99.852
2636 99.851
2632 99.85
2628 99.849
2624 99.848
2620 99.848
2616 99.847
2612 99.846
2608 99.845
2604 99.844
2600 99.843
2596 99.842
2592 99.841
2588 99.84
2584 99.839
2580 99.838
2576 99.837
2572 99.836
2568 99.835
2564 99.833
2560 99.832
2556 99.831
2552 99.83
2548 99.829
2544 99.827
2540 99.826
2536 99.825
2532 99.823
2528 99.822
2524 99.821
2520 99.819
2516 99.818
2512 99.816
2508 99.815
2504 99.813
2500 99.812
2496 99.81
2492 99.809
2488 99.807
2484 99.805
2480 99.803
2476 99.802
2472 99.8
2468 99.798
2464 99.796
2460 99.794
2456 99.792
2452 99.79
2448 99.788
2444 99.786
2440 99.784
2436 99.782
2432 99.78
2428 99.778
2424 99.775
2420 99.773
2416 99.771
2412 99.768
2408 99.766
2404 99.763
2400 99.761
2396 99.758
2392 99.755
2388 99.753
2384 99.75
2380 99.747
2376 99.744
2372 99.741
2368 99.738
2364 99.735
2360 99.732
2356 99.729
2352 99.725
2348 99.722
2344 99.718
2340 99.715
2336 99.711
2332 99.708
2328 99.704
2324 99.7
2320 99.696
2316 99.692
2312 99.688
2308 99.684
2304 99.679
2300 99.675
2296 99.67
2292 99.666
2288 99.661
2284 99.656
2280 99.651
2276 99.646
2272 99.641
2268 99.635
2264 99.63
2260 99.624
2256 99.618
2252 99.612
2248 99.606
2244 99.6
2240 99.593
2236 99.587
2232 99.58
2228 99.573
2224 99.566
2220 99.558
2216 99.551
2212 99.543
2208 99.535
2204 99.527
2200 99.518
2196 99.51
2192 99.501
2188 99.491
2184 99.482
2180 99.472
2176 99.462
2172 99.451
2168 99.441
2164 99.429
2160 99.418
2156 99.406
2152 99.394
2148 99.381
2144 99.368
2140 99.355
2136 99.341
2132 99.326
2128 99.311
2124 99.296
2120 99.28
2116 99.263
2112 99.246
2108 99.228
2104 99.21
2100 99.19
2096 99.17
2092 99.15
2088 99.128
2084 99.106
2080 99.082
2076 99.058
2072 99.032
2068 99.006
2064 98.978
2060 98.95
2056 98.92
2052 98.888
2048 98.855
2044 98.821
2040 98.785
2036 98.748
2032 98.708
2028 98.667
2024 98.623
2020 98.577
2016 98.529
2012 98.479
2008 98.425
2004 98.369
2000 98.309
1996 98.247
1992 98.18
1988 98.11
1984 98.035
1980 97.956
1976 97.872
1972 97.782
1968 97.687
1964 97.585
1960 97.477
1956 97.36
1952 97.236
1948 97.102
1944 96.959
1940 96.804
1936 96.637
1932 96.457
1928 96.262
1924 96.05
1920 95.82
1916 95.569
1912 95.295
1908 94.995
1904 94.665
1900 94.302
1896 93.901
1892 93.456
1888 92.962
1884 92.411
1880 91.794
1876 91.101
1872 90.318
1868 89.431
1864 88.421
1860 87.266
1856 85.938
1852 84.403
1848 82.621
1844 80.541
1840 78.1
1836 75.225
1832 71.826
1828 67.802
1824 63.043
1820 57.448
1816 50.958
1812 43.614
1808 35.654
1804 27.606
1800 20.291
1796 14.607
1792 11.134
1788 9.9908
1784 11.134
1780 14.606
1776 20.29
1772 27.603
1768 35.65
1764 43.608
1760 50.95
1756 57.439
1752 63.031
1748 67.788
1744 71.809
1740 75.206
1736 78.078
1732 80.516
1728 82.594
1724 84.374
1720 85.906
1716 87.232
1712 88.385
1708 89.392
1704 90.277
1700 91.057
1696 91.748
1692 92.362
1688 92.91
1684 93.402
1680 93.844
1676 94.242
1672 94.602
1668 94.929
1664 95.227
1660 95.498
1656 95.746
1652 95.974
1648 96.182
1644 96.375
1640 96.552
1636 96.715
1632 96.867
1628 97.007
1624 97.138
1620 97.259
1616 97.372
1612 97.477
1608 97.575
1604 97.667
1600 97.753
1596 97.833
1592 97.908
1588 97.979
1584 98.045
1580 98.108
1576 98.166
1572 98.221
1568 98.273
1564 98.322
1560 98.368
1556 98.411
1552 98.452
1548 98.49
1544 98.526
1540 98.56
1536 98.592
1532 98.623
1528 98.651
1524 98.678
1520 98.703
1516 98.726
1512 98.748
1508 98.769
1504 98.788
1500 98.806
1496 98.822
1492 98.838
1488 98.852
1484 98.865
1480 98.876
1476 98.887
1472 98.897
1468 98.905
1464 98.912
1460 98.919
1456 98.924
1452 98.928
1448 98.931
1444 98.933
1440 98.934
1436 98.934
1432 98.932
1428 98.93
1424 98.926
1420 98.922
1416 98.916
1412 98.908
1408 98.9
1404 98.89
1400 98.878
1396 98.865
1392 98.851
1388 98.834
1384 98.817
1380 98.797
1376 98.775
1372 98.751
1368 98.725
1364 98.696
1360 98.665
1356 98.631
1352 98.594
1348 98.553
1344 98.509
1340 98.461
1336 98.409
1332 98.352
1328 98.289
1324 98.222
1320 98.147
1316 98.066
1312 97.977
1308 97.879
1304 97.771
1300 97.652
1296 97.521
1292 97.376
1288 97.214
1284 97.034
1280 96.833
1276 96.607
1272 96.353
1268 96.065
1264 95.738
1260 95.365
1256 94.937
1252 94.443
1248 93.87
1244 93.2
1240 92.411
1236 91.475
1232 90.355
1228 89.003
1224 87.356
1220 85.33
1216 82.814
1212 79.661
1208 75.686
1204 70.664
1200 64.363
1196 56.644
1192 47.687
1188 38.344
1184 30.328
1180 25.679
1176 25.68
1172 30.331
1168 38.349
1164 47.696
1160 56.657
1156 64.381
1152 70.688
1148 75.716
1144 79.697
1140 82.856
1136 85.378
1132 87.41
1128 89.063
1124 90.42
1120 91.546
1116 92.488
1112 93.283
1108 93.959
1104 94.538
1100 95.038
1096 95.472
1092 95.851
1088 96.184
1084 96.478
1080 96.739
1076 96.971
1072 97.179
1068 97.365
1064 97.533
1060 97.685
1056 97.823
1052 97.949
1048 98.063
1044 98.168
1040 98.264
1036 98.353
1032 98.435
1028 98.51
1024 98.58
1020 98.645
1016 98.705
1012 98.761
1008 98.813
1004 98.862
1000 98.908
996 98.95
992 98.991
988 99.028
984 99.064
980 99.097
976 99.129
972 99.159
968 99.187
964 99.214
960 99.239
956 99.263
952 99.286
948 99.308
944 99.328
940 99.348
936 99.367
932 99.384
928 99.401
924 99.418
920 99.433
916 99.448
912 99.462
908 99.476
904 99.489
900 99.502
896 99.514
892 99.525
888 99.537
884 99.547
880 99.558
876 99.568
872 99.577
868 99.586
864 99.595
860 99.604
856 99.612
852 99.62
848 99.628
844 99.635
840 99.642
836 99.649
832 99.656
828 99.663
824 99.669
820 99.675
816 99.681
812 99.687
808 99.693
804 99.698
800 99.703
796 99.708
792 99.713
788 99.718
784 99.723
780 99.727
776 99.732
772 99.736
768 99.74
764 99.745
760 99.749
756 99.752
752 99.756
748 99.76
744 99.764
740 99.767
736 99.771
732 99.774
728 99.777
724 99.78
720 99.783
716 99.786
712 99.789
708 99.792
704 99.795
700 99.798
696 99.801
692 99.803
688 99.806
684 99.808
680 99.811
676 99.813
672 99.816
668 99.818
664 99.82
660 99.823
656 99.825
652 99.827
648 99.829
644 99.831
640 99.833
636 99.835
632 99.837
628 99.839
624 99.841
620 99.843
616 99.844
612 99.846
608 99.848
604 99.85
600 99.851
596 99.853
592 99.854
588 99.856
584 99.858
580 99.859
576 99.861
572 99.862
568 99.863
564 99.865
560 99.866
556 99.868
552 99.869
548 99.87
544 99.872
540 99.873
536 99.874
532 99.875
528 99.877
524 99.878
520 99.879
516 99.88
512 99.881
508 99.882
504 99.884
500 99.885
