x a0 a1 a2 a3 f0 f1 f2 f3 f4 f5 f6
0.05 0 0.05 0.09 15.06 14.4625 14.4913 21.4599 21.47 21.4987 55.0301 nan
0.3 0 0.3 0.539 15.361 14.6647 14.8454 21.6574 21.72 21.7753 21.8946 55.3326
0.55 0 0.55 0.9867 15.6633 14.8503 15.1953 21.8514 21.97 22.0897 22.2947 55.6386
0.8 0 0.8 1.433 15.967 15.02 15.5409 22.0419 22.22 22.42 22.6991 55.9481
1.05 0 1.05 1.8777 16.2723 15.1749 15.8824 22.2289 22.47 22.7651 23.1076 56.2611
1.3 0 1.3 2.321 16.579 15.3162 16.22 22.4124 22.72 23.1238 23.52 56.5776
1.55 0 1.55 2.7627 16.8873 15.4448 16.5537 22.5926 22.97 23.4952 23.9363 56.8974
1.8 0 1.8 3.2029 17.1971 15.5619 16.8837 22.7695 23.22 23.8781 24.3563 57.2205
2.05 0 2.05 3.6413 17.5087 15.6685 17.2101 22.943 23.47 24.2715 24.7799 57.547
2.3 0 2.3 4.0781 17.8219 15.7658 17.533 23.1133 23.72 24.6742 25.207 57.8767
2.55 0 2.55 4.5132 18.1368 15.8545 17.8526 23.2804 23.97 25.0855 25.6374 58.2096
2.8 0 2.8 4.9465 18.4535 15.9357 18.1691 23.4443 24.22 25.5043 26.0709 58.5457
3.05 0 3.05 5.3779 18.7721 16.0099 18.4824 23.605 24.47 25.9301 26.5076 58.885
3.3 0 3.3 5.8075 19.0925 16.078 18.7929 23.7627 24.72 26.362 26.9471 59.2273
3.55 0 3.55 6.2352 19.4148 16.1406 19.1007 23.9174 24.97 26.7994 27.3893 59.5726
3.8 0 3.8 6.6609 19.7391 16.1982 19.4057 24.0691 25.22 27.2418 27.8343 59.9209
4.05 0 4.05 7.0846 20.0654 16.2514 19.7083 24.2178 25.47 27.6886 28.2817 60.2722
4.3 0 4.3 7.5062 20.3938 16.3005 20.0085 24.3637 25.72 28.1395 28.7315 60.6263
4.55 0 4.55 7.9257 20.7243 16.3461 20.3065 24.5068 25.97 28.5939 29.1835 60.9832
4.8 0 4.8 8.3431 21.0569 16.3883 20.6023 24.647 26.22 29.0517 29.6377 61.343
5.05 0 5.05 8.7583 21.3917 16.4276 20.896 24.7845 26.47 29.5124 30.094 61.7055
5.3 0 5.3 9.1713 21.7287 16.4643 21.1879 24.9194 26.72 29.9757 30.5521 62.0706
5.55 0 5.55 9.582 22.068 16.4985 21.4779 25.0516 26.97 30.4415 31.0121 62.4384
5.8 0 5.8 9.9903 22.4097 16.5304 21.7661 25.1812 27.22 30.9096 31.4739 62.8088
6.05 0 6.05 10.3964 22.7536 16.5604 22.0528 25.3083 27.47 31.3796 31.9372 63.1817
6.3 0 6.3 10.8 23.1 16.5885 22.3379 25.4329 27.72 31.8515 32.4021 63.5571
6.55 0 6.55 11.2012 23.4488 16.6149 22.6215 25.5551 27.97 32.3251 32.8685 63.9349
6.8 0 6.8 11.6 23.8 16.6398 22.9037 25.6748 28.22 32.8002 33.3363 64.3152
7.05 0 7.05 11.9963 24.1537 16.6632 23.1846 25.7923 28.47 33.2768 33.8054 64.6977
7.3 0 7.3 12.3901 24.5099 16.6854 23.4642 25.9074 28.72 33.7546 34.2758 65.0826
7.55 0 7.55 12.7814 24.8686 16.7063 23.7427 26.0203 28.97 34.2337 34.7473 65.4697
7.8 0 7.8 13.1701 25.2299 16.7261 24.02 26.131 29.22 34.7139 35.22 65.859
8.05 0 8.05 13.5562 25.5938 16.7449 24.2963 26.2395 29.47 35.1951 35.6937 66.2505
8.3 0 8.3 13.9398 25.9602 16.7627 24.5715 26.346 29.72 35.6773 36.1685 66.644
8.55 0 8.55 14.3208 26.3292 16.7797 24.8458 26.4503 29.97 36.1603 36.6442 67.0397
8.8 0 8.8 14.6992 26.7008 16.7958 25.1192 26.5527 30.22 36.6442 37.1208 67.4373
9.05 0 9.05 15.0749 27.0751 16.8111 25.3917 26.653 30.47 37.1289 37.5983 67.837
9.3 0 9.3 15.4481 27.4519 16.8258 25.6634 26.7515 30.72 37.6142 38.0766 68.2385
9.55 0 9.55 15.8187 27.8313 16.8397 25.9342 26.848 30.97 38.1003 38.5558 68.642
9.8 0 9.8 16.1867 28.2133 16.8531 26.2044 26.9427 31.22 38.5869 39.0356 69.0473
10.05 0 10.05 16.5521 28.5979 16.8658 26.4738 27.0356 31.47 39.0742 39.5162 69.4544
10.3 0 10.3 16.9149 28.9851 16.878 26.7426 27.1267 31.72 39.562 39.9974 69.8633
10.55 0 10.55 17.2752 29.3748 16.8897 27.0107 27.2161 31.97 40.0503 40.4793 70.2739
10.8 0 10.8 17.6329 29.7671 16.9009 27.2782 27.3038 32.22 40.5391 40.9618 70.6862
11.05 0 11.05 17.9881 30.1619 16.9117 27.3898 27.5451 32.47 41.0283 41.4449 71.1002
11.3 0 11.3 18.3408 30.5592 16.922 27.4742 27.8115 32.72 41.518 41.9285 71.5158
11.55 0 11.55 18.691 30.959 16.932 27.5571 28.0773 32.97 42.008 42.4127 71.9329
11.8 0 11.8 19.0388 31.3612 16.9415 27.6384 28.3426 33.22 42.4985 42.8974 72.3516
12.05 0 12.05 19.3842 31.7658 16.9507 27.7182 28.6075 33.47 42.9893 43.3825 72.7718
12.3 0 12.3 19.7273 32.1727 16.9595 27.7965 28.8718 33.72 43.4805 43.8682 73.1935
12.55 0 12.55 20.068 32.582 16.9681 27.8733 29.1358 33.97 43.9719 44.3542 73.6167
12.8 0 12.8 20.4064 32.9936 16.9763 27.9488 29.3992 34.22 44.4637 44.8408 74.0412
13.05 0 13.05 20.7425 33.4075 16.9842 28.0228 29.6623 34.47 44.9558 45.3277 74.4672
13.3 0 13.3 21.0764 33.8236 16.9919 28.0956 29.925 34.72 45.4481 45.815 74.8944
13.55 0 13.55 21.4082 34.2418 16.9993 28.167 30.1874 34.97 45.9407 46.3026 75.323
13.8 0 13.8 21.7378 34.6622 17.0064 28.2371 30.4493 35.22 46.4336 46.7907 75.7529
14.05 0 14.05 22.0653 35.0847 17.0133 28.3059 30.7109 35.47 46.9267 47.2791 76.1841
14.3 0 14.3 22.3908 35.5092 17.02 28.3736 30.9722 35.72 47.42 47.7678 76.6164
14.55 0 14.55 22.7144 35.9356 17.0265 28.44 31.2332 35.97 47.9135 48.2568 77.05
14.8 0 14.8 23.0359 36.3641 17.0327 28.5052 31.4939 36.22 48.4073 48.7461 77.4848
15.05 0 15.05 23.3556 36.7944 17.0388 28.5693 31.7543 36.47 48.9012 49.2357 77.9207
15.3 0 15.3 23.6734 37.2266 17.0447 28.6323 32.0144 36.72 49.3953 49.7256 78.3577
15.55 0 15.55 23.9894 37.6606 17.0504 28.6942 32.2742 36.97 49.8896 50.2158 78.7958
15.8 0 15.8 24.3036 38.0964 17.056 28.755 32.5337 37.22 50.384 50.7063 79.235
16.05 0 16.05 24.6161 38.5339 17.0613 28.8147 32.7931 37.47 50.8787 51.1969 79.6753
16.3 0 16.3 24.927 38.973 17.0666 28.8735 33.0521 37.72 51.3734 51.6879 80.1165
16.55 0 16.55 25.2362 39.4138 17.0717 28.9312 33.311 37.97 51.8683 52.179 80.5588
16.8 0 16.8 25.5439 39.8561 17.0766 28.9879 33.5696 38.22 52.3634 52.6704 81.0021
17.05 0 17.05 25.85 40.3 17.0814 29.0437 33.828 38.47 52.8586 53.162 81.4463
17.3 0 17.3 26.1546 40.7454 17.0861 29.0985 34.0862 38.72 53.3539 53.6538 81.8915
17.55 0 17.55 26.4578 41.1922 17.0906 29.1525 34.3442 38.97 53.8494 54.1458 82.3375
17.8 0 17.8 26.7596 41.6404 17.095 29.2055 34.602 39.22 54.345 54.638 82.7845
18.05 0 18.05 27.06 42.09 17.0993 29.2576 34.8596 39.47 54.8407 55.1304 83.2324
18.3 0 18.3 27.3591 42.5409 17.1035 29.3089 35.1171 39.72 55.3365 55.6229 83.6811
18.55 0 18.55 27.6568 42.9932 17.1076 29.3594 35.3743 39.97 55.8324 56.1157 84.1306
18.8 0 18.8 27.9534 43.4466 17.1116 29.409 35.6314 40.22 56.3284 56.6086 84.581
19.05 0 19.05 28.2487 43.9013 17.1155 29.4578 35.8884 40.47 56.8245 57.1016 85.0322
19.3 0 19.3 28.5429 44.3571 17.1193 29.5058 36.1451 40.72 57.3207 57.5949 85.4842
19.55 0 19.55 28.8359 44.8141 17.1229 29.5531 36.4018 40.97 57.8171 58.0882 85.9369
19.8 0 19.8 29.1278 45.2722 17.1266 29.5996 36.6582 41.22 58.3134 58.5818 86.3904
20.05 0 20.05 29.4187 45.7313 17.1301 29.6454 36.9146 41.47 58.8099 59.0754 86.8446
20.3 0 20.3 29.7085 46.1915 17.1335 29.6904 37.1708 41.72 59.3065 59.5692 87.2996
20.55 0 20.55 29.9973 46.6527 17.1369 29.7348 37.4268 41.97 59.8031 60.0632 87.7552
20.8 0 20.8 30.2851 47.1149 17.1401 29.7784 37.6828 42.22 60.2999 60.5572 88.2116
21.05 0 21.05 30.572 47.578 17.1434 29.8214 37.9386 42.47 60.7966 61.0514 88.6686
21.3 0 21.3 30.858 48.042 17.1465 29.8637 38.1943 42.72 61.2935 61.5457 89.1263
21.55 0 21.55 31.1431 48.5069 17.1495 29.9054 38.4498 42.97 61.7905 62.0402 89.5846
21.8 0 21.8 31.4273 48.9727 17.1525 29.9464 38.7053 43.22 62.2875 62.5347 90.0436
22.05 0 22.05 31.7107 49.4393 17.1555 29.9868 38.9606 43.47 62.7845 63.0294 90.5032
22.3 0 22.3 31.9933 49.9067 17.1583 30.0266 39.2159 43.72 63.2817 63.5241 90.9634
22.55 0 22.55 32.2751 50.3749 17.1611 30.0658 39.471 43.97 63.7789 64.019 91.4242
22.8 0 22.8 32.5561 50.8439 17.1639 30.1044 39.726 44.22 64.2761 64.514 91.8856
23.05 0 23.05 32.8365 51.3135 17.1666 30.1424 39.981 44.47 64.7734 65.009 92.3476
23.3 0 23.3 33.1161 51.7839 17.1692 30.1799 40.2358 44.72 65.2708 65.5042 92.8101
23.55 0 23.55 33.395 52.255 17.1718 30.2169 40.4906 44.97 65.7682 65.9994 93.2731
23.8 0 23.8 33.6732 52.7268 17.1743 30.2533 40.7452 45.22 66.2657 66.4948 93.7367
24.05 0 24.05 33.9508 53.1992 17.1768 30.2891 40.9998 45.47 66.7632 66.9902 94.2009
24.3 0 24.3 34.2277 53.6723 17.1792 30.3245 41.2543 45.72 67.2608 67.4857 94.6655
24.55 0 24.55 34.5041 54.1459 17.1816 30.3593 41.5087 45.97 67.7584 67.9813 95.1307
24.8 0 24.8 34.7798 54.6202 17.1839 30.3936 41.763 46.22 68.2561 68.477 95.5964
25.05 0 25.05 35.055 55.095 17.1862 30.4275 42.0172 46.47 68.7538 68.9728 96.0625
25.3 0 25.3 35.3296 55.5704 17.1885 30.4609 42.2714 46.72 69.2515 69.4686 96.5291
25.55 0 25.55 35.6037 56.0463 17.1907 30.4938 42.5255 46.97 69.7493 69.9645 96.9962
25.8 0 25.8 35.8772 56.5228 17.1928 30.5262 42.7795 47.22 70.2472 70.4605 97.4638
26.05 0 26.05 36.1502 56.9998 17.195 30.5582 43.0334 47.47 70.745 70.9566 97.9318
26.3 0 26.3 36.4228 57.4772 17.197 30.5898 43.2873 47.72 71.243 71.4527 98.4002
26.55 0 26.55 36.6948 57.9552 17.1991 30.6209 43.5411 47.97 71.7409 71.9489 98.8691
26.8 0 26.8 36.9664 58.4336 17.2011 30.6516 43.7948 48.22 72.2389 72.4452 99.3384
27.05 0 27.05 37.2375 58.9125 17.2031 30.6819 44.0485 48.47 72.7369 72.9415 99.8081
27.3 0 27.3 37.5082 59.3918 17.205 30.7118 44.3021 48.72 73.235 73.4379 100.278
27.55 0 27.55 37.7785 59.8715 17.2069 30.7412 44.5557 48.97 73.7331 73.9343 100.749
27.8 0 27.8 38.0483 60.3517 17.2088 30.7703 44.8092 49.22 74.2312 74.4308 101.22
28.05 0 28.05 38.3178 60.8322 17.2106 30.799 45.0626 49.47 74.7294 74.9274 101.691
28.3 0 28.3 38.5868 61.3132 17.2124 30.8273 45.316 49.72 75.2276 75.424 102.163
28.55 0 28.55 38.8554 61.7946 17.2142 30.8553 45.5693 49.97 75.7258 75.9207 102.635
28.8 0 28.8 39.1237 62.2763 17.2159 30.8828 45.8226 50.22 76.2241 76.4174 103.107
29.05 0 29.05 39.3917 62.7583 17.2176 30.91 46.0758 50.47 76.7224 76.9142 103.58
29.3 0 29.3 39.6592 63.2408 17.2193 30.9369 46.329 50.72 77.2207 77.411 104.053
29.55 0 29.55 39.9264 63.7236 17.221 30.9634 46.5821 50.97 77.719 77.9079 104.527
29.8 0 29.8 40.1933 64.2067 17.2226 30.9896 46.8352 51.22 78.2174 78.4048 105
30.05 0 30.05 40.4599 64.6901 17.2242 31.0155 47.0882 51.47 78.7158 78.9018 105.475
30.3 0 30.3 40.7262 65.1738 17.2258 31.041 47.3412 51.72 79.2142 79.3988 105.949
30.55 0 30.55 40.9921 65.6579 17.2274 31.0662 47.5941 51.97 79.7126 79.8959 106.424
30.8 0 30.8 41.2577 66.1423 17.2289 31.0911 47.847 52.22 80.2111 80.393 106.899
31.05 0 31.05 41.5231 66.6269 17.2304 31.1156 48.0999 52.47 80.7096 80.8901 107.374
31.3 0 31.3 41.7881 67.1119 17.2319 31.1399 48.3527 52.72 81.2081 81.3873 107.85
31.55 0 31.55 42.0529 67.5971 17.2333 31.1639 48.6054 52.97 81.7067 81.8846 108.326
31.8 0 31.8 42.3175 68.0825 17.2348 31.1875 48.8581 53.22 82.2052 82.3819 108.802
32.05 0 32.05 42.5817 68.5683 17.2362 31.2109 49.1108 53.47 82.7038 82.8792 109.279
32.3 0 32.3 42.8457 69.0543 17.2376 31.234 49.3635 53.72 83.2024 83.3765 109.756
32.55 0 32.55 43.1095 69.5405 17.239 31.2569 49.6161 53.97 83.701 83.8739 110.233
32.8 0 32.8 43.373 70.027 17.2403 31.2794 49.8686 54.22 84.1997 84.3714 110.711
33.05 0 33.05 43.6362 70.5138 17.2416 31.3017 50.1212 54.47 84.6984 84.8688 111.188
33.3 0 33.3 43.8993 71.0007 17.2429 31.3237 50.3736 54.72 85.1971 85.3664 111.666
33.55 0 33.55 44.1621 71.4879 17.2442 31.3455 50.6261 54.97 85.6958 85.8639 112.144
33.8 0 33.8 44.4247 71.9753 17.2455 31.3669 50.8785 55.22 86.1945 86.3615 112.623
34.05 0 34.05 44.687 72.463 17.2468 31.3882 51.1309 55.47 86.6932 86.8591 113.102
34.3 0 34.3 44.9492 72.9508 17.248 31.4092 51.3833 55.72 87.192 87.3567 113.581
34.55 0 34.55 45.2112 73.4388 17.2492 31.4299 51.6356 55.97 87.6908 87.8544 114.06
34.8 0 34.8 45.4729 73.9271 17.2504 31.4505 51.8879 56.22 88.1896 88.3521 114.54
35.05 0 35.05 45.7345 74.4155 17.2516 31.4707 52.1401 56.47 88.6884 88.8499 115.019
35.3 0 35.3 45.9958 74.9042 17.2528 31.4908 52.3924 56.72 89.1872 89.3476 115.499
35.55 0 35.55 46.257 75.393 17.2539 31.5106 52.6446 56.97 89.6861 89.8454 115.979
35.8 0 35.8 46.518 75.882 17.2551 31.5302 52.8968 57.22 90.1849 90.3432 116.46
36.05 0 36.05 46.7789 76.3711 17.2562 31.5496 53.1489 57.47 90.6838 90.8411 116.94
36.3 0 36.3 47.0395 76.8605 17.2573 31.5687 53.401 57.72 91.1827 91.339 117.421
36.55 0 36.55 47.3 77.35 17.2584 31.5877 53.6531 57.97 91.6816 91.8369 117.902
36.8 0 36.8 47.5603 77.8397 17.2595 31.6064 53.9052 58.22 92.1805 92.3348 118.384
37.05 0 37.05 47.8205 78.3295 17.2606 31.625 54.1572 58.47 92.6794 92.8328 118.865
37.3 0 37.3 48.0805 78.8195 17.2616 31.6433 54.4092 58.72 93.1784 93.3308 119.347
37.55 0 37.55 48.3403 79.3097 17.2626 31.6614 54.6612 58.97 93.6774 93.8288 119.829
37.8 0 37.8 48.6 79.8 17.2637 31.6793 54.9131 59.22 94.1763 94.3269 120.311
38.05 0 38.05 48.8595 80.2905 17.2647 31.6971 55.1651 59.47 94.6753 94.8249 120.793
38.3 0 38.3 49.1189 80.7811 17.2657 31.7146 55.417 59.72 95.1743 95.323 121.275
38.55 0 38.55 49.3782 81.2718 17.2667 31.732 55.6689 59.97 95.6733 95.8211 121.758
38.8 0 38.8 49.6373 81.7627 17.2676 31.7491 55.9207 60.22 96.1724 96.3193 122.241
39.05 0 39.05 49.8963 82.2537 17.2686 31.7661 56.1726 60.47 96.6714 96.8174 122.724
39.3 0 39.3 50.1551 82.7449 17.2695 31.7829 56.4244 60.72 97.1705 97.3156 123.207
39.55 0 39.55 50.4139 83.2361 17.2705 31.7996 56.6762 60.97 97.6695 97.8138 123.69
39.8 0 39.8 50.6724 83.7276 17.2714 31.816 56.928 61.22 98.1686 98.312 124.174
40.05 0 40.05 50.9309 84.2191 17.2723 31.8323 57.1797 61.47 98.6677 98.8103 124.658
