x y
0.74248 3.00028
0.740499 2.99889
0.74248 2.9975
0.7405 2.99611
0.74248 2.99471
0.7405 2.99331
0.742481 2.9919
0.740501 2.99049
0.742481 2.98908
0.740501 2.98766
0.742481 2.98623
0.740502 2.98481
0.742481 2.98337
0.740502 2.98194
0.742482 2.9805
0.740503 2.97905
0.742482 2.9776
0.740503 2.97615
0.742482 2.97469
0.740504 2.97323
0.742483 2.97176
0.740505 2.97029
0.742483 2.96881
0.740505 2.96733
0.742483 2.96584
0.740506 2.96435
0.742483 2.96286
0.740506 2.96136
0.742484 2.95985
0.740507 2.95834
0.742484 2.95683
0.740508 2.95531
0.742484 2.95378
0.740508 2.95225
0.742485 2.95072
0.740509 2.94918
0.742485 2.94763
0.74051 2.94608
0.742485 2.94453
0.74051 2.94297
0.742486 2.9414
0.740511 2.93983
0.742486 2.93826
0.740512 2.93668
0.742486 2.93509
0.740512 2.9335
0.742487 2.9319
0.740513 2.9303
0.742487 2.92869
0.740514 2.92707
0.742488 2.92546
0.740514 2.92383
0.742488 2.9222
0.740515 2.92056
0.742488 2.91892
0.740516 2.91727
0.742489 2.91562
0.740517 2.91396
0.742489 2.91229
0.740518 2.91062
0.742489 2.90894
0.740518 2.90726
0.74249 2.90557
0.740519 2.90387
0.74249 2.90217
0.74052 2.90046
0.742491 2.89875
0.740521 2.89703
0.742491 2.8953
0.740522 2.89357
0.742492 2.89183
0.740523 2.89008
0.742492 2.88833
0.740524 2.88657
0.742492 2.8848
0.740525 2.88303
0.742493 2.88125
0.740525 2.87946
0.742493 2.87766
0.740526 2.87586
0.742494 2.87405
0.740527 2.87224
0.742494 2.87042
0.740528 2.86859
0.742495 2.86675
0.74053 2.86491
0.742495 2.86306
0.740531 2.8612
0.742496 2.85933
0.740532 2.85746
0.742496 2.85557
0.740533 2.85368
0.742497 2.85179
0.740534 2.84988
0.742497 2.84797
0.740535 2.84605
0.742498 2.84412
0.740536 2.84218
0.742499 2.84024
0.740537 2.83829
0.742499 2.83632
0.740539 2.83435
0.7425 2.83238
0.74054 2.83039
0.7425 2.82839
0.740541 2.82639
0.742501 2.82438
0.740543 2.82235
0.742501 2.82032
0.740544 2.81828
0.742502 2.81623
0.740545 2.81418
0.742503 2.81211
0.740547 2.81003
0.742503 2.80795
0.740548 2.80585
0.742504 2.80375
0.74055 2.80163
0.742505 2.79951
0.740551 2.79737
0.742505 2.79523
0.740553 2.79307
0.742506 2.79091
0.740555 2.78873
0.742507 2.78654
0.740556 2.78435
0.742508 2.78214
0.740558 2.77992
0.742508 2.77769
0.74056 2.77545
0.742509 2.7732
0.740562 2.77094
0.74251 2.76867
0.740563 2.76638
0.742511 2.76409
0.740565 2.76178
0.742511 2.75946
0.740567 2.75713
0.742512 2.75479
0.740569 2.75243
0.742513 2.75006
0.740571 2.74768
0.742514 2.74529
0.740573 2.74289
0.742515 2.74047
0.740576 2.73804
0.742516 2.73559
0.740578 2.73313
0.742517 2.73066
0.74058 2.72818
0.742518 2.72568
0.740583 2.72317
0.742519 2.72064
0.740585 2.7181
0.74252 2.71554
0.740588 2.71297
0.742521 2.71039
0.74059 2.70779
0.742522 2.70518
0.740593 2.70255
0.742523 2.6999
0.740596 2.69724
0.742524 2.69456
0.740599 2.69187
0.742525 2.68916
0.740602 2.68643
0.742526 2.68369
0.740605 2.68093
0.742527 2.67816
0.740608 2.67536
0.742529 2.67255
0.740611 2.66972
0.74253 2.66687
0.740615 2.66401
0.742531 2.66112
0.740618 2.65822
0.742532 2.6553
0.740622 2.65236
0.742534 2.6494
0.740626 2.64642
0.742535 2.64342
0.74063 2.64039
0.742537 2.63735
0.740634 2.63429
0.742538 2.6312
0.740638 2.6281
0.74254 2.62497
0.740643 2.62182
0.742541 2.61865
0.740648 2.61545
0.742543 2.61223
0.740652 2.60899
0.742544 2.60572
0.740658 2.60243
0.742546 2.59911
0.740663 2.59577
0.742548 2.5924
0.740668 2.58901
0.74255 2.58559
0.740674 2.58214
0.742551 2.57867
0.74068 2.57516
0.742553 2.57163
0.740686 2.56807
0.742555 2.56449
0.740693 2.56087
0.742557 2.55722
0.7407 2.55354
0.742559 2.54983
0.740707 2.54609
0.742561 2.54231
0.740715 2.5385
0.742564 2.53466
0.740723 2.53078
0.742566 2.52687
0.740731 2.52292
0.742568 2.51894
0.74074 2.51492
0.74257 2.51086
0.740749 2.50676
0.742573 2.50262
0.740759 2.49844
0.742575 2.49423
0.740769 2.48996
0.742578 2.48566
0.74078 2.48131
0.742581 2.47692
0.740792 2.47248
0.742583 2.468
0.740804 2.46347
0.742586 2.45889
0.740818 2.45425
0.742589 2.44957
0.740832 2.44484
0.742592 2.44005
0.740847 2.4352
0.742595 2.43031
0.740863 2.42535
0.742598 2.42033
0.74088 2.41525
0.742601 2.41011
0.740898 2.40491
0.742604 2.39964
0.740918 2.3943
0.742607 2.3889
0.74094 2.38342
0.74261 2.37788
0.740963 2.37225
0.742613 2.36655
0.740988 2.36076
0.742615 2.3549
0.741015 2.34895
0.742618 2.34292
0.741045 2.33679
0.74262 2.33057
0.741078 2.32426
0.742622 2.31784
0.741115 2.31132
0.742623 2.3047
0.741155 2.29797
0.742623 2.29112
0.7412 2.28415
0.742151 2.27607
0.741927 2.26612
0.74196 2.25612
0.741978 2.24612
0.741997 2.23612
0.742018 2.22612
0.742039 2.21612
0.742061 2.20612
0.742083 2.19612
0.742107 2.18612
0.742132 2.17612
0.742157 2.16612
0.742184 2.15612
0.742211 2.14612
0.74224 2.13612
0.74227 2.12612
0.742301 2.11612
0.742333 2.10612
0.742366 2.09612
0.742401 2.08612
0.742437 2.07612
0.742475 2.06612
0.742514 2.05612
0.742554 2.04612
0.742596 2.03612
0.74264 2.02612
0.742686 2.01612
0.742734 2.00612
0.742783 1.99612
0.742834 1.98612
0.742888 1.97612
0.742943 1.96612
0.743001 1.95612
0.743061 1.94612
0.743124 1.93612
0.743189 1.92612
0.743257 1.91612
0.743328 1.90612
0.743401 1.89612
0.743478 1.88612
0.743558 1.87612
0.743641 1.86612
0.743727 1.85612
0.743817 1.84613
0.743911 1.83613
0.744008 1.82613
0.74411 1.81613
0.744216 1.80613
0.744326 1.79613
0.744441 1.78613
0.744561 1.77613
0.744686 1.76613
0.744816 1.75613
0.744952 1.74613
0.745094 1.73613
0.745241 1.72613
0.745395 1.71614
0.745555 1.70614
0.745723 1.69614
0.745897 1.68614
0.746079 1.67614
0.746269 1.66614
0.746468 1.65614
0.746675 1.64615
0.746891 1.63615
0.747116 1.62615
0.747352 1.61615
0.747598 1.60616
0.747855 1.59616
0.748123 1.58616
0.748403 1.57617
0.748696 1.56617
0.749003 1.55618
0.749323 1.54618
0.749658 1.53619
0.750008 1.52619
0.750374 1.5162
0.750757 1.50621
0.751158 1.49622
0.751578 1.48623
0.752018 1.47623
0.752478 1.46625
0.75296 1.45626
0.753465 1.44627
0.753994 1.43628
0.754549 1.4263
0.755131 1.41632
0.755741 1.40633
0.756382 1.39636
0.757054 1.38638
0.757759 1.3764
0.7585 1.36643
0.759279 1.35646
0.760097 1.34649
0.760958 1.33653
0.761862 1.32657
0.762815 1.31662
0.763817 1.30667
0.764872 1.29672
0.765984 1.28679
0.767155 1.27685
0.768391 1.26693
0.769694 1.25702
0.771069 1.24711
0.772521 1.23722
0.774055 1.22734
0.775675 1.21747
0.777388 1.20762
0.779199 1.19778
0.781115 1.18797
0.783141 1.17817
0.785286 1.16841
0.787555 1.15867
0.789956 1.14896
0.792496 1.13929
0.795183 1.12966
0.798024 1.12007
0.801025 1.11053
0.804194 1.10105
0.807535 1.09162
0.811055 1.08226
0.814759 1.07297
0.81865 1.06376
0.82273 1.05463
0.827003 1.04559
0.831468 1.03664
0.836125 1.02779
0.840975 1.01905
0.846014 1.01041
0.85124 1.00188
0.856651 0.993476
0.862243 0.985185
0.868011 0.977017
0.873952 0.968973
0.880062 0.961057
0.886336 0.95327
0.89277 0.945615
0.899361 0.938095
0.906105 0.930711
0.913042 0.923512
0.91919 0.91719
0.926348 0.910223
0.933648 0.903389
0.941087 0.896706
0.948661 0.890177
0.956369 0.883807
0.964208 0.877598
0.972175 0.871555
0.980269 0.865683
0.988487 0.859985
0.996825 0.854465
1.00528 0.849127
1.01385 0.843975
1.02253 0.839012
1.03132 0.834239
1.04021 0.829658
1.04919 0.82527
1.05827 0.821075
1.06743 0.817071
1.07668 0.813255
1.086 0.809626
1.09538 0.806177
1.10483 0.802906
1.11434 0.799805
1.1239 0.796869
1.1335 0.794091
1.14315 0.791463
1.15284 0.788979
1.16256 0.786632
1.17231 0.784413
1.18209 0.782317
1.19189 0.780335
1.20171 0.778462
1.21156 0.776691
1.22141 0.775016
1.23129 0.773431
1.24117 0.771931
1.25107 0.77051
1.26098 0.769164
1.2709 0.767889
1.28083 0.766679
1.29076 0.765532
1.3007 0.764443
1.31065 0.76341
1.3206 0.762428
1.33056 0.761495
1.34052 0.760608
1.35048 0.759765
1.36045 0.758963
1.37042 0.7582
1.38039 0.757473
1.39037 0.756781
1.40035 0.756122
1.41033 0.755494
1.42031 0.754895
1.43029 0.754324
1.44028 0.75378
1.45026 0.75326
1.46025 0.752764
1.47024 0.752291
1.48023 0.751839
1.49022 0.751408
1.50021 0.750996
1.51021 0.750602
1.5202 0.750226
1.53019 0.749866
1.54019 0.749522
1.55018 0.749193
1.56018 0.748879
1.57017 0.748578
1.58017 0.74829
1.59016 0.748014
1.60016 0.747751
1.61016 0.747498
1.62015 0.747256
1.63015 0.747025
1.64015 0.746803
1.65015 0.746591
1.66014 0.746387
1.67014 0.746192
1.68014 0.746006
1.69014 0.745827
1.70014 0.745655
1.71014 0.74549
1.72013 0.745333
1.73013 0.745181
1.74013 0.745036
1.75013 0.744897
1.76013 0.744764
1.77013 0.744636
1.78013 0.744513
1.79013 0.744395
1.80013 0.744282
1.81013 0.744173
1.82013 0.744069
1.83013 0.743969
1.84013 0.743873
1.85013 0.743781
1.86012 0.743692
1.87012 0.743607
1.88012 0.743525
1.89012 0.743447
1.90012 0.743372
1.91012 0.743299
1.92012 0.74323
1.93012 0.743163
1.94012 0.743099
1.95012 0.743037
1.96012 0.742978
1.97012 0.742921
1.98012 0.742866
1.99012 0.742814
2.00012 0.742763
2.01012 0.742714
2.02012 0.742668
2.03012 0.742623
2.04012 0.742579
2.05012 0.742538
2.06012 0.742498
2.07012 0.742459
2.08012 0.742422
2.09012 0.742387
2.10012 0.742353
2.11012 0.74232
2.12012 0.742288
2.13012 0.742258
2.14012 0.742228
2.15012 0.7422
2.16012 0.742173
2.17012 0.742147
2.18012 0.742122
2.19012 0.742097
2.20012 0.742074
2.21012 0.742052
2.22012 0.74203
2.23012 0.742009
2.24012 0.741989
2.25012 0.741975
2.26012 0.741886
2.26957 0.742542
2.27688 0.741225
2.28398 0.742623
2.29094 0.741177
2.29779 0.742623
2.30453 0.741135
2.31116 0.742622
2.31767 0.741096
2.32409 0.742621
2.33041 0.741062
2.33663 0.742619
2.34276 0.74103
2.3488 0.742617
2.35475 0.741002
2.36062 0.742614
2.3664 0.740975
2.3721 0.742611
2.37773 0.740951
2.38328 0.742608
2.38876 0.740929
2.39417 0.742605
2.3995 0.740908
2.40478 0.742602
2.40998 0.740889
2.41512 0.742599
2.4202 0.740871
2.42522 0.742596
2.43018 0.740855
2.43508 0.742593
2.43992 0.740839
2.44471 0.74259
2.44945 0.740825
2.45413 0.742588
2.45877 0.740811
2.46335 0.742585
2.46788 0.740798
2.47237 0.742582
2.47681 0.740786
2.4812 0.742579
2.48555 0.740775
2.48985 0.742577
2.49412 0.740764
2.49834 0.742574
2.50251 0.740754
2.50665 0.742572
2.51075 0.740745
2.51481 0.742569
2.51883 0.740735
2.52282 0.742567
2.52677 0.740727
2.53068 0.742565
2.53456 0.740719
2.5384 0.742562
2.54221 0.740711
2.54599 0.74256
2.54973 0.740703
2.55345 0.742558
2.55712 0.740696
2.56077 0.742556
2.56439 0.74069
2.56798 0.742554
2.57154 0.740683
2.57507 0.742552
2.57858 0.740677
2.58205 0.74255
2.5855 0.740671
2.58892 0.742549
2.59231 0.740666
2.59568 0.742547
2.59902 0.74066
2.60234 0.742545
2.60563 0.740655
2.6089 0.742544
2.61215 0.74065
2.61537 0.742542
2.61856 0.740645
2.62174 0.74254
2.62489 0.740641
2.62802 0.742539
2.63112 0.740636
2.63421 0.742537
2.63727 0.740632
2.64032 0.742536
2.64334 0.740628
2.64634 0.742534
2.64932 0.740624
2.65228 0.742533
2.65522 0.74062
2.65815 0.742532
2.66105 0.740617
2.66393 0.74253
2.6668 0.740613
2.66965 0.742529
2.67248 0.74061
2.67529 0.742528
2.67808 0.740607
2.68086 0.742527
2.68362 0.740603
2.68636 0.742526
2.68909 0.7406
2.6918 0.742524
2.69449 0.740597
2.69717 0.742523
2.69983 0.740595
2.70248 0.742522
2.70511 0.740592
2.70772 0.742521
2.71032 0.740589
2.71291 0.74252
2.71548 0.740586
2.71803 0.742519
2.72057 0.740584
2.7231 0.742518
2.72561 0.740581
2.72811 0.742517
2.7306 0.740579
2.73307 0.742516
2.73553 0.740577
2.73797 0.742515
2.7404 0.740575
2.74282 0.742514
2.74523 0.740572
2.74762 0.742514
2.75 0.74057
2.75237 0.742513
2.75473 0.740568
2.75707 0.742512
2.7594 0.740566
2.76172 0.742511
2.76403 0.740564
2.76633 0.74251
2.76861 0.740562
2.77088 0.742509
2.77315 0.740561
2.7754 0.742509
2.77764 0.740559
2.77987 0.742508
2.78208 0.740557
2.78429 0.742507
2.78649 0.740555
2.78867 0.742506
2.79085 0.740554
2.79301 0.742506
2.79517 0.740552
2.79732 0.742505
2.79945 0.740551
2.80158 0.742504
2.80369 0.740549
2.8058 0.742504
2.80789 0.740548
2.80998 0.742503
2.81206 0.740546
2.81412 0.742502
2.81618 0.740545
2.81823 0.742502
2.82027 0.740543
2.8223 0.742501
2.82432 0.740542
2.82634 0.742501
2.82834 0.740541
2.83034 0.7425
2.83232 0.740539
2.8343 0.742499
2.83627 0.740538
2.83824 0.742499
2.84019 0.740537
2.84213 0.742498
2.84407 0.740536
2.846 0.742498
2.84792 0.740535
2.84983 0.742497
2.85174 0.740533
2.85364 0.742497
2.85553 0.740532
2.85741 0.742496
2.85928 0.740531
2.86115 0.742496
2.86301 0.74053
2.86486 0.742495
2.8667 0.740529
2.86854 0.742495
2.87037 0.740528
2.87219 0.742494
2.87401 0.740527
2.87582 0.742494
2.87762 0.740526
2.87941 0.742493
2.8812 0.740525
2.88298 0.742493
2.88475 0.740524
2.88652 0.742492
2.88828 0.740523
2.89003 0.742492
2.89178 0.740522
2.89352 0.742491
2.89526 0.740521
2.89698 0.742491
2.8987 0.74052
2.90042 0.742491
2.90213 0.74052
2.90383 0.74249
2.90553 0.740519
2.90722 0.74249
2.9089 0.740518
2.91058 0.742489
2.91225 0.740517
2.91392 0.742489
2.91558 0.740516
2.91723 0.742489
2.91888 0.740516
2.92052 0.742488
2.92216 0.740515
2.92379 0.742488
2.92541 0.740514
2.92703 0.742487
2.92865 0.740513
2.93026 0.742487
2.93186 0.740513
2.93346 0.742487
2.93505 0.740512
2.93664 0.742486
2.93822 0.740511
2.93979 0.742486
2.94136 0.740511
2.94293 0.742486
2.94449 0.74051
2.94604 0.742485
2.94759 0.740509
2.94914 0.742485
2.95068 0.740509
2.95221 0.742485
2.95374 0.740508
2.95527 0.742484
2.95679 0.740507
2.9583 0.742484
2.95981 0.740507
2.96132 0.742484
2.96282 0.740506
2.96431 0.742483
2.9658 0.740505
2.96729 0.742483
2.96877 0.740505
2.97025 0.742483
2.97172 0.740504
2.97319 0.742482
2.97465 0.740504
2.97611 0.742482
2.97757 0.740503
2.97902 0.742482
2.98046 0.740503
2.9819 0.742482
2.98334 0.740502
2.98477 0.742481
2.9862 0.740502
2.98762 0.742481
2.98904 0.740501
2.99045 0.742481
2.99186 0.740501
2.99327 0.74248
2.99467 0.7405
2.99607 0.74248
2.99747 0.7405
2.99886 0.74248
3.00024 0.740499
