r R2s R3s
0 0.707107 0.3849
0.04 0.679243 0.369719
0.08 0.652205 0.354962
0.12 0.625972 0.340618
0.16 0.600522 0.326678
0.2 0.575835 0.313133
0.24 0.55189 0.299974
0.28 0.528667 0.287192
0.32 0.506148 0.274778
0.36 0.484313 0.262723
0.4 0.463144 0.251019
0.44 0.442624 0.239658
0.48 0.422735 0.228631
0.52 0.40346 0.217931
0.56 0.384782 0.207551
0.6 0.366686 0.197481
0.64 0.349156 0.187716
0.68 0.332176 0.178247
0.72 0.315732 0.169069
0.76 0.299809 0.160172
0.8 0.284393 0.151552
0.84 0.269469 0.143201
0.88 0.255025 0.135113
0.92 0.241048 0.12728
0.96 0.227524 0.119698
1 0.214441 0.11236
1.04 0.201787 0.10526
1.08 0.18955 0.0983915
1.12 0.177719 0.0917495
1.16 0.166281 0.0853281
1.2 0.155227 0.0791219
1.24 0.144546 0.0731255
1.28 0.134227 0.0673336
1.32 0.124259 0.0617411
1.36 0.114634 0.0563428
1.4 0.105342 0.051134
1.44 0.096372 0.0461097
1.48 0.0877163 0.0412652
1.52 0.0793656 0.0365959
1.56 0.0713112 0.0320974
1.6 0.0635447 0.0277651
1.64 0.0560578 0.0235947
1.68 0.0488425 0.0195821
1.72 0.0418909 0.015723
1.76 0.0351955 0.0120135
1.8 0.0287488 0.00844951
1.84 0.0225436 0.00502726
1.88 0.0165729 0.00174294
1.92 0.0108298 -0.00140715
1.96 0.0053077 -0.00442664
2 0 -0.00731905
2.04 -0.00509958 -0.0100878
2.08 -0.00999721 -0.0127364
2.12 -0.0146989 -0.015268
2.16 -0.0192104 -0.0176859
2.2 -0.0235375 -0.0199933
2.24 -0.0276858 -0.0221932
2.28 -0.0316605 -0.0242887
2.32 -0.0354669 -0.0262826
2.36 -0.0391102 -0.0281779
2.4 -0.0425953 -0.0299774
2.44 -0.045927 -0.0316839
2.48 -0.0491101 -0.0333
2.52 -0.0521492 -0.0348283
2.56 -0.0550486 -0.0362714
2.6 -0.0578127 -0.0376318
2.64 -0.0604458 -0.038912
2.68 -0.062952 -0.0401144
2.72 -0.0653352 -0.0412412
2.76 -0.0675993 -0.0422947
2.8 -0.0697482 -0.0432773
2.84 -0.0717854 -0.044191
2.88 -0.0737146 -0.045038
2.92 -0.0755393 -0.0458203
2.96 -0.0772628 -0.0465399
3 -0.0788884 -0.047199
3.04 -0.0804194 -0.0477992
3.08 -0.0818588 -0.0483426
3.12 -0.0832096 -0.048831
3.16 -0.0844749 -0.0492661
3.2 -0.0856574 -0.0496498
3.24 -0.08676 -0.0499836
3.28 -0.0877853 -0.0502694
3.32 -0.0887361 -0.0505086
3.36 -0.0896147 -0.0507029
3.4 -0.0904237 -0.0508538
3.44 -0.0911656 -0.0509629
3.48 -0.0918426 -0.0510315
3.52 -0.0924571 -0.0510612
3.56 -0.0930112 -0.0510532
3.6 -0.0935072 -0.0510091
3.64 -0.093947 -0.05093
3.68 -0.0943327 -0.0508173
3.72 -0.0946664 -0.0506723
3.76 -0.0949498 -0.0504962
3.8 -0.0951849 -0.0502901
3.84 -0.0953734 -0.0500552
3.88 -0.0955172 -0.0497928
3.92 -0.0956179 -0.0495037
3.96 -0.0956771 -0.0491893
4 -0.0956965 -0.0488504
4.04 -0.0956776 -0.0484882
4.08 -0.095622 -0.0481035
4.12 -0.095531 -0.0476975
4.16 -0.0954061 -0.0472709
4.2 -0.0952487 -0.0468248
4.24 -0.0950602 -0.0463601
4.28 -0.0948418 -0.0458775
4.32 -0.0945947 -0.0453779
4.36 -0.0943203 -0.0448622
4.4 -0.0940196 -0.0443312
4.44 -0.0936938 -0.0437855
4.48 -0.0933441 -0.0432261
4.52 -0.0929715 -0.0426536
4.56 -0.0925771 -0.0420687
4.6 -0.0921618 -0.0414721
4.64 -0.0917267 -0.0408645
4.68 -0.0912727 -0.0402466
4.72 -0.0908006 -0.0396189
4.76 -0.0903115 -0.0389822
4.8 -0.0898062 -0.0383369
4.84 -0.0892855 -0.0376838
4.88 -0.0887501 -0.0370232
4.92 -0.088201 -0.0363559
4.96 -0.0876388 -0.0356823
5 -0.0870643 -0.0350029
5.04 -0.0864782 -0.0343182
5.08 -0.0858811 -0.0336288
5.12 -0.0852738 -0.032935
5.16 -0.0846569 -0.0322374
5.2 -0.084031 -0.0315364
5.24 -0.0833966 -0.0308323
5.28 -0.0827545 -0.0301257
5.32 -0.082105 -0.0294169
5.36 -0.0814489 -0.0287064
5.4 -0.0807865 -0.0279944
5.44 -0.0801184 -0.0272813
5.48 -0.0794451 -0.0265676
5.52 -0.0787671 -0.0258534
5.56 -0.0780848 -0.0251393
5.6 -0.0773986 -0.0244254
5.64 -0.0767089 -0.023712
5.68 -0.0760163 -0.0229996
5.72 -0.0753209 -0.0222883
5.76 -0.0746234 -0.0215785
5.8 -0.0739239 -0.0208703
5.84 -0.0732228 -0.0201641
5.88 -0.0725205 -0.0194601
5.92 -0.0718174 -0.0187585
5.96 -0.0711136 -0.0180596
6 -0.0704095 -0.0173635
6.04 -0.0697055 -0.0166706
6.08 -0.0690017 -0.0159809
6.12 -0.0682985 -0.0152947
6.16 -0.0675961 -0.0146122
6.2 -0.0668947 -0.0139335
6.24 -0.0661945 -0.0132588
6.28 -0.0654959 -0.0125883
6.32 -0.064799 -0.0119222
6.36 -0.064104 -0.0112605
6.4 -0.0634111 -0.0106035
6.44 -0.0627205 -0.00995123
6.48 -0.0620324 -0.00930386
6.52 -0.061347 -0.00866152
6.56 -0.0606644 -0.00802431
6.6 -0.0599848 -0.00739235
6.64 -0.0593083 -0.00676575
6.68 -0.058635 -0.0061446
6.72 -0.0579652 -0.00552901
6.76 -0.0572989 -0.00491907
6.8 -0.0566363 -0.00431486
6.84 -0.0559775 -0.00371645
6.88 -0.0553225 -0.00312394
6.92 -0.0546715 -0.00253738
6.96 -0.0540246 -0.00195684
7 -0.0533819 -0.00138239
7.04 -0.0527435 -0.000814083
7.08 -0.0521094 -0.000251974
7.12 -0.0514798 0.000303889
7.16 -0.0508546 0.000853459
7.2 -0.0502341 0.00139669
7.24 -0.0496181 0.00193356
7.28 -0.0490069 0.00246401
7.32 -0.0484004 0.00298803
7.36 -0.0477987 0.00350558
7.4 -0.0472019 0.00401664
7.44 -0.0466099 0.00452118
7.48 -0.0460229 0.0050192
7.52 -0.0454409 0.00551067
7.56 -0.0448639 0.00599558
7.6 -0.0442919 0.00647393
7.64 -0.0437249 0.00694569
7.68 -0.0431631 0.00741088
7.72 -0.0426064 0.00786949
7.76 -0.0420547 0.00832151
7.8 -0.0415083 0.00876696
7.84 -0.0409669 0.00920583
7.88 -0.0404308 0.00963814
7.92 -0.0398998 0.0100639
7.96 -0.039374 0.0104831
8 -0.0388533 0.0108958
8.04 -0.0383379 0.0113019
8.08 -0.0378276 0.0117016
8.12 -0.0373225 0.0120948
8.16 -0.0368226 0.0124815
8.2 -0.0363278 0.0128618
8.24 -0.0358382 0.0132357
8.28 -0.0353538 0.0136032
8.32 -0.0348744 0.0139643
8.36 -0.0344002 0.0143191
8.4 -0.0339311 0.0146676
8.44 -0.0334671 0.0150099
8.48 -0.0330082 0.0153459
8.52 -0.0325543 0.0156757
8.56 -0.0321054 0.0159993
8.6 -0.0316616 0.0163168
8.64 -0.0312227 0.0166282
8.68 -0.0307888 0.0169335
8.72 -0.0303599 0.0172329
8.76 -0.0299359 0.0175262
8.8 -0.0295167 0.0178136
8.84 -0.0291024 0.0180951
8.88 -0.028693 0.0183708
8.92 -0.0282884 0.0186406
8.96 -0.0278885 0.0189047
9 -0.0274934 0.0191631
9.04 -0.027103 0.0194157
9.08 -0.0267172 0.0196628
9.12 -0.0263361 0.0199042
9.16 -0.0259597 0.0201401
9.2 -0.0255878 0.0203706
9.24 -0.0252205 0.0205956
9.28 -0.0248576 0.0208151
9.32 -0.0244993 0.0210294
9.36 -0.0241454 0.0212383
9.4 -0.0237959 0.021442
9.44 -0.0234508 0.0216405
9.48 -0.02311 0.0218339
9.52 -0.0227736 0.0220221
9.56 -0.0224414 0.0222053
9.6 -0.0221134 0.0223835
9.64 -0.0217896 0.0225568
9.68 -0.0214699 0.0227251
9.72 -0.0211544 0.0228887
9.76 -0.020843 0.0230474
9.8 -0.0205356 0.0232014
9.84 -0.0202322 0.0233507
9.88 -0.0199327 0.0234953
9.92 -0.0196372 0.0236354
9.96 -0.0193456 0.0237709
10 -0.0190578 0.023902
10.04 -0.0187738 0.0240286
10.08 -0.0184936 0.0241509
10.12 -0.0182172 0.0242688
10.16 -0.0179444 0.0243824
10.2 -0.0176753 0.0244919
10.24 -0.0174098 0.0245971
10.28 -0.0171479 0.0246982
10.32 -0.0168896 0.0247953
10.36 -0.0166347 0.0248884
10.4 -0.0163834 0.0249774
10.44 -0.0161354 0.0250626
10.48 -0.0158909 0.0251439
10.52 -0.0156497 0.0252214
10.56 -0.0154118 0.0252951
10.6 -0.0151772 0.0253651
10.64 -0.0149459 0.0254315
10.68 -0.0147178 0.0254942
10.72 -0.0144928 0.0255534
10.76 -0.014271 0.0256091
10.8 -0.0140523 0.0256612
10.84 -0.0138367 0.02571
10.88 -0.013624 0.0257554
10.92 -0.0134144 0.0257975
10.96 -0.0132078 0.0258364
11 -0.013004 0.025872
11.04 -0.0128032 0.0259044
11.08 -0.0126052 0.0259337
11.12 -0.01241 0.0259599
11.16 -0.0122176 0.0259831
11.2 -0.012028 0.0260033
11.24 -0.0118411 0.0260206
11.28 -0.0116569 0.026035
11.32 -0.0114753 0.0260465
11.36 -0.0112964 0.0260552
11.4 -0.01112 0.0260612
11.44 -0.0109462 0.0260644
11.48 -0.0107749 0.026065
11.52 -0.0106061 0.0260629
11.56 -0.0104398 0.0260583
11.6 -0.0102759 0.0260511
11.64 -0.0101144 0.0260414
11.68 -0.00995521 0.0260293
11.72 -0.00979841 0.0260148
11.76 -0.00964391 0.0259978
11.8 -0.00949169 0.0259786
11.84 -0.00934172 0.0259571
11.88 -0.00919396 0.0259333
11.92 -0.0090484 0.0259073
11.96 -0.00890499 0.0258792
12 -0.00876371 0.0258489
12.04 -0.00862454 0.0258165
12.08 -0.00848744 0.0257821
12.12 -0.00835239 0.0257457
12.16 -0.00821936 0.0257072
12.2 -0.00808833 0.0256669
12.24 -0.00795926 0.0256247
12.28 -0.00783213 0.0255806
12.32 -0.00770692 0.0255346
12.36 -0.00758359 0.0254869
12.4 -0.00746213 0.0254375
12.44 -0.0073425 0.0253863
12.48 -0.00722468 0.0253334
12.52 -0.00710865 0.0252789
12.56 -0.00699439 0.0252228
12.6 -0.00688186 0.025165
12.64 -0.00677104 0.0251058
12.68 -0.00666192 0.025045
12.72 -0.00655446 0.0249828
12.76 -0.00644865 0.0249191
12.8 -0.00634445 0.024854
12.84 -0.00624186 0.0247875
12.88 -0.00614084 0.0247196
12.92 -0.00604137 0.0246505
12.96 -0.00594343 0.02458
13 -0.00584701 0.0245083
13.04 -0.00575207 0.0244353
13.08 -0.0056586 0.0243612
13.12 -0.00556657 0.0242859
13.16 -0.00547598 0.0242094
13.2 -0.00538678 0.0241318
13.24 -0.00529897 0.0240531
13.28 -0.00521253 0.0239734
13.32 -0.00512744 0.0238927
13.36 -0.00504366 0.0238109
13.4 -0.0049612 0.0237282
13.44 -0.00488003 0.0236445
13.48 -0.00480012 0.0235598
13.52 -0.00472147 0.0234743
13.56 -0.00464404 0.0233879
13.6 -0.00456784 0.0233007
13.64 -0.00449283 0.0232126
13.68 -0.004419 0.0231238
13.72 -0.00434633 0.0230341
13.76 -0.0042748 0.0229437
13.8 -0.00420441 0.0228526
13.84 -0.00413513 0.0227608
13.88 -0.00406694 0.0226683
13.92 -0.00399983 0.0225751
13.96 -0.00393379 0.0224813
14 -0.00386879 0.0223869
14.04 -0.00380482 0.0222918
14.08 -0.00374187 0.0221962
14.12 -0.00367992 0.0221001
14.16 -0.00361896 0.0220034
14.2 -0.00355897 0.0219062
14.24 -0.00349993 0.0218085
14.28 -0.00344184 0.0217103
14.32 -0.00338468 0.0216117
14.36 -0.00332843 0.0215127
14.4 -0.00327308 0.0214132
14.44 -0.00321862 0.0213133
14.48 -0.00316503 0.0212131
14.52 -0.0031123 0.0211125
14.56 -0.00306042 0.0210115
14.6 -0.00300937 0.0209102
14.64 -0.00295915 0.0208086
14.68 -0.00290973 0.0207067
14.72 -0.00286111 0.0206046
14.76 -0.00281328 0.0205021
14.8 -0.00276621 0.0203995
14.84 -0.00271991 0.0202966
14.88 -0.00267436 0.0201935
14.92 -0.00262955 0.0200902
14.96 -0.00258546 0.0199867
15 -0.00254208 0.019883
15.04 -0.00249941 0.0197792
15.08 -0.00245744 0.0196753
15.12 -0.00241614 0.0195712
15.16 -0.00237552 0.019467
15.2 -0.00233556 0.0193627
15.24 -0.00229625 0.0192583
15.28 -0.00225758 0.0191539
15.32 -0.00221954 0.0190494
15.36 -0.00218213 0.0189448
15.4 -0.00214532 0.0188402
15.44 -0.00210912 0.0187356
15.48 -0.00207351 0.018631
15.52 -0.00203848 0.0185264
15.56 -0.00200403 0.0184218
15.6 -0.00197014 0.0183172
15.64 -0.00193681 0.0182127
15.68 -0.00190402 0.0181082
15.72 -0.00187178 0.0180038
15.76 -0.00184006 0.0178994
15.8 -0.00180887 0.0177951
15.84 -0.00177819 0.0176909
15.88 -0.00174802 0.0175868
15.92 -0.00171834 0.0174828
15.96 -0.00168916 0.0173789
16 -0.00166046 0.0172751
16.04 -0.00163223 0.0171715
16.08 -0.00160446 0.017068
16.12 -0.00157716 0.0169647
16.16 -0.00155031 0.0168615
16.2 -0.00152391 0.0167585
16.24 -0.00149794 0.0166557
16.28 -0.0014724 0.016553
16.32 -0.00144729 0.0164506
16.36 -0.00142259 0.0163483
16.4 -0.00139831 0.0162463
16.44 -0.00137443 0.0161445
16.48 -0.00135094 0.0160429
16.52 -0.00132785 0.0159415
16.56 -0.00130514 0.0158404
16.6 -0.00128281 0.0157395
16.64 -0.00126086 0.0156388
16.68 -0.00123927 0.0155384
16.72 -0.00121804 0.0154383
16.76 -0.00119716 0.0153385
16.8 -0.00117664 0.0152389
16.84 -0.00115646 0.0151396
16.88 -0.00113661 0.0150406
16.92 -0.0011171 0.0149418
16.96 -0.00109792 0.0148434
17 -0.00107905 0.0147453
17.04 -0.00106051 0.0146475
17.08 -0.00104227 0.01455
17.12 -0.00102434 0.0144528
17.16 -0.00100672 0.0143559
17.2 -0.000989387 0.0142594
17.24 -0.000972348 0.0141632
17.28 -0.000955595 0.0140673
17.32 -0.000939125 0.0139717
17.36 -0.000922933 0.0138765
17.4 -0.000907013 0.0137817
17.44 -0.000891363 0.0136872
17.48 -0.000875976 0.013593
17.52 -0.000860849 0.0134993
17.56 -0.000845978 0.0134058
17.6 -0.000831358 0.0133128
17.64 -0.000816986 0.0132201
17.68 -0.000802856 0.0131278
17.72 -0.000788966 0.0130358
17.76 -0.000775311 0.0129443
17.8 -0.000761888 0.0128531
17.84 -0.000748692 0.0127623
17.88 -0.00073572 0.0126718
17.92 -0.000722969 0.0125818
17.96 -0.000710434 0.0124922
18 -0.000698111 0.0124029
18.04 -0.000685998 0.0123141
18.08 -0.000674092 0.0122256
18.12 -0.000662387 0.0121376
18.16 -0.000650882 0.0120499
18.2 -0.000639573 0.0119627
18.24 -0.000628457 0.0118759
18.28 -0.00061753 0.0117894
18.32 -0.000606789 0.0117034
18.36 -0.000596232 0.0116178
18.4 -0.000585854 0.0115326
18.44 -0.000575654 0.0114478
18.48 -0.000565628 0.0113634
18.52 -0.000555774 0.0112795
18.56 -0.000546088 0.011196
18.6 -0.000536568 0.0111129
18.64 -0.00052721 0.0110302
18.68 -0.000518013 0.0109479
18.72 -0.000508973 0.010866
18.76 -0.000500088 0.0107846
18.8 -0.000491356 0.0107036
18.84 -0.000482773 0.010623
18.88 -0.000474338 0.0105429
18.92 -0.000466047 0.0104631
18.96 -0.000457898 0.0103838
19 -0.00044989 0.010305
19.04 -0.000442019 0.0102265
19.08 -0.000434284 0.0101485
19.12 -0.000426681 0.0100709
19.16 -0.00041921 0.00999377
19.2 -0.000411866 0.00991704
19.24 -0.00040465 0.00984073
19.28 -0.000397557 0.00976486
19.32 -0.000390587 0.00968942
19.36 -0.000383737 0.0096144
19.4 -0.000377006 0.00953982
19.44 -0.00037039 0.00946566
19.48 -0.000363888 0.00939193
19.52 -0.000357499 0.00931863
19.56 -0.00035122 0.00924576
19.6 -0.00034505 0.00917332
19.64 -0.000338986 0.00910131
19.68 -0.000333027 0.00902972
19.72 -0.000327171 0.00895856
19.76 -0.000321417 0.00888783
19.8 -0.000315762 0.00881752
19.84 -0.000310205 0.00874764
19.88 -0.000304744 0.00867819
19.92 -0.000299378 0.00860916
19.96 -0.000294105 0.00854055
20 -0.000288923 0.00847237
