E i
-1.1 -10
-1.0975 -10
-1.095 -10
-1.0925 -10
-1.09 -10
-1.0875 -10
-1.085 -10
-1.0825 -10
-1.08 -10
-1.0775 -10
-1.075 -10
-1.0725 -9.93745
-1.07 -9.5319
-1.0675 -9.14289
-1.065 -8.76977
-1.0625 -8.41187
-1.06 -8.06858
-1.0575 -7.73929
-1.055 -7.42345
-1.0525 -7.12049
-1.05 -6.8299
-1.0475 -6.55117
-1.045 -6.28381
-1.0425 -6.02737
-1.04 -5.78139
-1.0375 -5.54545
-1.035 -5.31913
-1.0325 -5.10206
-1.03 -4.89384
-1.0275 -4.69412
-1.025 -4.50255
-1.0225 -4.3188
-1.02 -4.14254
-1.0175 -3.97349
-1.015 -3.81133
-1.0125 -3.65578
-1.01 -3.50659
-1.0075 -3.36348
-1.005 -3.22622
-1.0025 -3.09455
-1 -2.96826
-0.9975 -2.84713
-0.995 -2.73093
-0.9925 -2.61948
-0.99 -2.51258
-0.9875 -2.41004
-0.985 -2.31169
-0.9825 -2.21734
-0.98 -2.12685
-0.9775 -2.04006
-0.975 -1.9568
-0.9725 -1.87694
-0.97 -1.80034
-0.9675 -1.72687
-0.965 -1.6564
-0.9625 -1.5888
-0.96 -1.52396
-0.9575 -1.46176
-0.955 -1.40211
-0.9525 -1.34489
-0.95 -1.29
-0.9475 -1.23736
-0.945 -1.18686
-0.9425 -1.13842
-0.94 -1.09196
-0.9375 -1.0474
-0.935 -1.00465
-0.9325 -0.963654
-0.93 -0.924327
-0.9275 -0.886604
-0.925 -0.850422
-0.9225 -0.815715
-0.92 -0.782426
-0.9175 -0.750494
-0.915 -0.719866
-0.9125 -0.690488
-0.91 -0.662309
-0.9075 -0.63528
-0.905 -0.609354
-0.9025 -0.584486
-0.9 -0.560632
-0.8975 -0.537753
-0.895 -0.515807
-0.8925 -0.494756
-0.89 -0.474565
-0.8875 -0.455198
-0.885 -0.436621
-0.8825 -0.418802
-0.88 -0.401711
-0.8775 -0.385317
-0.875 -0.369592
-0.8725 -0.354508
-0.87 -0.340041
-0.8675 -0.326164
-0.865 -0.312853
-0.8625 -0.300085
-0.86 -0.287838
-0.8575 -0.276091
-0.855 -0.264824
-0.8525 -0.254016
-0.85 -0.24365
-0.8475 -0.233706
-0.845 -0.224169
-0.8425 -0.21502
-0.84 -0.206245
-0.8375 -0.197828
-0.835 -0.189755
-0.8325 -0.182011
-0.83 -0.174583
-0.8275 -0.167458
-0.825 -0.160624
-0.8225 -0.154069
-0.82 -0.147781
-0.8175 -0.14175
-0.815 -0.135965
-0.8125 -0.130416
-0.81 -0.125094
-0.8075 -0.119989
-0.805 -0.115092
-0.8025 -0.110395
-0.8 -0.10589
-0.7975 -0.101568
-0.795 -0.0974233
-0.7925 -0.0934474
-0.79 -0.0896338
-0.7875 -0.0859758
-0.785 -0.0824671
-0.7825 -0.0791015
-0.78 -0.0758734
-0.7775 -0.0727769
-0.775 -0.0698069
-0.7725 -0.066958
-0.77 -0.0642254
-0.7675 -0.0616043
-0.765 -0.0590902
-0.7625 -0.0566787
-0.76 -0.0543656
-0.7575 -0.0521469
-0.755 -0.0500188
-0.7525 -0.0479775
-0.75 -0.0460195
-0.7475 -0.0441414
-0.745 -0.04234
-0.7425 -0.0406121
-0.74 -0.0389547
-0.7375 -0.0373649
-0.735 -0.03584
-0.7325 -0.0343774
-0.73 -0.0329744
-0.7275 -0.0316287
-0.725 -0.0303379
-0.7225 -0.0290998
-0.72 -0.0279122
-0.7175 -0.0267731
-0.715 -0.0256805
-0.7125 -0.0246325
-0.71 -0.0236272
-0.7075 -0.022663
-0.705 -0.0217381
-0.7025 -0.0208509
-0.7 -0.02
-0.6975 -0.0191838
-0.695 -0.0184009
-0.6925 -0.0176499
-0.69 -0.0169296
-0.6875 -0.0162387
-0.685 -0.015576
-0.6825 -0.0149404
-0.68 -0.0143306
-0.6775 -0.0137458
-0.675 -0.0131848
-0.6725 -0.0126467
-0.67 -0.0121306
-0.6675 -0.0116356
-0.665 -0.0111607
-0.6625 -0.0107052
-0.66 -0.0102683
-0.6575 -0.00984929
-0.655 -0.00944733
-0.6525 -0.00906178
-0.65 -0.00869196
-0.6475 -0.00833724
-0.645 -0.00799699
-0.6425 -0.00767063
-0.64 -0.00735759
-0.6375 -0.00705732
-0.635 -0.00676931
-0.6325 -0.00649305
-0.63 -0.00622806
-0.6275 -0.00597389
-0.625 -0.0057301
-0.6225 -0.00549625
-0.62 -0.00527194
-0.6175 -0.00505679
-0.615 -0.00485042
-0.6125 -0.00465247
-0.61 -0.0044626
-0.6075 -0.00428048
-0.605 -0.00410579
-0.6025 -0.00393823
-0.6 -0.00377751
-0.5975 -0.00362335
-0.595 -0.00347548
-0.5925 -0.00333364
-0.59 -0.00319759
-0.5875 -0.0030671
-0.585 -0.00294193
-0.5825 -0.00282187
-0.58 -0.00270671
-0.5775 -0.00259624
-0.575 -0.00249029
-0.5725 -0.00238866
-0.57 -0.00229118
-0.5675 -0.00219767
-0.565 -0.00210798
-0.5625 -0.00202196
-0.56 -0.00193944
-0.5575 -0.00186029
-0.555 -0.00178437
-0.5525 -0.00171155
-0.55 -0.0016417
-0.5475 -0.0015747
-0.545 -0.00151044
-0.5425 -0.0014488
-0.54 -0.00138967
-0.5375 -0.00133296
-0.535 -0.00127856
-0.5325 -0.00122638
-0.53 -0.00117633
-0.5275 -0.00112832
-0.525 -0.00108228
-0.5225 -0.00103811
-0.52 -0.000995741
-0.5175 -0.000955105
-0.515 -0.000916126
-0.5125 -0.000878739
-0.51 -0.000842877
-0.5075 -0.000808479
-0.505 -0.000775484
-0.5025 -0.000743836
-0.5 -0.00071348
-0.4975 -0.000684362
-0.495 -0.000656433
-0.4925 -0.000629644
-0.49 -0.000603948
-0.4875 -0.0005793
-0.485 -0.000555659
-0.4825 -0.000532982
-0.48 -0.000511231
-0.4775 -0.000490367
-0.475 -0.000470355
-0.4725 -0.000451159
-0.47 -0.000432747
-0.4675 -0.000415087
-0.465 -0.000398147
-0.4625 -0.000381898
-0.46 -0.000366313
-0.4575 -0.000351363
-0.455 -0.000337024
-0.4525 -0.00032327
-0.45 -0.000310077
-0.4475 -0.000297423
-0.445 -0.000285285
-0.4425 -0.000273642
-0.44 -0.000262475
-0.4375 -0.000251763
-0.435 -0.000241488
-0.4325 -0.000231633
-0.43 -0.00022218
-0.4275 -0.000213113
-0.425 -0.000204415
-0.4225 -0.000196073
-0.42 -0.000188071
-0.4175 -0.000180396
-0.415 -0.000173034
-0.4125 -0.000165972
-0.41 -0.000159199
-0.4075 -0.000152702
-0.405 -0.00014647
-0.4025 -0.000140493
-0.4 -0.000134759
-0.3975 -0.000129259
-0.395 -0.000123984
-0.3925 -0.000118924
-0.39 -0.000114071
-0.3875 -0.000109416
-0.385 -0.00010495
-0.3825 -0.000100667
-0.38 -9.6559e-05
-0.3775 -9.26184e-05
-0.375 -8.88386e-05
-0.3725 -8.5213e-05
-0.37 -8.17354e-05
-0.3675 -7.83998e-05
-0.365 -7.52002e-05
-0.3625 -7.21313e-05
-0.36 -6.91875e-05
-0.3575 -6.6364e-05
-0.355 -6.36556e-05
-0.3525 -6.10578e-05
-0.35 -5.8566e-05
-0.3475 -5.61759e-05
-0.345 -5.38833e-05
-0.3425 -5.16843e-05
-0.34 -4.9575e-05
-0.3375 -4.75519e-05
-0.335 -4.56112e-05
-0.3325 -4.37498e-05
-0.33 -4.19644e-05
-0.3275 -4.02518e-05
-0.325 -3.86091e-05
-0.3225 -3.70334e-05
-0.32 -3.55221e-05
-0.3175 -3.40724e-05
-0.315 -3.26819e-05
-0.3125 -3.13481e-05
-0.31 -3.00688e-05
-0.3075 -2.88417e-05
-0.305 -2.76646e-05
-0.3025 -2.65356e-05
-0.3 -2.54527e-05
