x E
0 0
0.05 0.024672
0.1 0.0986636
0.15 0.221902
0.2 0.394265
0.25 0.615583
0.3 0.885637
0.35 1.20416
0.4 1.57084
0.45 1.98532
0.5 2.44717
0.55 2.95596
0.6 3.51118
0.65 4.11227
0.7 4.75865
0.75 5.44967
0.8 6.18467
0.85 6.9629
0.9 7.7836
0.95 8.64597
1 9.54915
1.05 10.4922
1.1 11.4743
1.15 12.4944
1.2 13.5516
1.25 14.6447
1.3 15.7726
1.35 16.9344
1.4 18.1288
1.45 19.3546
1.5 20.6107
1.55 21.8958
1.6 23.2087
1.65 24.5479
1.7 25.9123
1.75 27.3005
1.8 28.711
1.85 30.1426
1.9 31.5938
1.95 33.0631
2 34.5492
2.05 36.0504
2.1 37.5655
2.15 39.0928
2.2 40.6309
2.25 42.1783
2.3 43.7333
2.35 45.2946
2.4 46.8605
2.45 48.4295
2.5 50
2.55 51.5705
2.6 53.1395
2.65 54.7054
2.7 56.2667
2.75 57.8217
2.8 59.3691
2.85 60.9072
2.9 62.4345
2.95 63.9496
3 65.4508
3.05 66.9369
3.1 68.4062
3.15 69.8574
3.2 71.289
3.25 72.6995
3.3 74.0877
3.35 75.4521
3.4 76.7913
3.45 78.1042
3.5 79.3893
3.55 80.6454
3.6 81.8712
3.65 83.0656
3.7 84.2274
3.75 85.3553
3.8 86.4484
3.85 87.5056
3.9 88.5257
3.95 89.5078
4 90.4508
4.05 91.354
4.1 92.2164
4.15 93.0371
4.2 93.8153
4.25 94.5503
4.3 95.2414
4.35 95.8877
4.4 96.4888
4.45 97.044
4.5 97.5528
4.55 98.0147
4.6 98.4292
4.65 98.7958
4.7 99.1144
4.75 99.3844
4.8 99.6057
4.85 99.7781
4.9 99.9013
4.95 99.9753
5 100
5.05 99.9679
5.1 99.8717
5.15 99.7115
5.2 99.4875
5.25 99.1997
5.3 98.8487
5.35 98.4346
5.4 97.9579
5.45 97.4191
5.5 96.8187
5.55 96.1572
5.6 95.4355
5.65 94.6541
5.7 93.8138
5.75 92.9154
5.8 91.9599
5.85 90.9482
5.9 89.8813
5.95 88.7602
6 87.5861
6.05 86.3601
6.1 85.0834
6.15 83.7572
6.2 82.383
6.25 80.9619
6.3 79.4956
6.35 77.9853
6.4 76.4326
6.45 74.839
6.5 73.206
6.55 71.5354
6.6 69.8287
6.65 68.0877
6.7 66.314
6.75 64.5094
6.8 62.6757
6.85 60.8146
6.9 58.9281
6.95 57.018
7 55.0861
7.05 53.1344
7.1 51.1648
7.15 49.1793
7.2 47.1798
7.25 45.1682
7.3 43.1467
7.35 41.117
7.4 39.0814
7.45 37.0417
7.5 35
7.55 32.9583
7.6 30.9186
7.65 28.883
7.7 26.8533
7.75 24.8318
7.8 22.8202
7.85 20.8207
7.9 18.8352
7.95 16.8656
8 14.9139
8.05 12.982
8.1 11.0719
8.15 9.18539
8.2 7.32435
8.25 5.49062
8.3 3.68601
8.35 1.91231
8.4 0.171258
8.45 -1.53542
8.5 -3.20604
8.55 -4.83896
8.6 -6.43256
8.65 -7.98527
8.7 -9.49556
8.75 -10.9619
8.8 -12.383
8.85 -13.7572
8.9 -15.0834
8.95 -16.3601
9 -17.5861
9.05 -18.7602
9.1 -19.8813
9.15 -20.9482
9.2 -21.9599
9.25 -22.9154
9.3 -23.8138
9.35 -24.6541
9.4 -25.4355
9.45 -26.1572
9.5 -26.8187
9.55 -27.4191
9.6 -27.9579
9.65 -28.4346
9.7 -28.8487
9.75 -29.1997
9.8 -29.4875
9.85 -29.7115
9.9 -29.8717
9.95 -29.9679
10 -30
