pH H3A H2A HA A
0 0.992936 0.00706419 4.39944e-10 2.00028e-22
0.05 0.992081 0.00791932 5.5338e-10 2.82304e-22
0.1 0.991123 0.00887705 6.95992e-10 3.98381e-22
0.15 0.990051 0.00994943 8.75254e-10 5.62119e-22
0.2 0.98885 0.0111499 1.10054e-09 7.93051e-22
0.25 0.987507 0.0124934 1.38362e-09 1.11869e-21
0.3 0.986004 0.0139965 1.73922e-09 1.57779e-21
0.35 0.984322 0.0156776 2.18582e-09 2.22489e-21
0.4 0.982443 0.0175569 2.74653e-09 3.13674e-21
0.45 0.980343 0.0196571 3.45028e-09 4.42129e-21
0.5 0.977997 0.0220028 4.33326e-09 6.23029e-21
0.55 0.975379 0.0246215 5.44064e-09 8.77695e-21
0.6 0.972457 0.027543 6.82884e-09 1.23606e-20
0.65 0.9692 0.0308002 8.56821e-09 1.74014e-20
0.7 0.965571 0.0344291 1.07463e-08 2.44881e-20
0.75 0.961532 0.0384684 1.34723e-08 3.44456e-20
0.8 0.957039 0.0429606 1.68813e-08 4.84284e-20
0.85 0.952049 0.0479513 2.11415e-08 6.80503e-20
0.9 0.946511 0.0534892 2.64608e-08 9.55644e-20
0.95 0.940373 0.0596268 3.30961e-08 1.34113e-19
1 0.933581 0.0664191 4.13646e-08 1.88071e-19
1.05 0.926076 0.0739243 5.16563e-08 2.63522e-19
1.1 0.917797 0.082203 6.44501e-08 3.68907e-19
1.15 0.908683 0.0913173 8.03321e-08 5.15921e-19
1.2 0.898669 0.101331 1.00018e-07 7.20727e-19
1.25 0.887694 0.112306 1.24377e-07 1.00562e-18
1.3 0.875694 0.124306 1.54465e-07 1.40127e-18
1.35 0.86261 0.13739 1.91554e-07 1.94978e-18
1.4 0.848387 0.151613 2.37176e-07 2.70872e-18
1.45 0.832978 0.167022 2.93164e-07 3.75668e-18
1.5 0.816341 0.183659 3.617e-07 5.20046e-18
1.55 0.798447 0.201552 4.45372e-07 7.18484e-18
1.6 0.779282 0.220717 5.47232e-07 9.90525e-18
1.65 0.758845 0.241154 6.70857e-07 1.36246e-17
1.7 0.737154 0.262845 8.20418e-07 1.86952e-17
1.75 0.714247 0.285752 1.00075e-06 2.5587e-17
1.8 0.690182 0.309817 1.21742e-06 3.49248e-17
1.85 0.665041 0.334957 1.47681e-06 4.75356e-17
1.9 0.638927 0.361071 1.78619e-06 6.45093e-17
1.95 0.611966 0.388032 2.15379e-06 8.72766e-17
2 0.5843 0.415697 2.58889e-06 1.17708e-16
2.05 0.556093 0.443904 3.10188e-06 1.58241e-16
2.1 0.52752 0.472476 3.70438e-06 2.12036e-16
2.15 0.498765 0.50123 4.40933e-06 2.83183e-16
2.2 0.470019 0.529976 5.23109e-06 3.76952e-16
2.25 0.44147 0.558524 6.18554e-06 5.00117e-16
2.3 0.413302 0.58669 7.29029e-06 6.61361e-16
2.35 0.385691 0.6143 8.56478e-06 8.71787e-16
2.4 0.358796 0.641193 1.00306e-05 1.14556e-15
2.45 0.332761 0.667227 1.17114e-05 1.50073e-15
2.5 0.307709 0.692278 1.36338e-05 1.96024e-15
2.55 0.28374 0.716244 1.58269e-05 2.55324e-15
2.6 0.260934 0.739047 1.83235e-05 3.31667e-15
2.65 0.239349 0.760629 2.11597e-05 4.29737e-15
2.7 0.219021 0.780955 2.4376e-05 5.55464e-15
2.75 0.199965 0.800007 2.80175e-05 7.16347e-15
2.8 0.18218 0.817788 3.21349e-05 9.21872e-15
2.85 0.165649 0.834314 3.67845e-05 1.18402e-14
2.9 0.150342 0.849616 4.20299e-05 1.51793e-14
2.95 0.136219 0.863733 4.79419e-05 1.94272e-14
3 0.12323 0.876715 5.46002e-05 2.48249e-14
3.05 0.11132 0.888618 6.20942e-05 3.1677e-14
3.1 0.100429 0.8995 7.0524e-05 4.03674e-14
3.15 0.0904953 0.909425 8.00023e-05 5.13803e-14
3.2 0.0814548 0.918455 9.06553e-05 6.53262e-14
3.25 0.0732447 0.926653 0.000102625 8.29749e-14
3.3 0.0658027 0.934081 0.00011607 1.05297e-13
3.35 0.0590686 0.9408 0.00013117 1.33514e-13
3.4 0.0529844 0.946867 0.000148124 1.69168e-13
3.45 0.0474952 0.952338 0.000167158 2.14201e-13
3.5 0.0425491 0.957262 0.000188524 2.71057e-13
3.55 0.0380973 0.96169 0.000212506 3.42819e-13
3.6 0.0340946 0.965666 0.000239421 4.33368e-13
3.65 0.0304991 0.969231 0.000269627 5.47592e-13
3.7 0.0272719 0.972425 0.000303523 6.91649e-13
3.75 0.0243775 0.975281 0.000341559 8.73292e-13
3.8 0.0217833 0.977832 0.000384238 1.10229e-12
3.85 0.0194596 0.980108 0.000432125 1.39093e-12
3.9 0.0173792 0.982135 0.000485855 1.75469e-12
3.95 0.0155177 0.983936 0.000546138 2.21308e-12
4 0.0138526 0.985534 0.000613772 2.79062e-12
4.05 0.0123638 0.986947 0.000689651 3.51822e-12
4.1 0.0110332 0.988192 0.000774778 4.43477e-12
4.15 0.00984421 0.989286 0.000870277 5.58922e-12
4.2 0.00878213 0.99024 0.000977409 7.04321e-12
4.25 0.00783363 0.991069 0.00109759 8.87429e-12
4.3 0.00698674 0.991781 0.0012324 1.11801e-11
4.35 0.00623074 0.992386 0.00138362 1.40835e-11
4.4 0.00555598 0.992891 0.00155324 1.77391e-11
4.45 0.00495383 0.993303 0.00174348 2.23414e-11
4.5 0.00441654 0.993627 0.00195686 2.81354e-11
4.55 0.0039372 0.993867 0.00219616 3.54289e-11
4.6 0.00350959 0.994026 0.00246453 4.46095e-11
4.65 0.00312818 0.994106 0.00276547 5.61646e-11
4.7 0.002788 0.994109 0.00310291 7.07072e-11
4.75 0.00248462 0.994034 0.00348126 8.90084e-11
4.8 0.00221408 0.99388 0.00390544 1.12038e-10
4.85 0.00197284 0.993646 0.00438094 1.41014e-10
4.9 0.00175773 0.993328 0.00491393 1.77469e-10
4.95 0.00156594 0.992923 0.00551126 2.23329e-10
5 0.00139494 0.992424 0.00618064 2.81013e-10
5.05 0.0012425 0.991827 0.00693061 3.53562e-10
5.1 0.00110659 0.991123 0.00777075 4.44792e-10
5.15 0.000985433 0.990303 0.00871172 5.59497e-10
5.2 0.000877429 0.989357 0.00976537 7.03692e-10
5.25 0.000781154 0.988274 0.0109449 8.84926e-10
5.3 0.000695334 0.98704 0.0122651 1.11266e-09
5.35 0.000618838 0.985639 0.0137421 1.39877e-09
5.4 0.000550654 0.984055 0.0153941 1.75812e-09
5.45 0.00048988 0.982269 0.0172411 2.20933e-09
5.5 0.000435712 0.980259 0.0193053 2.77569e-09
5.55 0.000387435 0.978002 0.021611 3.48634e-09
5.6 0.000344408 0.97547 0.0241852 4.37768e-09
5.65 0.000306062 0.972637 0.0270574 5.49516e-09
5.7 0.00027189 0.969468 0.03026 6.89546e-09
5.75 0.000241438 0.96593 0.0338284 8.64919e-09
5.8 0.000214302 0.961985 0.0378011 1.08442e-08
5.85 0.000190125 0.95759 0.0422197 1.35897e-08
5.9 0.000168584 0.952702 0.0471295 1.70211e-08
5.95 0.000149394 0.947272 0.0525788 2.13061e-08
6 0.000132301 0.941248 0.0586192 2.66523e-08
6.05 0.000117078 0.934577 0.0653057 3.33154e-08
6.1 0.000103522 0.927201 0.0726958 4.16105e-08
6.15 9.14539e-05 0.919059 0.0808498 5.19246e-08
6.2 8.07129e-05 0.91009 0.0898297 6.47312e-08
6.25 7.11562e-05 0.90023 0.0996987 8.0609e-08
6.3 6.26563e-05 0.889417 0.11052 1.00262e-07
6.35 5.50998e-05 0.877588 0.122356 1.24543e-07
6.4 4.83856e-05 0.864684 0.135267 1.54485e-07
6.45 4.24238e-05 0.850648 0.149309 1.91329e-07
6.5 3.71339e-05 0.835432 0.164531 2.3656e-07
6.55 3.24444e-05 0.818993 0.180974 2.91951e-07
6.6 2.82914e-05 0.801302 0.19867 3.59605e-07
6.65 2.46181e-05 0.782339 0.217636 4.42002e-07
6.7 2.13734e-05 0.762103 0.237875 5.42055e-07
6.75 1.85118e-05 0.740608 0.259373 6.6316e-07
6.8 1.59925e-05 0.71789 0.282094 8.09259e-07
6.85 1.37791e-05 0.694003 0.305983 9.84897e-07
6.9 1.18386e-05 0.669025 0.330962 1.19529e-06
6.95 1.01416e-05 0.643057 0.356932 1.44637e-06
7 8.66153e-06 0.616219 0.38377 1.74488e-06
7.05 7.37428e-06 0.588655 0.411336 2.09841e-06
7.1 6.25823e-06 0.560522 0.439469 2.51549e-06
7.15 5.29379e-06 0.531995 0.467997 3.00564e-06
7.2 4.46322e-06 0.503257 0.496735 3.57947e-06
7.25 3.75053e-06 0.474497 0.525495 4.24877e-06
7.3 3.14124e-06 0.445905 0.554087 5.02657e-06
7.35 2.62234e-06 0.417667 0.582325 5.92733e-06
7.4 2.18211e-06 0.389958 0.610033 6.96702e-06
7.45 1.81007e-06 0.362942 0.637048 8.16331e-06
7.5 1.49687e-06 0.336764 0.663225 9.53575e-06
7.55 1.23421e-06 0.311551 0.688437 1.1106e-05
7.6 1.01474e-06 0.287407 0.712579 1.28981e-05
7.65 8.32044e-07 0.264416 0.735568 1.49388e-05
7.7 6.80482e-07 0.242637 0.757345 1.72579e-05
7.75 5.55174e-07 0.222111 0.777868 1.98884e-05
7.8 4.51905e-07 0.202856 0.797121 2.28675e-05
7.85 3.67057e-07 0.184874 0.8151 2.62364e-05
7.9 2.97545e-07 0.168149 0.831821 3.00416e-05
7.95 2.4075e-07 0.152654 0.847312 3.4335e-05
8 1.94462e-07 0.138349 0.861612 3.91747e-05
8.05 1.56825e-07 0.125186 0.874769 4.46259e-05
8.1 1.2629e-07 0.113112 0.886837 5.07619e-05
8.15 1.01564e-07 0.102066 0.897876 5.76648e-05
8.2 8.15801e-08 0.0919867 0.907948 6.54267e-05
8.25 6.54556e-08 0.082811 0.917115 7.41511e-05
8.3 5.24653e-08 0.0744754 0.925441 8.39542e-05
8.35 4.20145e-08 0.0669176 0.932987 9.49664e-05
8.4 3.36176e-08 0.0600768 0.939816 0.000107334
8.45 2.68786e-08 0.0538949 0.945984 0.000121221
8.5 2.1476e-08 0.0483164 0.951547 0.000136812
8.55 1.71488e-08 0.0432888 0.956557 0.000154314
8.6 1.3686e-08 0.0387629 0.961063 0.000173959
8.65 1.09169e-08 0.034693 0.965111 0.000196007
8.7 8.70426e-09 0.0310365 0.968743 0.000220751
8.75 6.93727e-09 0.0277542 0.971997 0.000248519
8.8 5.52698e-09 0.0248101 0.97491 0.000279678
8.85 4.40196e-09 0.0221711 0.977514 0.000314642
8.9 3.50492e-09 0.019807 0.979839 0.000353874
8.95 2.78995e-09 0.0176904 0.981912 0.000397893
9 2.2203e-09 0.0157962 0.983757 0.000447282
9.05 1.76658e-09 0.0141018 0.985395 0.000502695
9.1 1.40532e-09 0.0125868 0.986848 0.000564865
9.15 1.11773e-09 0.0112326 0.988133 0.000634613
9.2 8.88865e-10 0.0100225 0.989265 0.000712864
9.25 7.06759e-10 0.00894154 0.990258 0.000800649
9.3 5.6189e-10 0.00797614 0.991125 0.00089913
9.35 4.46664e-10 0.00711413 0.991876 0.0010096
9.4 3.55029e-10 0.0063446 0.992522 0.00113353
9.45 2.82165e-10 0.00565775 0.99307 0.00127255
9.5 2.24235e-10 0.0050448 0.993527 0.00142848
9.55 1.78183e-10 0.00449786 0.993899 0.00160338
9.6 1.41577e-10 0.0040099 0.994191 0.00179955
9.65 1.12483e-10 0.0035746 0.994406 0.00201956
9.7 8.93612e-11 0.00318632 0.994547 0.00226631
9.75 7.09871e-11 0.00284001 0.994617 0.00254302
9.8 5.63869e-11 0.00253116 0.994616 0.00285331
9.85 4.47865e-11 0.00225573 0.994543 0.00320124
9.9 3.557e-11 0.00201013 0.994399 0.00359132
9.95 2.8248e-11 0.00179114 0.99418 0.00402865
10 2.24316e-11 0.00159588 0.993885 0.00451887
10.05 1.78113e-11 0.00142179 0.99351 0.00506835
10.1 1.41415e-11 0.00126659 0.993049 0.00568414
10.15 1.12267e-11 0.00112822 0.992498 0.00637417
10.2 8.91186e-12 0.00100487 0.991848 0.00714725
10.25 7.07355e-12 0.000894908 0.991092 0.00801324
10.3 5.61378e-12 0.000796886 0.99022 0.00898309
10.35 4.45468e-12 0.000709509 0.989221 0.010069
10.4 3.53441e-12 0.000631623 0.988084 0.0112846
10.45 2.80381e-12 0.000562199 0.986793 0.012645
10.5 2.22385e-12 0.000500319 0.985333 0.014167
10.55 1.76352e-12 0.000445165 0.983686 0.015869
10.6 1.39817e-12 0.000396006 0.981832 0.0177718
10.65 1.10825e-12 0.000352192 0.97975 0.019898
10.7 8.78217e-13 0.000313143 0.977414 0.0222727
10.75 6.95726e-13 0.000278342 0.974798 0.0249235
10.8 5.50976e-13 0.000247328 0.971872 0.0278807
10.85 4.36183e-13 0.00021969 0.968603 0.0311774
10.9 3.45168e-13 0.000195061 0.964955 0.0348499
10.95 2.73021e-13 0.000173116 0.960889 0.0389374
11 2.15847e-13 0.000153563 0.956364 0.0434828
11.05 1.70551e-13 0.000136143 0.951332 0.0485318
11.1 1.34678e-13 0.000120625 0.945746 0.0541338
11.15 1.06278e-13 0.000106803 0.939552 0.0603413
11.2 8.38037e-14 9.4494e-05 0.932696 0.06721
11.25 6.60268e-14 8.35337e-05 0.925118 0.0747982
11.3 5.19731e-14 7.37768e-05 0.91676 0.0831667
11.35 4.08693e-14 6.50936e-05 0.907557 0.0923779
11.4 3.2102e-14 5.73685e-05 0.897448 0.102495
11.45 2.51847e-14 5.04985e-05 0.886368 0.113582
11.5 1.97316e-14 4.43918e-05 0.874256 0.125699
11.55 1.54367e-14 3.89668e-05 0.861054 0.138907
11.6 1.20575e-14 3.41505e-05 0.846707 0.153259
11.65 9.40181e-15 2.9878e-05 0.831166 0.168804
11.7 7.31743e-15 2.60915e-05 0.814395 0.185579
11.75 5.68375e-15 2.27392e-05 0.796364 0.203613
11.8 4.40533e-15 1.97751e-05 0.77706 0.22292
11.85 3.40662e-15 1.71579e-05 0.756485 0.243497
11.9 2.6279e-15 1.48508e-05 0.734659 0.265326
11.95 2.02196e-15 1.28208e-05 0.711622 0.288365
12 1.55151e-15 1.10381e-05 0.687435 0.312554
12.05 1.18714e-15 9.47636e-06 0.662182 0.337809
12.1 9.05647e-16 8.11147e-06 0.635968 0.364024
12.15 6.88787e-16 6.92191e-06 0.608922 0.391071
12.2 5.22205e-16 5.88819e-06 0.581189 0.418805
12.25 3.94636e-16 4.99272e-06 0.552934 0.447061
12.3 2.97255e-16 4.21959e-06 0.524332 0.475664
12.35 2.23166e-16 3.55442e-06 0.495569 0.504427
12.4 1.66989e-16 2.9842e-06 0.466836 0.533161
12.45 1.24542e-16 2.49722e-06 0.438321 0.561677
12.5 9.25821e-17 2.0829e-06 0.410208 0.58979
12.55 6.86035e-17 1.73176e-06 0.382669 0.617329
12.6 5.06765e-17 1.43532e-06 0.355863 0.644135
12.65 3.73205e-17 1.18601e-06 0.329932 0.670067
12.7 2.74042e-17 9.77141e-07 0.304995 0.695004
12.75 2.00662e-17 8.02798e-07 0.281153 0.718847
12.8 1.46538e-17 6.57798e-07 0.258481 0.741519
12.85 1.06742e-17 5.3762e-07 0.237034 0.762965
12.9 7.75668e-18 4.38346e-07 0.216847 0.783153
12.95 5.62393e-18 3.566e-07 0.197932 0.802067
13 4.06903e-18 2.89489e-07 0.180288 0.819712
13.05 2.93826e-18 2.34547e-07 0.163895 0.836104
13.1 2.11788e-18 1.89689e-07 0.148723 0.851277
13.15 1.52399e-18 1.53152e-07 0.134728 0.865272
13.2 1.09494e-18 1.23462e-07 0.121862 0.878138
13.25 7.85572e-19 9.93864e-08 0.110068 0.889932
13.3 5.6288e-19 7.99018e-08 0.099287 0.900713
13.35 4.02838e-19 6.4161e-08 0.0894555 0.910544
13.4 2.87989e-19 5.14656e-08 0.0805105 0.919489
13.45 2.05682e-19 4.12417e-08 0.0723889 0.927611
13.5 1.46767e-19 3.30194e-08 0.0650286 0.934971
13.55 1.04643e-19 2.6415e-08 0.0583696 0.94163
13.6 7.45548e-20 2.11162e-08 0.0523543 0.947646
13.65 5.3083e-20 1.68693e-08 0.046928 0.953072
13.7 3.77726e-20 1.34685e-08 0.0420391 0.957961
13.75 2.68638e-20 1.07475e-08 0.0376395 0.96236
13.8 1.90963e-20 8.57214e-09 0.0336841 0.966316
13.85 1.35688e-20 6.83413e-09 0.0301314 0.969869
13.9 9.63757e-21 5.44639e-09 0.0269429 0.973057
13.95 6.84293e-21 4.33893e-09 0.0240834 0.975917
14 4.85714e-21 3.45559e-09 0.0215208 0.978479
