x y
0.2 1
0.200032 0.984128
0.200127 0.968508
0.200284 0.953139
0.200502 0.938018
0.20078 0.923141
0.201119 0.908505
0.201516 0.894108
0.201972 0.879947
0.202486 0.866018
0.203057 0.852319
0.203685 0.838847
0.20437 0.825599
0.205111 0.812571
0.205908 0.799762
0.20676 0.787167
0.207668 0.774784
0.208631 0.762611
0.209649 0.750643
0.210722 0.738879
0.21185 0.727315
0.213033 0.715948
0.21427 0.704777
0.215563 0.693797
0.216911 0.683006
0.218313 0.672402
0.219771 0.661981
0.221285 0.651741
0.222854 0.641679
0.224479 0.631793
0.22616 0.62208
0.227898 0.612537
0.229693 0.603161
0.231544 0.593951
0.233453 0.584903
0.235421 0.576016
0.237446 0.567286
0.239531 0.558712
0.241674 0.55029
0.243878 0.542019
0.246142 0.533896
0.248467 0.525919
0.250854 0.518085
0.253303 0.510393
0.255815 0.50284
0.258391 0.495424
0.261031 0.488143
0.263735 0.480995
0.266506 0.473977
0.269343 0.467088
0.272248 0.460325
0.275221 0.453687
0.278262 0.447171
0.281374 0.440777
0.284557 0.434501
0.287811 0.428342
0.291138 0.422298
0.294539 0.416367
0.298015 0.410548
0.301566 0.404838
0.305194 0.399237
0.3089 0.393742
0.312686 0.388352
0.316551 0.383065
0.320498 0.377879
0.324527 0.372794
0.32864 0.367806
0.332838 0.362916
0.337122 0.358121
0.341494 0.35342
0.345955 0.348811
0.350506 0.344294
0.355148 0.339866
0.359884 0.335527
0.364714 0.331275
0.36964 0.327108
0.374664 0.323026
0.379786 0.319028
0.385009 0.315111
0.390334 0.311276
0.395763 0.30752
0.401297 0.303843
0.406938 0.300243
0.412688 0.29672
0.418548 0.293272
0.424521 0.289899
0.430607 0.286599
0.436809 0.283371
0.443129 0.280215
0.449568 0.277129
0.456129 0.274113
0.462812 0.271165
0.469622 0.268286
0.476558 0.265473
0.483624 0.262727
0.490822 0.260046
0.498152 0.25743
0.505619 0.254879
0.513223 0.25239
0.520967 0.249964
0.528853 0.2476
0.536884 0.245298
0.545062 0.243056
0.553388 0.240874
0.561866 0.238753
0.570498 0.23669
0.579286 0.234686
0.588232 0.23274
0.59734 0.230853
0.606611 0.229022
0.616048 0.227249
0.625654 0.225532
0.635431 0.223871
0.645381 0.222267
0.655509 0.220719
0.665815 0.219226
0.676304 0.217788
0.686977 0.216406
0.697837 0.215078
0.708888 0.213806
0.720131 0.212589
0.73157 0.211426
0.743208 0.210319
0.755047 0.209266
0.76709 0.208268
0.779341 0.207326
0.791802 0.206438
0.804476 0.205606
0.817366 0.20483
0.830475 0.20411
0.843805 0.203446
0.857361 0.202839
0.871145 0.202289
0.885159 0.201797
0.899407 0.201362
0.913892 0.200987
0.928617 0.20067
0.943584 0.200414
0.958797 0.200218
0.974258 0.200084
0.98997 0.200013
1.00594 0.200004
1.02216 0.200061
1.03864 0.200182
1.05539 0.20037
1.0724 0.200626
1.08968 0.200952
1.10723 0.201348
1.12505 0.201816
1.14315 0.202358
1.16153 0.202975
1.18018 0.20367
1.19912 0.204444
1.21834 0.205299
1.23785 0.206238
1.25765 0.207262
1.27773 0.208375
1.29811 0.209578
1.31877 0.210875
1.33973 0.212268
1.36099 0.21376
1.38254 0.215355
1.40438 0.217057
1.42652 0.218867
1.44895 0.220792
1.47168 0.222834
1.4947 0.224998
1.51802 0.227288
1.54162 0.229709
1.56551 0.232266
1.5897 0.234965
1.61416 0.23781
1.63891 0.240809
1.66393 0.243967
1.68922 0.24729
1.71479 0.250786
1.74061 0.254463
1.76669 0.258327
1.79302 0.262388
1.81959 0.266654
1.84639 0.271133
1.87342 0.275836
1.90066 0.280773
1.9281 0.285955
1.95572 0.291393
1.98352 0.297099
2.01149 0.303086
2.03959 0.309366
2.06782 0.315955
2.09616 0.322867
2.12459 0.330117
2.15309 0.337722
2.18162 0.3457
2.21017 0.354068
2.23872 0.362846
2.26722 0.372053
2.29565 0.381712
2.32398 0.391843
2.35218 0.402471
2.38019 0.41362
2.40799 0.425315
2.43553 0.437583
2.46277 0.450451
2.48965 0.463949
2.51613 0.478106
2.54216 0.492954
2.56767 0.508526
2.59262 0.524854
2.61693 0.541973
2.64054 0.559919
2.66339 0.578728
2.6854 0.598437
2.70649 0.619085
2.72661 0.640709
2.74565 0.663348
2.76355 0.687041
2.78022 0.711826
2.79557 0.737742
2.80952 0.764825
2.82197 0.793112
2.83284 0.822637
2.84204 0.853433
2.84947 0.885529
2.85506 0.918952
2.8587 0.953724
2.86032 0.989865
2.85983 1.02739
2.85716 1.0663
2.85223 1.1066
2.84498 1.14828
2.83534 1.19133
2.82326 1.23573
2.80871 1.28144
2.79163 1.32843
2.77203 1.37663
2.74987 1.42598
2.72517 1.47641
2.69795 1.52783
2.66822 1.58014
2.63605 1.63323
2.60148 1.68698
2.56459 1.74125
2.52547 1.7959
2.48422 1.85078
2.44097 1.90573
2.39583 1.96057
2.34896 2.01513
2.30051 2.06924
2.25063 2.12272
2.19949 2.17537
2.14728 2.22703
2.09416 2.27752
2.04032 2.32665
1.98595 2.37428
1.93121 2.42024
1.8763 2.46438
1.82137 2.50658
1.76659 2.5467
1.71212 2.58463
1.65811 2.62029
1.6047 2.65359
1.55201 2.68446
1.50017 2.71285
1.44926 2.73872
1.3994 2.76206
1.35066 2.78285
1.3031 2.80109
1.25679 2.81681
1.21178 2.83004
1.1681 2.8408
1.12578 2.84916
1.08483 2.85516
1.04528 2.85887
1.00711 2.86036
0.970332 2.85971
0.934927 2.85699
0.90088 2.8523
0.868171 2.84571
0.836775 2.83732
0.806664 2.82722
0.777806 2.81549
0.750168 2.80223
0.723715 2.78752
0.69841 2.77145
0.674215 2.75411
0.651091 2.73559
0.629001 2.71596
0.607905 2.69531
0.587765 2.67371
0.568542 2.65125
0.5502 2.62798
0.532701 2.60399
0.51601 2.57933
0.500092 2.55407
0.484912 2.52828
0.470438 2.502
0.456638 2.47529
0.443481 2.44822
0.430938 2.42081
0.41898 2.39313
0.407581 2.36521
0.396715 2.33709
0.386355 2.30882
0.37648 2.28043
0.367066 2.25196
0.358091 2.22343
0.349535 2.19488
0.341379 2.16633
0.333603 2.13781
0.32619 2.10935
0.319123 2.08097
0.312386 2.05268
0.305964 2.02452
0.299843 1.99649
0.294008 1.96861
0.288447 1.9409
0.283148 1.91337
0.278099 1.88604
0.273288 1.85891
0.268706 1.83201
0.264342 1.80533
0.260188 1.77889
0.256233 1.75269
0.25247 1.72674
0.248891 1.70106
0.245489 1.67564
0.242255 1.65049
0.239183 1.62561
0.236267 1.60102
0.233501 1.57671
0.230879 1.55268
0.228395 1.52894
0.226045 1.50549
0.223823 1.48233
0.221725 1.45947
0.219747 1.4369
0.217883 1.41462
0.216132 1.39264
0.214488 1.37096
0.212948 1.34956
0.211509 1.32847
0.210168 1.30767
0.208922 1.28715
0.207767 1.26694
0.206702 1.24701
0.205724 1.22736
0.204831 1.20801
0.204019 1.18894
0.203288 1.17015
0.202635 1.15165
0.202058 1.13342
0.201556 1.11547
0.201127 1.0978
0.200769 1.08039
0.200481 1.06326
0.200261 1.04639
0.200109 1.02978
0.200022 1.01344
0.200001 0.997352
0.200043 0.981521
0.200148 0.965944
0.200316 0.950616
0.200544 0.935535
0.200832 0.920698
0.201181 0.906102
0.201588 0.891745
0.202053 0.877622
0.202577 0.863732
0.203157 0.850071
0.203795 0.836636
0.204489 0.823425
0.205239 0.810433
0.206045 0.79766
0.206907 0.7851
0.207824 0.772752
0.208796 0.760613
0.209823 0.748679
0.210905 0.736948
0.212042 0.725417
0.213234 0.714084
0.214481 0.702944
0.215783 0.691996
0.217139 0.681236
0.218551 0.670662
0.220018 0.660271
0.221541 0.650061
0.22312 0.640029
0.224754 0.630171
0.226444 0.620486
0.228192 0.610971
0.229996 0.601623
0.231857 0.59244
0.233775 0.583419
0.235752 0.574558
0.237788 0.565854
0.239882 0.557305
0.242036 0.548909
0.244249 0.540662
0.246523 0.532564
0.248859 0.524611
0.251256 0.516801
0.253715 0.509132
0.256238 0.501602
0.258824 0.494208
0.261474 0.486949
0.26419 0.479823
0.266972 0.472826
0.26982 0.465958
0.272736 0.459216
0.27572 0.452599
0.278773 0.446103
0.281897 0.439728
0.285091 0.433472
0.288357 0.427332
0.291697 0.421307
0.29511 0.415395
0.298598 0.409594
0.302162 0.403903
0.305803 0.398319
0.309522 0.392842
0.313321 0.387469
0.317199 0.382198
0.32116 0.37703
0.325203 0.37196
0.32933 0.366989
0.333542 0.362115
0.337841 0.357335
0.342227 0.35265
0.346703 0.348056
0.351269 0.343554
0.355927 0.339141
0.360678 0.334816
0.365524 0.330578
0.370466 0.326426
0.375506 0.322358
0.380645 0.318373
0.385885 0.31447
0.391227 0.310648
0.396673 0.306905
0.402225 0.303241
0.407884 0.299654
0.413652 0.296143
0.41953 0.292708
0.425521 0.289347
0.431627 0.286059
0.437848 0.282843
0.444188 0.279698
0.450647 0.276624
0.457228 0.273619
0.463932 0.270683
0.470763 0.267815
0.47772 0.265014
0.484808 0.262278
0.492027 0.259608
0.49938 0.257003
0.506869 0.254462
0.514497 0.251984
0.522264 0.249568
0.530174 0.247214
0.538229 0.244922
0.546431 0.24269
0.554783 0.240519
0.563286 0.238407
0.571943 0.236354
0.580757 0.23436
0.58973 0.232423
0.598865 0.230545
0.608163 0.228724
0.617628 0.22696
0.627262 0.225253
0.637068 0.223602
0.647048 0.222007
0.657205 0.220467
0.667541 0.218983
0.67806 0.217555
0.688764 0.216182
0.699655 0.214864
0.710738 0.2136
0.722013 0.212392
0.733485 0.211239
0.745156 0.21014
0.757029 0.209097
0.769106 0.208108
0.781392 0.207175
0.793888 0.206297
0.806597 0.205474
0.819523 0.204707
0.832669 0.203996
0.846036 0.203342
0.85963 0.202744
0.873451 0.202204
0.887504 0.201721
0.901791 0.201296
0.916316 0.20093
0.93108 0.200624
0.946088 0.200377
0.961342 0.200192
0.976845 0.200068
0.992599 0.200007
1.00861 0.200009
1.02488 0.200076
1.0414 0.200209
1.05819 0.200408
1.07525 0.200676
1.09257 0.201013
1.11017 0.20142
1.12804 0.201901
1.14618 0.202455
1.1646 0.203085
1.1833 0.203793
1.20229 0.20458
1.22156 0.205449
1.24111 0.206401
1.26096 0.20744
1.28109 0.208568
1.30151 0.209786
1.32223 0.211099
1.34324 0.212508
1.36454 0.214017
1.38614 0.21563
1.40803 0.217349
1.43022 0.219178
1.4527 0.221122
1.47547 0.223184
1.49854 0.225368
1.52191 0.22768
1.54556 0.230123
1.5695 0.232703
1.59373 0.235426
1.61824 0.238296
1.64303 0.241321
1.6681 0.244506
1.69344 0.247857
1.71905 0.251383
1.74492 0.25509
1.77104 0.258987
1.79741 0.263081
1.82402 0.267381
1.85086 0.271897
1.87792 0.276638
1.90519 0.281615
1.93266 0.286838
1.96032 0.29232
1.98815 0.298071
2.01613 0.304106
2.04426 0.310436
2.07251 0.317078
2.10087 0.324044
2.12931 0.331352
2.15781 0.339018
2.18635 0.347059
2.21491 0.355494
2.24345 0.364341
2.27194 0.373622
2.30036 0.383358
2.32867 0.39357
2.35683 0.404283
2.38481 0.41552
2.41257 0.427308
2.44007 0.439673
2.46725 0.452644
2.49407 0.466249
2.52048 0.480519
2.54642 0.495484
2.57185 0.511179
2.59669 0.527635
2.62089 0.544889
2.64438 0.562976
2.66709 0.581931
2.68896 0.601794
2.7099 0.6226
2.72984 0.64439
2.7487 0.667201
2.7664 0.691072
2.78286 0.716042
2.79798 0.742149
2.81169 0.769429
2.82388 0.797919
2.83448 0.827653
2.84339 0.858662
2.85053 0.890976
2.8558 0.924621
2.85911 0.959619
2.86039 0.995987
2.85954 1.03374
2.8565 1.07288
2.85119 1.11341
2.84355 1.15532
2.83351 1.1986
2.82102 1.24322
2.80605 1.28914
2.78856 1.33633
2.76853 1.38473
2.74595 1.43426
2.72084 1.48487
2.69319 1.53644
2.66306 1.58889
2.63048 1.6421
2.59552 1.69594
2.55826 1.75029
2.51878 1.80499
2.47719 1.85989
2.43361 1.91483
2.38818 1.96964
2.34104 2.02414
2.29233 2.07816
2.24223 2.13151
2.19091 2.18401
2.13853 2.23548
2.08528 2.28576
2.03134 2.33466
1.9769 2.38202
1.92212 2.42768
1.86719 2.47151
1.81227 2.51337
1.75754 2.55314
1.70313 2.5907
1.64922 2.62597
1.59591 2.65887
1.54336 2.68933
1.49166 2.71731
1.44093 2.74276
1.39124 2.76568
1.34269 2.78605
1.29534 2.80387
1.24924 2.81918
1.20445 2.83199
1.16099 2.84235
1.1189 2.85031
1.07818 2.85593
1.03886 2.85927
1.00092 2.8604
0.96437 2.8594
0.929191 2.85635
0.895367 2.85134
0.862878 2.84445
0.831697 2.83577
0.801795 2.82539
0.773142 2.8134
0.745703 2.79989
0.719443 2.78495
0.694324 2.76866
0.670309 2.75112
0.64736 2.73241
0.625437 2.71261
0.604502 2.69179
0.584516 2.67005
0.565442 2.64744
0.547243 2.62405
0.52988 2.59994
0.51332 2.57518
0.497526 2.54983
0.482465 2.52395
0.468105 2.4976
0.454414 2.47083
0.44136 2.4437
0.428916 2.41624
0.417053 2.38852
0.405744 2.36056
0.394963 2.33242
0.384686 2.30412
0.374889 2.27572
0.365549 2.24723
0.356645 2.2187
0.348156 2.19015
0.340064 2.1616
0.332349 2.13309
0.324995 2.10464
0.317984 2.07627
0.3113 2.04801
0.304929 2.01986
0.298856 1.99186
0.293068 1.964
0.287551 1.93632
0.282294 1.90883
0.277285 1.88153
0.272513 1.85444
0.267968 1.82757
0.26364 1.80093
0.259519 1.77453
0.255597 1.74837
0.251865 1.72247
0.248315 1.69683
0.244941 1.67145
0.241735 1.64635
0.238689 1.62152
0.235798 1.59697
0.233057 1.5727
0.230458 1.54872
0.227997 1.52503
0.225668 1.50163
0.223467 1.47852
0.221389 1.45571
0.21943 1.43318
0.217586 1.41096
0.215852 1.38903
0.214225 1.36739
0.212703 1.34605
0.21128 1.325
0.209955 1.30425
0.208724 1.28378
0.207585 1.26361
0.206534 1.24373
0.20557 1.22414
0.204691 1.20483
0.203893 1.18581
0.203175 1.16707
0.202534 1.14861
0.20197 1.13043
0.20148 1.11252
0.201063 1.09489
0.200716 1.07753
0.20044 1.06044
0.200231 1.04362
0.20009 1.02706
0.200014 1.01075
0.200004 0.994711
0.200056 0.978922
0.200172 0.963386
0.200349 0.9481
0.200588 0.933059
0.200886 0.918263
0.201244 0.903707
0.201661 0.889388
0.202136 0.875304
0.202669 0.861452
0.203259 0.847829
0.203906 0.834431
0.204609 0.821256
0.205369 0.808301
0.206184 0.795563
0.207055 0.783039
0.207981 0.770726
0.208962 0.758621
0.209999 0.746721
0.21109 0.735024
0.212236 0.723525
0.213437 0.712224
0.214693 0.701116
0.216004 0.690199
0.21737 0.679471
0.218791 0.668927
0.220267 0.658567
0.221799 0.648386
0.223387 0.638383
0.22503 0.628554
0.22673 0.618898
0.228487 0.60941
0.2303 0.60009
0.232171 0.590934
0.234099 0.58194
0.236086 0.573105
0.238131 0.564427
0.240235 0.555903
0.242398 0.547532
0.244622 0.53931
0.246906 0.531236
0.249252 0.523307
0.251659 0.51552
0.254129 0.507874
0.256662 0.500367
0.259259 0.492996
0.26192 0.485759
0.264646 0.478654
0.267439 0.471679
0.270299 0.464832
0.273226 0.458111
0.276221 0.451514
0.279286 0.445038
0.282421 0.438683
0.285627 0.432446
0.288906 0.426326
0.292257 0.420319
0.295683 0.414426
0.299183 0.408643
0.30276 0.40297
0.306414 0.397404
0.310146 0.391944
0.313958 0.386588
0.31785 0.381335
0.321824 0.376183
0.325881 0.37113
0.330022 0.366175
0.334248 0.361316
0.338561 0.356552
0.342963 0.351882
0.347453 0.347304
0.352034 0.342816
0.356708 0.338418
0.361474 0.334108
0.366336 0.329884
0.371294 0.325746
0.376351 0.321692
0.381506 0.317721
0.386763 0.313831
0.392122 0.310022
0.397586 0.306292
0.403155 0.302641
0.408832 0.299067
0.414618 0.295569
0.420515 0.292146
0.426525 0.288797
0.43265 0.285521
0.438891 0.282317
0.44525 0.279184
0.451729 0.276121
0.45833 0.273128
0.465056 0.270203
0.471907 0.267346
0.478886 0.264556
0.485995 0.261831
0.493237 0.259172
0.500612 0.256577
0.508124 0.254047
0.515774 0.251579
0.523565 0.249174
0.531499 0.24683
0.539578 0.244548
0.547805 0.242326
0.556182 0.240164
0.56471 0.238062
0.573393 0.236019
0.582233 0.234035
0.591233 0.232108
0.600394 0.230239
0.60972 0.228428
0.619213 0.226673
0.628875 0.224975
0.63871 0.223333
0.648719 0.221748
0.658905 0.220218
0.669272 0.218743
0.679821 0.217324
0.690556 0.21596
0.701479 0.214651
0.712593 0.213396
0.723901 0.212197
0.735406 0.211053
0.74711 0.209964
0.759016 0.208929
0.771128 0.20795
0.783448 0.207025
0.795979 0.206156
0.808724 0.205343
0.821687 0.204585
0.834869 0.203884
0.848274 0.203239
0.861905 0.202651
0.875764 0.20212
0.889856 0.201646
0.904182 0.201231
0.918746 0.200875
0.933551 0.200579
0.948599 0.200342
0.963894 0.200167
0.979438 0.200054
0.995235 0.200003
1.01129 0.200016
1.0276 0.200094
1.04417 0.200237
1.061 0.200448
1.0781 0.200727
1.09547 0.201075
1.11311 0.201495
1.13102 0.201987
1.14921 0.202554
1.16768 0.203197
1.18643 0.203918
1.20546 0.204718
1.22478 0.205601
1.24438 0.206568
1.26427 0.207621
1.28445 0.208763
1.30492 0.209997
1.32569 0.211325
1.34675 0.212751
1.3681 0.214277
1.38974 0.215907
1.41169 0.217644
1.43392 0.219493
1.45645 0.221456
1.47928 0.223537
1.5024 0.225742
1.52581 0.228075
1.54951 0.230541
1.5735 0.233145
1.59777 0.235891
1.62233 0.238787
1.64717 0.241838
1.67228 0.245049
1.69767 0.24843
1.72332 0.251985
1.74923 0.255723
1.77539 0.259651
1.8018 0.263779
1.82845 0.268114
1.85533 0.272667
1.88242 0.277446
1.90973 0.282463
1.93723 0.287729
1.96492 0.293254
1.99278 0.299052
2.02079 0.305134
2.04894 0.311515
2.07721 0.318209
2.10558 0.325232
2.13403 0.332598
2.16254 0.340324
2.19109 0.348429
2.21964 0.356931
2.24817 0.365849
2.27666 0.375204
2.30506 0.385017
2.33335 0.39531
2.36148 0.406108
2.38943 0.417435
2.41715 0.429317
2.44459 0.44178
2.47172 0.454854
2.49848 0.468567
2.52481 0.48295
2.55068 0.498034
2.57601 0.513853
2.60075 0.530439
2.62483 0.547828
2.6482 0.566056
2.67078 0.58516
2.69249 0.605176
2.71327 0.626143
2.73304 0.648099
2.75172 0.671083
2.76922 0.695133
2.78546 0.720289
2.80035 0.746588
2.81382 0.774066
2.82575 0.80276
2.83608 0.832703
2.8447 0.863926
2.85153 0.896459
2.85648 0.930327
2.85947 0.965551
2.8604 1.00215
2.85919 1.04013
2.85578 1.0795
2.85009 1.12026
2.84205 1.1624
2.83161 1.2059
2.81871 1.25074
2.80333 1.29688
2.78542 1.34427
2.76497 1.39286
2.74197 1.44258
2.71643 1.49335
2.68837 1.54508
2.65783 1.59766
2.62485 1.65098
2.5895 1.70492
2.55186 1.75933
2.51203 1.81408
2.4701 1.869
2.42621 1.92393
2.38048 1.9787
2.33307 2.03313
2.28412 2.08705
2.23381 2.14027
2.18229 2.19262
2.12976 2.2439
2.07639 2.29396
2.02235 2.34262
1.96784 2.38971
1.91302 2.43508
1.85808 2.47859
1.80318 2.52011
1.74849 2.55952
1.69416 2.59671
1.64034 2.63159
1.58715 2.66409
1.53473 2.69414
1.48318 2.7217
1.43262 2.74674
1.38311 2.76923
1.33476 2.78918
1.28761 2.80658
1.24173 2.82147
1.19715 2.83388
1.15392 2.84384
1.11205 2.8514
1.07157 2.85664
1.03247 2.85961
0.994768 2.86038
0.958445 2.85903
0.923492 2.85565
0.889891 2.85032
0.85762 2.84313
0.826653 2.83416
0.796961 2.82351
0.768512 2.81126
0.741271 2.79751
0.715202 2.78234
0.690269 2.76584
0.666433 2.7481
