x y
-2.103 3.643
-0.4655 -0.8063
4.531 3.802
-0.467 0.17
0.8703 -4.936
0.5652 3.206
-6.769 -2.464
0.2359 -0.198
4.489 1.064
-0.9703 1.029
-1.859 -6.21
0.4097 0.5503
-5.402 0.6314
1.497 -3.471
-0.4848 8.323
-0.1696 -0.1116
3.941 -1.979
0.9884 0.4964
-5.164 3.397
-0.03419 -0.587
2.068 4.795
-3.511 -0.4104
4.59 -6.165
-0.1164 0.3889
-3.3 -3.498
2.786 -0.6603
6.791 0.5278
-0.4514 0.6581
-2.446 -5.115
2.854 2.799
-9.03 2.514
0.03492 -0.1356
0.4174 4.292
-0.9176 -0.4171
4.92 -3.517
0.5133 0.1646
-3.789 3.439
-0.7202 -3.325
3.964 6.289
-0.3567 0.01384
2.196 -4.168
-0.3382 2.476
-5.251 -4.07
0.6869 -0.2806
4.759 2.872
-3.408 1.88
0.1702 -8.776
0.08385 0.2451
-4.423 -0.8687
0.8055 -0.923
-2.279 5.903
-0.3999 -0.4958
5.27 -0.8242
3.617 0.5657
-5.014 6.217
-0.1614 -0.4179
3.231 3.702
-3.022 0.5936
2.266 -6.623
0.0167 0.8608
-5.075 -2.8
3.512 -2.12
9.558 3.905
-0.07746 0.06003
-0.576 -4.217
0.4502 0.8547
-5.98 -0.2321
0.2762 -0.4382
-1.073 4.953
-2.467 -2.239
6.966 -2.233
0.2734 0.1954
-4.244 1.929
0.1552 -1.595
1.636 6.352
-0.6878 -0.1915
3.923 -3.848
-1.655 3.461
-4.83 -7.043
0.2303 -0.0179
4.458 0.1153
-0.6068 0.991
-2.988 -5.499
0.4562 0.4034
-5.005 1.676
0.7162 -3.526
1.16 7.747
-0.3973 -0.1564
3.801 -3.025
2.883 0.7625
-4.865 4.896
-0.2164 -0.7972
3.303 4.686
-4.036 0.3663
4.104 -8.876
-0.01469 0.1744
-3.58 -2.49
0.9565 -0.4498
5.394 2.886
-0.4757 0.2955
-0.1672 -5.17
1.292 3.223
-7.484 -1.072
0.2335 -0.2973
-1.483 4.523
-1.812 -2.023
6.584 -1.382
0.7659 0.0795
-3.294 4.546
-1.61 -3.605
6.291 6.498
-0.2784 0.06979
1.25 -4.382
0.093 1.306
-5.76 -2.8
0.545 -0.3687
5.088 1.778
-2.822 2.43
-1.519 -8.005
0.2397 0.4031
-4.963 0.06416
1.55 -2.766
-1.142 7.006
-0.6938 -0.567
5.473 -2.072
3.503 2.24
-9.949 5.159
0.003166 -0.06993
1.267 4.041
-0.9291 -0.2076
4.027 -4.38
-0.1936 0.4653
-3.062 -4.003
3.269 -0.4251
7.14 1.307
-0.2086 0.2453
-1.557 -4.365
0.951 1.148
-6.425 1.09
0.2437 -0.6562
-0.03534 5.467
-3.285 -1.925
7.332 -4.17
0.1987 0.08724
-3.577 2.627
-0.1244 -1.127
2.754 5.573
-0.6007 -0.03889
2.913 -4.368
-0.8457 3.468
-5.607 -5.359
0.3964 -0.1159
3.861 2.913
-2.694 1.142
0.8404 -6.808
0.1821 0.7913
-5.455 -1.672
2.945 -2.743
-4.347 8.517
-0.0876 -0.1351
4.327 -0.224
1.028 0.05319
-3.31 5.104
-0.2514 -0.4926
3.765 3.506
-3.286 1.007
1.682 -7.306
0.04545 0.3682
-4.357 -1.846
2.095 -1.581
6.416 1.876
-0.5465 0.5223
-1.323 -5.427
2.175 3.261
-8.885 0.5752
0.1209 -0.2447
-0.4975 4.509
-1.021 -0.75
5.826 -2.558
0.5659 0.3218
-4.626 2.711
-0.02385 -3.689
2.807 7.56
-0.4555 -0.07728
3.148 -3.801
-1.051 2.947
-4.566 -5.37
0.8607 -0.1575
5.775 0.7509
-2.509 3.281
-4.112 -9.882
0.08054 0.08761
-4.181 0.934
0.2953 -0.9418
0.272 6.007
-0.4661 -0.2417
4.288 -2.741
3.149 1.192
-5.707 4.665
-0.05519 -0.3385
2.289 4.086
-2.24 -0.02896
3.374 -5.673
-0.1357 0.7152
-4.19 -3.609
3.648 -1.275
7.167 4.847
-0.2203 0.1071
0.3188 -4.476
0.3265 1.144
-6.104 -1.53
0.4334 -0.4476
-2.164 4.844
-2.132 -2.942
7.861 -0.8159
0.4247 0.08914
-3.26 3.639
-0.9441 -2.88
4.294 5.466
-0.8384 0.12
2.144 -5.347
-0.1319 4.079
-8.52 -5.294
0.1666 -0.08916
3.965 1.865
-0.885 0.6155
-0.5165 -6.131
0.2409 0.521
-5.173 -0.4694
2.021 -2.866
-1.997 7.357
-0.2763 -0.2781
4.629 -1.224
2.191 1.744
-6.299 2.479
0.1161 -0.7754
1.123 5.529
-3.77 -1.263
6.891 -6.093
-0.1437 0.2645
-2.394 -3.91
1.358 -0.03511
6.44 0.05551
-0.341 0.5791
-2.665 -4.709
2.853 2.436
-7.766 2.751
0.08797 -0.4749
0.8243 4.922
-3.01 -1.125
5.52 -4.551
0.8836 0.2175
-4.077 4.247
-1.164 -4.014
7.081 9.685
-0.04872 0.005269
1.705 -3.861
-0.06261 0.9359
-4.931 -3.305
0.446 -0.2192
4.472 2.294
-2.752 1.777
-0.3582 -7.222
0.1223 0.2903
-4.584 -0.5759
0.8753 -1.155
-1.917 6.207
-0.4712 -0.5082
5.317 -1.212
3.78 0.3266
-4.803 6.875
-0.08895 -0.1902
3.132 3.125
-1.082 0.291
1.599 -5.992
0.0525 0.5927
-4.748 -2.208
2.911 -2.043
7.332 2.421
-0.303 0.2702
-0.9804 -4.722
1.524 2.465
-6.836 0.2063
0.3813 -0.709
-0.8177 5.625
-3.149 -2.484
8.792 -3.504
0.1252 0.07704
-3.799 2.054
0.02862 -1.022
1.913 5.752
-0.5348 -0.1098
3.407 -3.837
-1.26 3.183
-4.635 -5.848
0.3601 -0.05314
4.662 0.7703
-1.63 1.986
-2.347 -6.237
0.4876 0.5685
-5.477 1.027
1.296 -3.685
0.09525 8.84
-0.2318 -0.1305
3.892 -2.303
1.149 0.4812
-5.052 3.846
-0.08165 -0.6388
2.452 4.753
-3.671 -0.1741
4.336 -6.749
-0.1002 0.4438
-3.621 -3.343
2.968 -0.9234
5.682 4.136
-0.7933 0.3524
0.6123 -5.778
0.9923 3.995
-10.1 -2.905
0.08063 -0.07773
-1.875 3.836
-0.5473 -0.8129
5.985 -0.4133
0.5247 0.0181
-2.691 4.311
-1.575 -2.96
5.459 4.911
-0.3262 0.1061
0.9702 -4.574
0.2375 1.684
-6.102 -2.462
0.568 -0.4441
5.32 1.456
-2.737 2.708
-2.18 -8.315
0.1355 0.1957
-4.458 0.3658
0.5027 -1.063
-0.5803 6.245
-0.5027 -0.356
4.808 -2.211
3.176 1.735
-6.719 4.094
-0.01029 -0.4339
1.774 4.537
-2.976 -0.4523
4.327 -5.413
-0.2663 0.7893
-3.797 -4.314
3.987 -0.801
9.836 1.107
-0.1081 0.1465
-1.75 -4.01
0.7335 0.7708
-5.961 1.44
0.1603 -0.5439
0.3239 5.177
-3.122 -1.551
6.322 -4.197
0.3623 0.1301
-3.644 3.084
-0.4906 -2.714
3.399 5.829
-0.777 0.003348
2.793 -4.886
-0.6712 3.905
-7.012 -5.833
0.2758 -0.1017
3.83 2.495
-1.186 0.602
0.3456 -6.41
0.1935 0.6362
-5.257 -1.222
2.553 -2.73
-3.214 7.541
-0.2859 -0.3806
4.941 -0.5991
3.135 0.6016
-4.662 5.389
-0.296 -0.8531
3.707 4.555
-4.119 0.6624
4.114 -10.79
-0.001267 0.08399
-3.647 -2.18
0.8377 -0.4669
5.44 2.445
-0.4144 0.2989
-0.511 -5.028
1.441 2.981
-7.267 -0.5334
0.1849 -0.2721
-1.14 4.506
-1.104 -1.074
6.291 -1.78
0.5607 0.4307
-5.065 2.095
0.5009 -3.789
1.832 8.284
-0.2136 -0.06747
3.279 -3.001
-0.5306 1.018
-3.348 -5.262
0.6014 -0.02593
5.254 0.3174
-1.976 2.99
-3.482 -6.97
0.3049 0.2889
-4.65 1.381
0.6874 -2.873
0.7841 6.836
-0.7513 -0.326
4.595 -3.405
3.867 1.167
-7.046 6.619
-0.03839 -0.1636
2.381 3.637
-1.041 0.0584
2.748 -5.443
-0.06621 0.5561
-4.132 -3.09
3.178 -1.363
6.509 3.777
-0.3278 0.1883
0.01023 -4.746
0.9091 2.515
-6.602 -1.179
0.4917 -0.5834
-1.927 5.258
-2.522 -3.019
8.841 -1.539
0.2773 0.03849
-2.795 3.59
-0.4846 -1.193
4.28 4.737
-0.6434 0.1379
1.652 -5.116
0.1359 3.708
-7.164 -3.793
0.3973 -0.2492
4.613 1.792
-2.456 1.972
-1.078 -6.994
0.4278 0.7793
-5.837 -0.1258
2.149 -3.543
-2.13 10.72
-0.1 -0.08767
4.07 -1.383
0.8243 0.5679
-5.449 2.591
0.04237 -0.5303
1.358 4.919
-3.279 -0.8522
5.197 -5.276
-0.1455 0.3183
-2.723 -3.827
2.397 -0.228
6.469 1.416
-0.4951 0.5432
-1.681 -5.283
2.369 3.07
-8.637 1.161
0.09581 -0.2331
-0.1842 4.497
-1.023 -0.6479
5.587 -2.927
0.5678 0.273
-4.394 3
-0.2748 -3.637
3.272 7.24
-0.4388 -0.04364
2.858 -3.98
-0.8267 2.945
-4.876 -4.993
0.8275 -0.2112
4.487 3.635
-3.823 1.467
1.593 -10.05
0.03736 0.1924
-4.156 -1.432
0.8243 -0.7162
-2.991 5.393
-0.2991 -0.4981
5.207 -0.08977
3.52 0.06069
-3.943 6.565
-0.1935 -0.3489
3.62 3.145
-2.68 0.9236
1.294 -6.666
0.1239 0.7812
-5.281 -2.026
3.095 -2.507
8.994 2.296
-0.2103 0.2153
-1.243 -4.428
0.8084 1.126
-6.429 0.6393
0.2796 -0.6187
-0.4087 5.41
-3.11 -2.123
7.469 -3.591
0.434 0.2274
-4.228 2.678
-0.1324 -3.231
2.731 6.643
-0.9158 -0.1231
3.605 -4.672
-1.272 3.996
-8.525 -9.354
0.03419 -0.007483
4.195 0.3989
-0.5438 0.7643
-2.465 -5.392
0.3488 0.3541
-4.858 1.262
0.868 -3.144
0.5748 7.194
-0.2845 -0.1353
3.799 -2.617
1.352 0.4594
-4.88 4.277
-0.135 -0.6797
2.824 4.657
-3.786 0.08159
4.022 -7.327
-0.032 0.2075
-3.444 -2.766
1.037 -0.4031
5.248 3.292
-0.5196 0.2752
0.1915 -5.225
1.091 3.377
-7.536 -1.615
0.2722 -0.3012
-1.812 4.462
-1.772 -2.276
6.76 -0.9382
0.7931 0.1381
-3.64 4.357
-1.378 -3.76
6.067 7.199
-0.1447 0.02584
1.468 -4.062
0.002187 1.015
-5.25 -3.016
0.4723 -0.274
4.709 2.019
-2.73 2.042
-0.8806 -7.396
0.1609 0.3187
-4.711 -0.2642
1.388 -2.12
-1.52 6.474
-0.5408 -0.508
5.328 -1.608
3.132 2.322
-8.078 3.505
0.03031 -0.2643
1.051 4.391
-1.181 -0.3508
4.599 -4.357
-0.2847 0.5699
-2.945 -4.456
3.661 -0.2212
7.994 0.3447
-0.2405 0.378
-2.275 -4.364
2.282 2.089
-6.688 2.113
0.1874 -0.8475
0.7605 5.753
-3.797 -1.57
8.26 -6.345
0.101 0.02859
-3.056 2.972
-0.2386 -0.9433
3.368 4.956
-0.5166 0.03792
2.209 -4.569
-0.3376 3.322
-5.944 -4.287
0.3065 -0.1377
4.078 2.273
-1.412 0.8439
-0.09903 -6.565
0.2543 0.6672
-5.432 -0.8736
2.426 -2.981
-2.809 8.095
-0.1557 -0.18
4.386 -0.8418
1.161 0.1407
-3.763 5.009
-0.2415 -0.5667
3.61 3.86
-3.518 0.8178
2.283 -7.508
0.02299 0.4264
-4.338 -2.202
2.51 -1.636
6.489 2.393
-0.6404 0.5327
-0.9724 -5.657
2.015 3.525
-9.835 -0.04238
0.09168 -0.1572
-0.777 4.298
-0.8068 -0.6829
5.765 -2.07
0.4724 0.3136
-4.639 2.305
0.2173 -3.472
2.141 7.265
-0.3742 -0.0904
3.286 -3.453
-1.095 2.508
-3.998 -5.419
0.7652 -0.08609
5.511 1.107
-2.613 2.969
-2.904 -8.609
0.1792 0.2242
-4.512 0.6858
0.4793 -1.226
-0.152 6.41
-0.5679 -0.3461
4.737 -2.587
3.39 1.559
-6.672 4.726
-0.04404 -0.474
2.125 4.493
-3.174 -0.2605
4.048 -5.848
-0.2272 0.8667
-4.165 -4.121
4.017 -1.1
8.955 7.003
-0.07141 0.02881
0.5922 -4.2
0.1975 0.9313
-5.665 -1.843
0.3799 -0.3418
-2.371 4.455
-1.75 -2.803
7.269 -0.2507
0.3212 0.02218
-2.592 3.85
-0.664 -1.358
4.702 4.533
-0.6727 0.1935
1.32 -5.313
0.402 3.794
-7.734 -3.436
0.1811 -0.1318
4.244 1.321
-0.8383 0.774
-1.371 -6.077
0.3254 0.5065
-5.251 0.2491
1.64 -3.179
-0.986 7.714
-0.3342 -0.2544
4.468 -1.871
2.53 1.497
-5.99 3.373
0.008823 -0.819
1.896 5.388
-3.963 -0.7429
6.257 -7.295
-0.05669 0.1507
-2.754 -3.354
1.022 -0.1689
6.025 0.8891
-0.3435 0.4334
-1.897 -4.79
2.287 2.575
-7.357 1.511
0.1171 -0.352
0.1327 4.737
-2.334 -1.262
5.699 -3.507
0.7023 0.2799
-4.391 3.464
-0.565 -3.886
4.234 7.873
-0.2729 -0.008234
2.389 -3.864
-0.259 1.247
-4.759 -4.245
0.6182 -0.2041
4.395 3.084
-3.351 1.558
0.7133 -8.053
0.1191 0.4464
-4.772 -1.284
2.225 -2.22
-2.992 6.398
-0.5051 -0.723
5.809 -0.5019
4.034 0.9193
-7.354 7.93
-0.03718 -0.1204
2.592 3.42
-0.9862 0.1239
2.337 -5.548
-0.02635 0.5313
-4.282 -2.763
3.002 -1.54
6.628 3.257
-0.2908 0.1948
-0.313 -4.68
0.9473 2.145
-6.57 -0.7105
0.4297 -0.5877
-1.542 5.318
-2.681 -2.793
8.428 -2.074
0.1944 0.1603
-4.21 1.573
0.1977 -1.181
1.147 6.195
-0.5938 -0.2104
4.04 -3.45
-1.793 3.168
-4.021 -6.828
0.441 -0.003801
4.893 0.01406
-1.53 2.633
-3.465 -6.042
0.6473 0.5463
-5.426 1.957
0.7214 -4.024
1.724 9.946
-0.184 -0.06756
3.37 -2.812
1.055 0.2533
-4.24 4.468
-0.165 -0.5571
3.094 4.181
-3.491 0.3979
3.045 -7.004
-0.02392 0.3913
-3.999 -2.646
2.518 -1.256
6.053 3.062
-0.6563 0.4289
-0.3123 -5.64
1.564 3.655
-9.174 -1.099
0.1804 -0.2409
-1.33 4.395
-0.9387 -1.001
6.277 -1.469
0.6768 0.05456
-3.077 4.459
-1.612 -3.396
5.885 5.806
-0.4657 0.1282
1.261 -4.836
0.3032 3.213
-6.517 -2.985
0.7476 -0.5311
5.607 1.816
-3.108 2.804
-2.566 -12.01
0.03344 0.05339
-4.225 0.1518
0.4428 -0.8348
-0.8212 5.886
-0.3975 -0.3099
4.665 -1.89
2.806 1.704
-6.353 3.482
0.007169 -0.3219
1.485 4.382
-1.442 -0.2874
4.295 -4.893
-0.2515 0.6458
-3.416 -4.26
3.757 -0.5765
8.302 1.323
-0.1367 0.1685
-1.584 -4.138
0.7386 0.8512
-6.096 1.179
0.1942 -0.5624
0.08661 5.242
-3.115 -1.73
6.64 -3.981
0.3819 0.1573
-3.826 2.948
-0.3858 -2.886
3.173 6.066
-0.8113 -0.03382
3.048 -4.806
-0.8619 3.924
-7.026 -6.413
0.1468 -0.0466
3.512 2.526
-0.938 0.4231
0.6056 -6.046
0.1347 0.5291
-4.946 -1.392
2.456 -2.395
-3.244 6.735
-0.205 -0.3008
4.719 -0.3531
2.596 0.0746
-3.5 5.679
-0.3557 -0.6591
4.169 3.707
-3.714 1.232
1.79 -8.686
0.03966 0.2701
-4.21 -1.671
0.9826 -0.7775
6.14 1.643
-0.4552 0.4555
-1.388 -5.172
2.113 3.015
-8.012 0.7039
0.1921 -0.4124
-0.4277 4.909
-2.552 -1.786
6.375 -2.975
0.7703 0.415
-4.95 3.056
-0.1214 -4.121
3.916 9.848
-0.1108 -0.01619
2.652 -3.356
-0.3079 0.9304
-3.994 -4.485
0.5141 -0.1063
5.06 0.5399
-1.979 2.715
-2.982 -6.726
0.2379 0.2471
-4.539 1.124
0.4986 -1.729
0.4491 6.572
-0.6475 -0.3171
4.584 -3.081
3.637 1.283
-6.55 5.61
-0.04497 -0.2408
2.279 3.857
-1.183 0.0119
3.085 -5.469
-0.102 0.6146
-4.093 -3.365
3.395 -1.274
6.634 4.269
-0.3859 0.1987
0.2347 -4.873
0.8964 2.888
-6.773 -1.533
0.5703 -0.6168
-2.226 5.306
-2.466 -3.243
9.882 -1.256
0.1858 0.03456
-2.848 3.33
-0.3569 -1.01
3.902 4.739
-0.5662 0.09439
1.822 -4.864
-0.03268 3.5
-6.548 -3.862
0.3413 -0.1928
4.372 1.935
-2.244 1.639
-0.7215 -6.716
0.3422 0.6976
-5.622 -0.3802
2.212 -3.296
-2.196 8.896
-0.212 -0.2037
4.398 -1.272
1.071 0.8126
-5.93 2.493
0.08424 -0.6667
1.197 5.27
-3.577 -1.108
6.03 -5.583
-0.2208 0.4296
-2.7 -4.189
3.202 -0.1565
7.129 0.3896
-0.4973 0.7621
-2.658 -5.245
3.05 2.857
-11.25 3.411
0.02067 -0.08862
0.5093 4.225
-0.8884 -0.3794
4.777 -3.583
0.4901 0.1448
-3.669 3.486
-0.7784 -3.233
4.034 6.085
-0.3284 0.02031
2.074 -4.167
-0.1764 1.558
-5.27 -3.894
0.6482 -0.2824
4.763 2.727
-3.309 1.926
-0.03057 -8.512
0.07979 0.2168
-4.387 -0.7573
0.7392 -0.8874
-2.114 5.875
-0.3931 -0.4651
5.188 -0.9339
3.56 0.4732
-4.763 6.192
-0.1602 -0.3882
3.278 3.586
-2.898 0.6388
2.082 -6.573
0.03499 0.8253
-5.076 -2.65
3.415 -2.17
9.076 3.467
-0.1304 0.1059
-0.6882 -4.299
0.5106 0.9175
-6.103 -0.09645
0.2876 -0.4805
-0.9773 5.073
-2.619 -2.269
7.124 -2.466
0.3125 0.2127
-4.281 2.066
0.1992 -2.688
1.823 6.461
-0.7396 -0.1877
3.912 -4.017
-1.618 3.594
-5.265 -7.31
0.2786 -0.02811
4.457 0.9487
-0.8668 0.9621
-1.973 -6.079
0.405 0.5186
-5.331 0.7476
1.393 -3.446
-0.286 8.122
-0.3977 -0.2486
4.377 -2.325
2.859 1.355
-5.833 4.032
-0.07207 -0.8861
2.438 5.312
-4.133 -0.387
6.403 -9.027
-0.03521 0.1283
-3.025 -3.063
0.9685 -0.2532
4.716 3.776
-0.5021 0.1959
0.7715 -5.051
0.6662 3.329
-7.029 -2.377
0.2681 -0.2357
-2.258 4.127
-1.277 -2.099
6.627 -0.1523
0.735 0.008446
-2.831 4.775
-1.904 -3.387
6.633 5.696
-0.2444 0.08578
0.8325 -4.423
0.1977 1.202
-5.915 -2.23
0.4872 -0.3994
5.169 1.288
-2.538 2.629
-2.197 -7.657
0.2634 0.3624
-4.88 0.5136
1.249 -2.808
-0.4863 6.969
-0.7081 -0.4774
5.196 -2.535
3.638 1.88
-8.626 5.533
-0.009474 -0.2028
1.697 4.063
-1.09 -0.1401
3.744 -4.91
-0.173 0.5546
-3.535 -3.834
3.442 -0.7741
7.642 0.6824
-0.2294 0.3264
-2.022 -4.356
2.011 2.018
-6.575 1.749
0.2061 -0.7637
0.4834 5.642
-3.613 -1.693
7.647 -5.334
0.2922 0.0974
-3.446 3.056
-0.2806 -1.372
3.386 5.511
-0.6857 0.01872
2.587 -4.777
-0.5535 3.732
-6.508 -5.165
0.4557 -0.1801
4.255 2.635
-2.862 1.536
0.222 -7.186
0.2891 0.8776
-5.784 -1.205
2.798 -3.132
-4.883 12.23
-0.01733 -0.02199
4.171 -0.6033
0.9181 0.1544
-3.771 4.566
-0.1737 -0.4657
3.256 3.819
-3.208 0.5918
2.412 -6.794
0.002489 0.315
-4.013 -2.275
1.225 -0.7202
5.972 2.52
-0.547 0.414
-0.675 -5.404
1.723 3.364
-8.34 -0.4197
0.114 -0.1764
-0.9831 4.299
-0.8104 -0.7526
5.914 -1.822
0.4744 0.3474
-4.785 2.109
0.3834 -3.521
1.835 7.478
-0.3899 -0.1134
3.477 -3.333
-1.268 2.575
-3.791 -5.667
0.7963 -0.05269
5.673 0.212
-2.13 3.39
-4.39 -8.305
0.1038 0.09393
-4.104 1.322
0.2135 -0.9923
0.828 5.998
-0.4993 -0.2031
4.045 -3.145
3.285 0.9095
-5.305 5.218
-0.08955 -0.3456
2.67 3.881
-2.505 0.1983
2.857 -5.997
-0.07077 0.7386
-4.526 -3.225
3.541 -1.616
7.704 4.236
-0.2216 0.1341
-0.09404 -4.514
0.4454 1.149
-6.26 -0.9699
0.3992 -0.4964
-1.72 5.049
-2.416 -2.76
7.842 -1.552
0.445 0.05137
-2.929 3.946
-1.227 -2.833
4.816 5.09
-0.8375 0.1998
1.654 -5.555
0.2448 4.102
-9.271 -4.639
0.0818 -0.05397
4.008 1.452
-0.7445 0.6265
-1.048 -5.893
0.2596 0.4482
-5.068 0.00728
1.665 -2.894
-1.261 7.213
-0.2577 -0.2156
4.379 -1.601
1.358 0.8905
-5.863 2.955
0.04049 -0.7129
1.586 5.269
-3.734 -0.8793
5.861 -6.23
-0.09395 0.2187
-2.672 -3.578
1.154 -0.1366
6.142 1.197
-0.4044 0.4647
-1.716 -4.991
2.267 2.803
-7.744 1.223
0.1532 -0.3986
-0.08735 4.864
-2.561 -1.541
6.044 -3.347
0.7588 0.3436
-4.659 3.34
-0.3982 -4.033
4.243 8.841
-0.1745 -0.01331
2.461 -3.6
-0.2622 1.024
-4.374 -4.278
0.546 -0.1528
4.093 3.163
-3.219 1.32
1.013 -7.499
0.08205 0.3762
-4.541 -1.449
2.019 -1.837
-3.13 5.962
-0.4115 -0.6508
5.609 -0.2257
3.94 0.2494
-5.019 7.549
-0.1275 -0.2571
3.304 3.149
-1.256 0.3691
1.508 -6.225
0.07388 0.6609
-4.938 -2.16
2.998 -2.209
7.807 2.38
-0.3479 0.3249
-1.12 -4.835
1.733 2.664
-7.095 0.3775
0.4061 -0.7987
-0.7094 5.816
-3.323 -2.5
10.38 -4.417
0.06045 0.0353
-3.678 2.099
0.004786 -0.952
2.009 5.608
-0.4959 -0.09001
3.264 -3.85
-1.143 3.092
-4.642 -5.589
0.3174 -0.05432
4.595 0.6512
-0.9236 1.179
-2.437 -6.052
0.4678 0.5207
-5.356 1.132
1.181 -3.62
0.2852 8.444
-0.1977 -0.1054
3.766 -2.347
1.056 0.4138
-4.863 3.882
-0.09003 -0.5952
2.517 4.616
-3.569 -0.08717
4.048 -6.632
-0.08163 0.4049
-3.628 -3.199
2.78 -0.9355
5.643 3.912
-0.7343 0.3466
0.4707 -5.686
1.062 3.89
-9.268 -2.437
0.1133 -0.1144
-1.816 3.942
-0.5982 -0.8459
6.057 -0.5585
0.5399 0.1198
-3.477 3.793
-1.035 -3.285
4.567 5.954
-0.3678 0.04836
1.814 -4.378
-0.1156 2.636
-5.637 -3.593
0.6706 -0.349
5.027 2.435
-3.244 2.201
-0.6464 -8.895
0.1117 0.2491
-4.512 -0.4618
0.7419 -1.027
-1.739 6.128
-0.4535 -0.4671
5.199 -1.311
2.865 2.335
-7.55 2.872
0.07368 -0.4561
0.928 4.854
-2.962 -1.03
5.34 -4.613
-0.43 0.7701
-2.984 -5.001
4.137 -0.05943
10.76 0.2164
-0.06518 0.1078
-2.067 -3.752
0.7484 0.6541
-5.697 1.945
0.1029 -0.522
0.7838 5.035
-3.147 -1.218
5.746 -4.628
0.3389 0.08755
-3.286 3.346
-0.6141 -2.212
3.835 5.373
-0.7246 0.06996
2.292 -5.033
-0.3022 3.852
-7.143 -4.907
0.2274 -0.1085
3.968 2.094
-1.013 0.6375
-0.2395 -6.288
0.2352 0.5769
-5.257 -0.7218
2.228 -2.87
-2.423 7.537
-0.2961 -0.3268
4.783 -1.032
3.024 0.2963
-4.05 5.658
-0.3499 -0.7713
4.036 4.121
-3.953 1.015
2.705 -9.689
0.01505 0.1954
-3.958 -1.896
0.8952 -0.613
5.82 1.996
-0.4327 0.3771
-0.9986 -5.104
1.81 3.004
-7.629 0.1425
0.1896 -0.3431
-0.7432 4.73
-2.184 -1.764
6.323 -2.436
0.663 0.4185
-5 2.629
0.157 -3.973
2.808 8.781
-0.2941 -0.06393
3.084 -3.393
-0.5172 1.263
-3.946 -5.098
0.6659 -0.09046
5.335 0.9447
-2.414 2.872
-2.817 -7.757
0.3102 0.3702
-4.916 0.8631
1.103 -3.025
-0.005143 7.161
-0.7938 -0.4591
5.1 -2.94
3.842 1.661
-9.736 7.237
-0.006461 -0.05563
1.892 3.773
-0.9434 -0.05562
3.265 -4.957
-0.1166 0.4903
-3.658 -3.456
3.139 -0.9373
5.803 4.326
-0.2893 0.1246
0.5405 -4.595
0.3348 1.417
-6.228 -1.87
0.5044 -0.4752
-2.454 4.877
-2.083 -3.171
8.386 -0.4824
0.2168 0.009971
-2.386 3.726
-0.5148 -0.9947
4.568 4.205
-0.5679 0.1776
1.147 -5.116
0.4559 3.527
-7.139 -2.977
0.3282 -0.2507
4.637 1.327
-2.089 2.019
-1.658 -6.635
0.4505 0.6671
-5.677 0.4002
1.759 -3.612
-0.986 9.434
-0.1246 -0.09045
3.951 -1.762
0.8913 0.5002
-5.218 3.098
-0.006667 -0.546
1.816 4.806
-3.378 -0.5532
4.731 -5.78
-0.1203 0.3435
-3.081 -3.582
2.538 -0.4796
6.613 0.8212
-0.4516 0.5976
-2.17 -5.132
2.66 2.86
-8.631 1.98
0.07812 -0.2543
0.2309 4.523
-1.116 -0.5704
5.329 -3.451
0.6036 0.2246
-4.121 3.408
-0.6133 -3.631
3.968 6.988
-0.455 -0.003268
2.495 -4.25
-0.5629 3.064
-5.357 -4.561
0.8178 -0.291
4.831 3.227
-3.698 1.824
0.689 -10.53
0.03135 0.1075
-4.155 -1.016
0.6776 -0.708
-2.416 5.491
-0.3105 -0.4234
5.052 -0.5537
3.285 0.6698
-4.872 5.503
-0.1087 -0.3253
2.909 3.661
-1.724 0.257
2.417 -6.128
-0.01916 0.7207
-4.702 -2.884
3.384 -1.836
7.812 3.619
-0.2003 0.141
-0.401 -4.455
0.5027 1.071
-6.256 -0.5315
0.3521 -0.5055
-1.357 5.115
-2.565 -2.553
7.602 -2.057
0.3411 0.2683
-4.53 1.813
0.4298 -2.986
1.42 6.79
-0.798 -0.2622
4.289 -3.836
-1.921 3.585
-5.232 -8.435
0.1819 -0.005751
4.364 0.314
-0.6007 0.8867
-2.68 -5.523
0.4121 0.3996
-4.989 1.42
0.8518 -3.388
0.7787 7.555
-0.3514 -0.1573
3.868 -2.798
2.644 0.8312
-4.976 4.568
-0.1689 -0.7584
3.028 4.744
-3.958 0.1764
4.214 -8.113
-0.03811 0.2915
-3.634 -2.784
1.235 -0.5128
5.521 3.289
-0.5865 0.328
0.07374 -5.403
1.23 3.53
-8.059 -1.535
0.3109 -0.3604
-1.766 4.653
-2.023 -2.478
7.041 -1.143
0.8929 0.1344
-3.661 4.592
-1.525 -3.883
7.709 8.732
-0.08919 0.01805
1.352 -4.028
0.02411 0.9587
-5.244 -2.855
0.436 -0.2665
4.69 1.885
-2.611 2.048
-1.029 -7.221
0.155 0.2902
-4.645 -0.1535
0.821 -1.319
-1.349 6.405
-0.5263 -0.4721
5.216 -1.706
3.122 2.205
-7.716 3.561
0.02104 -0.23
1.135 4.305
-1.108 -0.3015
4.433 -4.398
-0.2596 0.5509
-3.006 -4.33
3.579 -0.2988
7.605 1.756
-0.2865 0.3071
-1.418 -4.639
1.782 2.365
-6.837 0.8389
0.3228 -0.7603
-0.2997 5.711
-3.393 -2.204
8.639 -4.401
0.1506 0.07453
-3.624 2.413
-0.06663 -1.041
2.45 5.591
-0.5566 -0.06182
3.057 -4.156
-0.9727 3.318
-5.2 -5.449
0.3673 -0.08928
3.659 3.034
-2.521 0.9338
1.127 -6.611
0.1368 0.7506
-5.273 -1.885
2.999 -2.546
-4.449 7.81
-0.1414 -0.2417
4.55 -0.02614
1.288 0.007401
-3.227 5.516
-0.3257 -0.5717
4.098 3.479
-3.493 1.249
1.456 -7.988
0.07879 0.4623
-4.647 -1.722
2.43 -2.015
6.884 1.673
-0.6138 0.6431
-1.644 -5.609
2.455 3.338
-10.93 1.214
0.05338 -0.1218
-0.2746 4.289
-0.8331 -0.5549
5.408 -2.677
0.4803 0.2447
-4.285 2.783
-0.1776 -3.383
2.897 6.823
-0.3474 -0.04263
2.831 -3.757
-0.71 2.323
-4.517 -4.843
0.7162 -0.1654
5.525 0.4614
-2.212 3.185
-3.72 -7.897
0.1839 0.1824
-4.343 1.182
0.3088 -1.171
0.5751 6.288
-0.572 -0.264
4.346 -3.069
3.473 1.136
-5.919 5.31
-0.09088 -0.4315
2.589 4.16
-3.064 0.1013
3.291 -6.162
-0.1204 0.8455
-4.55 -3.568
3.8 -1.527
8.708 5.324
-0.1783 0.09705
0.1107 -4.402
0.3476 1.035
-6.051 -1.225
0.3845 -0.4355
-1.906 4.854
-2.199 -2.759
7.58 -1.141
0.3938 0.06392
-3.036 3.72
-1.008 -2.657
4.44 5.147
-0.777 0.148
1.864 -5.347
0.05445 3.99
-8.119 -4.541
0.2646 -0.1576
4.247 1.764
-1.106 0.847
-0.8385 -6.413
0.313 0.6026
-5.427 -0.2418
2.026 -3.174
-1.804 8.104
-0.361 -0.3314
4.775 -1.501
2.626 1.9
-6.562 2.937
0.09474 -0.9191
1.441 5.73
-4.04 -1.15
9.252 -8.971
-0.01834 0.03779
-2.367 -3.495
0.9356 -0.06731
5.926 0.1873
-0.262 0.4223
-2.374 -4.43
2.437 2.179
-6.863 2.255
0.06447 -0.3083
0.6581 4.573
-1.339 -0.5358
5.106 -4.016
0.6689 0.181
-3.866 3.846
-0.9709 -3.66
4.785 6.87
-0.2092 0.01778
1.877 -3.998
-0.09979 1.109
-5.066 -3.566
0.5399 -0.2501
4.602 2.497
-3.025 1.856
-0.205 -7.711
0.1489 0.3777
-4.77 -0.711
1.799 -2.263
-2.165 6.48
-0.5336 -0.6027
5.569 -1.135
3.987 0.437
-5.58 7.609
-0.05919 -0.1346
2.986 3.12
-0.9859 0.2412
1.697 -5.82
0.03566 0.5448
-4.602 -2.27
2.84 -1.898
7.024 2.499
-0.2772 0.236
-0.8526 -4.64
1.29 2.197
-6.657 0.04781
0.3698 -0.6513
-0.927 5.487
-3.005 -2.485
8.266 -3.076
0.2233 0.1446
-4.026 2.058
0.06316 -1.237
1.862 6.062
-0.6209 -0.1424
3.637 -3.911
-1.431 3.385
-4.832 -6.394
0.4515 -0.05607
4.835 0.9136
-2.022 2.351
-2.321 -6.626
0.5498 0.6717
-5.727 0.9378
1.455 -3.85
-0.1277 10.46
-0.09028 -0.05361
3.724 -2.09
0.8887 0.3963
-4.85 3.519
-0.05385 -0.5152
2.222 4.563
-3.338 -0.2353
4.106 -6.079
-0.08147 0.326
-3.357 -3.245
1.608 -0.4602
5.224 3.989
-0.6655 0.2775
0.7063 -5.464
0.8405 3.75
-8.191 -2.562
0.1751 -0.1612
-2.056 3.972
-0.6304 -0.9845
6.258 -0.2879
0.615 0.03538
-2.901 4.418
-1.623 -3.227
5.722 5.39
-0.409 0.1228
1.12 -4.741
0.3508 2.982
-6.359 -2.737
0.6678 -0.4979
5.5 1.642
-2.951 2.788
-2.281 -9.596
0.1001 0.152
-4.36 0.2571
0.4768 -0.9512
-0.7067 6.084
-0.455 -0.3383
4.755 -2.055
3.02 1.741
-6.563 3.795
-0.0002765 -0.385
1.634 4.478
-2.71 -0.4758
4.329 -5.167
-0.2652 0.7303
-3.616 -4.303
3.894 -0.6896
9.017 1.225
-0.1757 0.227
-1.732 -4.23
0.8898 0.9791
-6.273 1.363
0.2026 -0.6334
0.2131 5.393
-3.302 -1.736
6.92 -4.368
0.4442 0.1711
-3.866 3.123
-0.4955 -3.153
3.444 6.231
-0.9028 -0.01686
3.027 -5.024
-0.7997 4.088
-8.639 -7.528
0.07946 -0.02725
3.5 2.397
-0.8649 0.4143
0.4579 -5.946
0.1374 0.4922
-4.888 -1.255
2.317 -2.365
-3.008 6.63
-0.1915 -0.2675
4.626 -0.4533
1.492 0.322
-4.385 4.84
-0.2163 -0.6731
3.361 4.33
-3.78 0.519
3.2 -7.85
-0.008525 0.2238
-3.762 -2.367
1.009 -0.5325
5.622 2.683
-0.4962 0.3409
-0.4117 -5.248
1.485 3.262
-7.748 -0.748
0.244 -0.3419
-1.296 4.668
-2.065 -2.102
6.655 -1.719
0.6379 0.5137
-5.327 2.061
0.6212 -3.991
1.864 9.457
-0.159 -0.05427
3.273 -2.861
-0.5032 0.9136
-3.154 -5.218
0.5529 -0.01112
5.151 0.07401
-1.768 2.964
-3.665 -6.564
0.2807 0.2425
-4.483 1.559
0.4995 -2.613
1.068 6.613
-0.7132 -0.2712
4.336 -3.533
3.808 0.9604
-6.237 6.423
-0.07644 -0.2694
2.66 3.683
-1.274 0.1304
2.61 -5.819
-0.04718 0.6493
-4.443 -3.014
3.333 -1.614
7.185 3.738
-0.3896 0.2483
-0.2168 -4.944
1.203 2.904
-7.01 -0.9216
0.5368 -0.6998
-1.755 5.568
-2.795 -3.05
10.61 -2.355
0.1255 0.01157
-2.478 3.503
-0.4159 -0.9028
4.242 4.282
-0.5145 0.1353
1.344 -4.923
0.2789 3.369
-6.691 -3.158
0.2876 -0.1994
4.452 1.498
-1.78 1.569
-1.307 -6.485
0.3829 0.6274
-5.535 0.1352
1.853 -3.399
-1.301 8.603
-0.1969 -0.1572
4.184 -1.64
1.022 0.6368
-5.565 2.967
0.02126 -0.6296
1.648 5.051
-3.561 -0.7527
5.305 -5.905
-0.1647 0.4091
-3.017 -3.852
3.022 -0.4282
6.872 1.176
-0.5412 0.6516
-2.002 -5.417
2.643 3.118
-9.973 1.81
0.06611 -0.1845
0.0221 4.396
-0.9424 -0.5378
5.319 -3.107
0.5346 0.2274
-4.162 3.131
-0.4255 -3.488
3.465 6.814
-0.3984 -0.0212
2.615 -4.019
-0.6368 2.748
-4.957 -4.63
0.7566 -0.2307
4.554 3.355
-3.649 1.596
1.029 -9.204
0.07089 0.2925
-4.406 -1.295
0.9983 -0.9514
-2.868 5.782
-0.376 -0.5654
5.414 -0.3427
3.756 0.1512
-4.422 6.993
-0.2277 -0.4339
3.696 3.364
-3.074 0.9809
1.529 -7.01
0.1228 0.9087
-5.459 -2.24
3.318 -2.564
12 3.359
-0.04504 0.04405
-1.049 -4.096
0.5334 0.7801
-5.926 0.452
0.2181 -0.4544
-0.4951 5.016
-2.674 -1.917
6.606 -2.991
0.2817 0.156
-3.971 2.389
-0.02652 -1.477
2.339 6.083
-0.6914 -0.1092
3.438 -4.25
-1.236 3.595
-5.528 -6.353
0.213 -0.04151
4.4 0.5207
-0.6743 0.903
-2.454 -5.711
0.4077 0.4334
-5.11 1.203
1.027 -3.412
0.4395 7.737
-0.3688 -0.1859
4.039 -2.648
2.742 1.002
-5.256 4.397
-0.1399 -0.7999
2.842 4.939
-4.025 -0.005782
4.779 -8.25
-0.02696 0.1516
-3.315 -2.79
0.9674 -0.3505
5.072 3.346
-0.4945 0.2475
0.3061 -5.129
0.981 3.294
-7.279 -1.736
0.255 -0.2695
-1.88 4.342
-1.556 -2.097
6.634 -0.7657
0.7416 0.1468
-3.674 4.198
-1.261 -3.704
5.571 6.928
-0.2698 0.0418
1.637 -4.223
-0.02624 1.26
-5.443 -3.296
0.5643 -0.3103
4.872 2.223
-3.004 2.141
-0.7685 -8.02
0.1987 0.4171
-4.92 -0.3895
1.77 -2.572
-1.766 6.817
-0.6238 -0.6136
5.606 -1.552
3.261 2.535
-9.868 4.015
0.01627 -0.1179
0.9009 4.188
-0.9394 -0.3027
4.459 -4.034
-0.2453 0.4641
-2.707 -4.309
3.365 -0.1257
7.348 0.4862
-0.1907 0.2851
-2.069 -4.201
1.531 1.468
-6.332 1.841
0.1735 -0.707
0.5978 5.491
-3.529 -1.556
6.969 -5.103
0.2341 0.07212
-3.283 3.049
-0.2653 -1.16
3.413 5.279
-0.6222 0.03131
2.416 -4.716
-0.4494 3.598
-6.296 -4.765
0.3999 -0.1687
4.212 2.476
-2.637 1.495
0.05486 -6.944
0.2811 0.7916
-5.665 -1.045
2.643 -3.1
-3.493 9.366
-0.1203 -0.1457
4.321 -0.7268
1.067 0.1543
-3.803 4.828
-0.2129 -0.5331
3.46 3.874
-3.426 0.7139
2.383 -7.234
0.0121 0.3918
-4.212 -2.262
2.369 -1.467
6.289 2.485
-0.6141 0.4874
-0.8277 -5.581
1.89 3.49
-9.174 -0.2504
0.1539 -0.2505
-0.9191 4.492
-1.011 -0.8963
6.103 -2.034
0.5512 0.3845
-4.9 2.296
0.3197 -3.731
2.145 7.948
-0.4668 -0.1242
3.518 -3.531
-1.35 2.908
-4.11 -5.847
0.9064 -0.08094
5.737 1.29
-2.833 3.072
-3.535 -11.33
0.05518 0.07236
-4.221 0.5426
0.3724 -0.8913
-0.279 5.971
-0.436 -0.2797
4.496 -2.323
2.988 1.458
-6.059 4.086
-0.02339 -0.3352
1.893 4.253
-1.573 -0.1656
3.852 -5.3
-0.1969 0.6863
-3.817 -3.953
3.715 -0.9258
6.594 5.405
-0.2161 0.0815
0.7238 -4.4
0.2136 1.135
-5.898 -2.07
0.462 -0.3968
-2.583 4.595
-1.835 -3.095
7.818 -0.08985
0.4269 0.009813
-2.525 4.15
-1.428 -2.61
5.184 4.557
-0.7825 0.2646
1.124 -5.615
0.6108 4
-9.084 -3.545
0.1366 -0.1094
4.212 1.101
-0.7379 0.747
-1.618 -5.893
0.324 0.4568
-5.143 0.4817
1.445 -3.149
-0.6118 7.521
-0.311 -0.2149
4.302 -2.038
2.392 1.271
-5.698 3.563
-0.02709 -0.7695
2.102 5.198
-3.903 -0.5474
5.557 -7.117
-0.08861 0.273
-3.05 -3.386
1.273 -0.2711
6.366 0.6423
-0.3845 0.5339
-2.21 -4.908
2.593 2.663
-7.891 2.002
0.1274 -0.4514
0.3668 4.949
-2.85 -1.375
5.868 -3.994
0.8401 0.2908
-4.423 3.832
-0.7853 -4.076
5.72 9.556
-0.14 0.002212
2.093 -3.762
-0.1593 0.9953
-4.688 -3.809
0.5035 -0.1923
4.319 2.744
-3.016 1.575
0.3146 -7.42
0.1078 0.3403
-4.594 -1.012
1.672 -1.829
-2.532 6.134
-0.4524 -0.5881
5.503 -0.7315
3.824 0.6884
-5.653 6.688
-0.08771 -0.2437
2.885 3.464
-1.207 0.2084
2.183 -5.932
-0.002288 0.637
-4.604 -2.68
3.177 -1.819
7.31 3.184
-0.3603 0.2662
-0.5522 -4.876
1.372 2.757
-6.98 -0.4317
0.4757 -0.7177
-1.355 5.628
-2.974 -2.826
9.868 -2.916
0.1624 0.1218
-4.056 1.732
0.1315 -1.091
1.404 6.019
-0.5627 -0.1707
3.811 -3.57
-1.598 3.153
-4.197 -6.431
0.3984 -0.02177
4.803 0.2348
-1.547 2.401
-3.113 -6.058
0.5855 0.5422
-5.416 1.677
0.8854 -3.898
1.172 9.271
-0.2839 -0.1193
3.669 -2.785
1.352 0.3909
-4.668 4.487
-0.1644 -0.666
3.031 4.516
-3.764 0.2545
3.666 -7.472
-0.05234 0.4872
-4.048 -2.955
2.97 -1.314
6.265 3.54
-0.8019 0.473
-0.05523 -5.915
1.476 3.94
-13.34 -2.224
0.01335 -0.01621
-1.402 3.967
-0.6051 -0.7076
5.822 -1.083
0.493 0.06266
-3.037 3.996
-1.259 -3.002
4.895 5.294
-0.3004 0.06801
1.367 -4.406
0.06836 1.419
-5.763 -2.967
0.5769 -0.3712
5.099 1.914
-2.92 2.4
-1.366 -8.231
0.1032 0.1829
-4.41 -0.04434
0.5626 -0.9522
-1.136 6.083
-0.4466 -0.3825
4.931 -1.739
2.94 1.976
-6.909 3.383
0.02768 -0.4051
1.333 4.621
-2.786 -0.6899
4.728 -4.912
-0.3234 0.7295
-3.344 -4.588
3.981 -0.4248
9.186 1.9
-0.09311 0.1046
-1.355 -4.094
0.6249 0.7909
-5.984 0.8744
0.1992 -0.5008
-0.1507 5.115
-2.901 -1.791
6.545 -3.526
0.3235 0.151
-3.86 2.701
-0.2175 -2.497
2.805 6.022
-0.7392 -0.06494
3.19 -4.552
-1.009 3.759
-6.21 -6.214
0.2502 -0.06694
3.541 2.802
-1.145 0.4545
0.9194 -6.261
0.1286 0.6239
-5.063 -1.68
2.736 -2.433
-3.793 7.029
-0.2351 -0.3814
4.912 -0.1412
3.078 0.2304
-3.947 5.79
-0.3737 -0.7757
4.15 4.047
-3.955 1.113
2.552 -10.03
0.009768 0.09751
-3.886 -1.753
0.79 -0.5681
5.704 1.811
-0.3826 0.3492
-1.087 -4.95
1.785 2.814
-7.316 0.3049
0.1557 -0.2977
-0.6176 4.621
-1.275 -0.9826
6.065 -2.498
0.6124 0.3672
-4.81 2.672
0.06337 -3.835
2.79 8.079
-0.2337 -0.04519
2.922 -3.368
-0.4154 1.085
-3.943 -4.86
0.6014 -0.09583
5.217 0.8006
-2.255 2.812
-2.842 -7.299
0.2817 0.3209
-4.771 0.9513
0.9573 -2.824
0.1538 6.907
-0.7305 -0.4003
4.9 -2.976
3.756 1.522
-7.723 6.021
-0.02418 -0.1733
2.043 3.853
-1.056 -0.03795
3.247 -5.185
-0.1184 0.5545
-3.841 -3.465
3.303 -1.07
6.163 4.378
-0.3437 0.1574
0.4472 -4.739
0.6868 2.635
-6.486 -1.785
0.5482 -0.5407
-2.407 5.072
-2.242 -3.249
9.029 -0.7279
0.2795 0.06538
-3.122 3.329
-0.379 -1.253
3.84 5.127
-0.6603 0.0791
2.121 -4.955
-0.2058 3.718
-6.826 -4.462
0.4185 -0.2117
4.441 2.215
-2.65 1.754
-0.4335 -7.092
0.3572 0.8217
-5.821 -0.6635
2.473 -3.342
-3.195 10.79
-0.04818 -0.05078
4.118 -0.9885
0.731 0.6098
-5.585 2.051
0.08609 -0.4966
0.8894 4.961
-3.101 -1.119
5.553 -4.686
-0.1602 0.2793
-2.329 -4.006
1.498 -0.004304
6.524 0.006248
-0.3506 0.6059
-2.732 -4.743
2.915 2.451
-7.936 2.88
0.03911 -0.2206
0.7665 4.371
-1.065 -0.3889
4.771 -3.996
0.5856 0.1394
-3.606 3.815
-1.021 -3.421
4.63 6.231
-0.4103 0.04755
1.92 -4.44
-0.1733 2.928
-5.728 -3.775
0.726 -0.3637
5.096 2.565
-3.365 2.209
-0.5476 -9.56
0.06363 0.1479
-4.303 -0.5072
0.6195 -0.8304
-1.75 5.826
-0.3791 -0.4026
5.007 -1.182
3.426 0.2696
-4.246 6.179
-0.1597 -0.3349
3.38 3.322
-2.536 0.7034
1.674 -6.472
0.07247 0.7525
-5.083 -2.316
3.191 -2.276
8.483 2.729
-0.2023 0.1833
-0.956 -4.434
0.6745 1.073
-6.365 0.2409
0.3039 -0.5757
-0.7307 5.312
-2.919 -2.267
7.474 -3.045
0.3953 0.2391
-4.329 2.383
0.06367 -3.128
2.278 6.678
-0.8584 -0.1694
3.834 -4.384
-1.491 3.851
-6.729 -8.359
0.1176 -0.01828
4.232 0.666
-0.6204 0.7677
-2.163 -5.618
0.3494 0.4012
-5.001 0.9773
1.093 -3.185
0.136 7.377
-0.3063 -0.1694
4.018 -2.419
2.105 0.8624
-5.221 4.039
-0.09783 -0.7214
2.573 4.895
-3.861 -0.1535
4.624 -7.321
-0.0521 0.2394
-3.32 -3.018
1.14 -0.3644
5.116 3.664
-0.5674 0.2573
0.5187 -5.281
0.9029 3.519
-7.618 -2.129
0.3151 -0.3085
-2.112 4.406
-1.716 -2.507
6.938 -0.5325
0.8467 0.02271
-3.013 4.91
-1.945 -3.588
7.519 6.661
-0.1793 0.05986
0.8778 -4.3
0.1587 1.066
-5.723 -2.259
0.4494 -0.357
5.027 1.335
-2.474 2.485
-1.99 -7.359
0.2256 0.3206
-4.769 0.4281
1.178 -2.54
-0.5746 6.745
-0.6432 -0.4482
5.108 -2.396
3.504 1.879
-7.829 4.854
-0.009439 -0.3009
1.702 4.257
-1.344 -0.1938
3.983 -5.061
-0.2099 0.6384
-3.611 -4.039
3.673 -0.7671
8.201 0.8592
-0.2838 0.3909
-2.032 -4.559
2.238 2.316
-6.941 1.733
0.2505 -0.8748
0.4126 5.873
-3.763 -1.834
9.997 -6.748
0.04624 0.01621
-3.201 2.752
-0.1739 -0.9217
3.029 5.105
-0.497 0.005949
2.461 -4.382
-0.5302 3.233
-5.6 -4.586
0.2947 -0.1113
3.896 2.496
-1.293 0.669
0.3004 -6.496
0.2067 0.6615
-5.328 -1.195
2.57 -2.791
-3.232 7.746
-0.1317 -0.1725
4.388 -0.5662
1.102 0.2027
-4.022 4.721
-0.1993 -0.5606
3.336 4.036
-3.506 0.5915
2.697 -7.242
-0.003065 0.413
-4.159 -2.442
2.52 -1.43
6.259 2.755
-0.6493 0.4759
-0.6187 -5.657
1.773 3.598
-9.451 -0.6208
0.08558 -0.128
-1.029 4.202
-0.7382 -0.7068
5.827 -1.697
0.4355 0.3293
-4.726 1.997
0.4226 -3.397
1.668 7.28
-0.3479 -0.107
3.461 -3.217
-1.173 2.293
-3.621 -5.595
0.748 -0.038
5.564 0.2933
-2.128 3.275
-4.014 -7.885
0.1945 0.1815
-4.325 1.321
0.2807 -1.214
0.7718 6.302
-0.5927 -0.2518
4.272 -3.217
3.533 1.037
-5.81 5.542
-0.1074 -0.4422
2.731 4.102
-3.102 0.1978
3.12 -6.298
-0.09602 0.8627
-4.679 -3.444
3.77 -1.651
9.146 5.214
-0.09669 0.05653
-0.02351 -4.27
0.3402 0.919
-5.914 -1.009
0.3352 -0.404
-1.712 4.785
-2.169 -2.557
7.231 -1.316
0.3401 0.04455
-2.844 3.712
-0.66 -1.59
4.449 4.848
-0.7038 0.1565
1.655 -5.262
0.1705 3.846
-7.634 -3.967
0.2065 -0.1318
4.182 1.588
-0.9113 0.7433
-1.003 -6.191
0.3006 0.5377
-5.291 -0.07348
1.853 -3.109
-1.475 7.736
-0.3286 -0.2836
4.601 -1.603
2.492 1.689
-6.235 3.024
0.06048 -0.8378
1.572 5.528
-3.944 -0.9928
6.901 -7.115
-0.0744 0.1661
-2.564 -3.545
1.065 -0.1096
6 1.265
-0.3787 0.422
-1.611 -4.931
2.155 2.749
-7.519 1.069
0.1436 -0.3572
-0.1588 4.771
-2.347 -1.461
5.953 -3.178
0.7028 0.3313
-4.624 3.209
-0.3288 -3.948
3.823 8.289
-0.2928 -0.02685
2.637 -3.733
-0.3496 1.283
-4.525 -4.563
0.6431 -0.1694
4.225 3.369
-3.48 1.366
1.223 -8.112
0.0943 0.4666
-4.718 -1.585
2.399 -2.117
-3.412 6.264
-0.4708 -0.7705
5.871 -0.1462
4.172 0.03995
-5.895 9.989
-0.0413 -0.07315
3.229 2.762
-0.9043 0.3194
1.093 -5.87
0.08391 0.5041
-4.732 -1.774
2.562 -2.108
7.081 1.75
-0.2281 0.2371
-1.29 -4.465
0.9119 1.25
-6.501 0.6968
0.2862 -0.6465
-0.3716 5.475
-3.173 -2.131
7.624 -3.738
0.2054 0.1056
-3.743 2.411
-0.05577 -1.147
2.415 5.75
-0.6042 -0.07649
3.184 -4.192
-1.061 3.423
-5.297 -5.723
0.4096 -0.09294
4.833 0.4222
-1.698 2.426
-2.912 -6.242
0.5792 0.5791
-5.524 1.481
1.045 -3.901
0.8449 9.644
-0.1523 -0.07098
3.561 -2.494
0.9901 0.328
-4.554 4.054
-0.1133 -0.5484
2.709 4.391
-3.457 0.101
3.574 -6.63
-0.05474 0.374
-3.723 -2.943
2.491 -0.9901
5.708 3.52
-0.6716 0.3622
0.1622 -5.598
1.238 3.734
-8.796 -1.815
0.1861 -0.2092
-1.679 4.229
-0.799 -1.01
6.316 -0.926
0.6491 0.1079
-3.415 4.152
-1.303 -3.474
5.276 6.163
-0.4611 0.08597
1.647 -4.667
0.03099 3.157
-6.163 -3.478
0.7655 -0.452
5.383 2.26
-3.3 2.507
-1.38 -10.88
0.06085 0.1183
-4.293 -0.2078
0.5418 -0.8417
-1.334 5.885
-0.3905 -0.3613
