xi G
0 0
0.005 -0.115308
0.01 -0.196249
0.015 -0.264218
0.02 -0.323761
0.025 -0.377039
0.03 -0.425322
0.035 -0.46945
0.04 -0.51002
0.045 -0.547479
0.05 -0.582172
0.055 -0.614375
0.06 -0.644315
0.065 -0.67218
0.07 -0.698127
0.075 -0.722294
0.08 -0.744797
0.085 -0.76574
0.09 -0.785214
0.095 -0.803298
0.1 -0.820065
0.105 -0.83558
0.11 -0.8499
0.115 -0.86308
0.12 -0.875166
0.125 -0.886205
0.13 -0.896236
0.135 -0.905297
0.14 -0.913422
0.145 -0.920645
0.15 -0.926994
0.155 -0.932497
0.16 -0.937181
0.165 -0.94107
0.17 -0.944187
0.175 -0.946552
0.18 -0.948187
0.185 -0.94911
0.19 -0.949339
0.195 -0.948892
0.2 -0.947783
0.205 -0.946029
0.21 -0.943644
0.215 -0.940641
0.22 -0.937034
0.225 -0.932835
0.23 -0.928055
0.235 -0.922707
0.24 -0.9168
0.245 -0.910345
0.25 -0.903351
0.255 -0.895829
0.26 -0.887787
0.265 -0.879234
0.27 -0.870177
0.275 -0.860625
0.28 -0.850586
0.285 -0.840066
0.29 -0.829073
0.295 -0.817614
0.3 -0.805694
0.305 -0.79332
0.31 -0.780498
0.315 -0.767233
0.32 -0.753532
0.325 -0.739399
0.33 -0.72484
0.335 -0.709859
0.34 -0.694462
0.345 -0.678652
0.35 -0.662434
0.355 -0.645813
0.36 -0.628793
0.365 -0.611376
0.37 -0.593568
0.375 -0.575372
0.38 -0.556791
0.385 -0.537829
0.39 -0.518489
0.395 -0.498774
0.4 -0.478688
0.405 -0.458232
0.41 -0.43741
0.415 -0.416225
0.42 -0.39468
0.425 -0.372775
0.43 -0.350515
0.435 -0.327901
0.44 -0.304936
0.445 -0.281621
0.45 -0.25796
0.455 -0.233952
0.46 -0.209601
0.465 -0.184909
0.47 -0.159876
0.475 -0.134505
0.48 -0.108797
0.485 -0.082753
0.49 -0.0563751
0.495 -0.0296643
0.5 -0.00262181
0.505 0.0247512
0.51 0.0524536
0.515 0.0804846
0.52 0.108843
0.525 0.137528
0.53 0.166539
0.535 0.195876
0.54 0.225537
0.545 0.255522
0.55 0.28583
0.555 0.316462
0.56 0.347416
0.565 0.378693
0.57 0.410292
0.575 0.442213
0.58 0.474456
0.585 0.507022
0.59 0.539909
0.595 0.573119
0.6 0.606651
0.605 0.640506
0.61 0.674684
0.615 0.709185
0.62 0.744011
0.625 0.779162
0.63 0.814638
0.635 0.85044
0.64 0.886569
0.645 0.923027
0.65 0.959813
0.655 0.99693
0.66 1.03438
0.665 1.07216
0.67 1.11027
0.675 1.14872
0.68 1.18751
0.685 1.22664
0.69 1.26611
0.695 1.30592
0.7 1.34607
0.705 1.38658
0.71 1.42743
0.715 1.46863
0.72 1.51019
0.725 1.55211
0.73 1.59439
0.735 1.63703
0.74 1.68004
0.745 1.72341
0.75 1.76717
0.755 1.8113
0.76 1.85581
0.765 1.9007
0.77 1.94599
0.775 1.99168
0.78 2.03776
0.785 2.08425
0.79 2.13115
0.795 2.17847
0.8 2.22621
0.805 2.27439
0.81 2.323
0.815 2.37205
0.82 2.42156
0.825 2.47153
0.83 2.52197
0.835 2.57289
0.84 2.6243
0.845 2.67621
0.85 2.72864
0.855 2.78159
0.86 2.83508
0.865 2.88912
0.87 2.94373
0.875 2.99893
0.88 3.05473
0.885 3.11116
0.89 3.16823
0.895 3.22598
0.9 3.28442
0.905 3.34358
0.91 3.40351
0.915 3.46422
0.92 3.52577
0.925 3.58819
0.93 3.65155
0.935 3.71589
0.94 3.78129
0.945 3.84782
0.95 3.91557
0.955 3.98467
0.96 4.05525
0.965 4.12747
0.97 4.20158
0.975 4.27785
0.98 4.35671
0.985 4.4388
0.99 4.5252
0.995 4.61818
1 4.72843
