nu I
3.84506 0.347768
7.69011 0.867609
11.5352 1
15.3802 0.805135
19.2253 0.49507
23.0703 0.240649
26.9154 0.0940625
30.7605 0.029851
34.6055 0.00773792
38.4506 0.00164494
42.2956 0.000287575
46.1407 4.14294e-05
49.9857 4.92586e-06
53.8308 4.83929e-07
57.6759 3.93192e-08
61.5209 2.64406e-09
65.366 1.47245e-10
69.211 6.79396e-12
73.0561 2.59836e-13
76.9011 8.23984e-15
80.7462 2.16724e-16
84.5913 4.72907e-18
88.4363 8.56282e-20
92.2814 1.28681e-21
96.1264 1.60522e-23
99.9715 1.66244e-25
103.817 1.42956e-27
107.662 1.02083e-29
111.507 6.05403e-32
115.352 2.98204e-34
119.197 1.2201e-36
123.042 4.14691e-39
126.887 1.17093e-41
130.732 2.74686e-44
134.577 5.35389e-47
138.422 8.67065e-50
142.267 1.16681e-52
146.112 1.30479e-55
149.957 1.2125e-58
153.802 9.36364e-62
