E i
-0.2 -0.999994
-0.191875 -0.999993
-0.18375 -0.999992
-0.175625 -0.999991
-0.1675 -0.999989
-0.159375 -0.999987
-0.15125 -0.999985
-0.143125 -0.999983
-0.135 -0.99998
-0.126875 -0.999976
-0.11875 -0.999972
-0.110625 -0.999967
-0.1025 -0.999962
-0.094375 -0.999955
-0.08625 -0.999947
-0.078125 -0.999938
-0.07 -0.999928
-0.061875 -0.999915
-0.05375 -0.999901
-0.045625 -0.999884
-0.0375 -0.999864
-0.029375 -0.999841
-0.02125 -0.999814
-0.013125 -0.999782
-0.005 -0.999744
0.003125 -0.9997
0.01125 -0.999649
0.019375 -0.999589
0.0275 -0.999519
0.035625 -0.999436
0.04375 -0.99934
0.051875 -0.999227
0.06 -0.999094
0.068125 -0.998939
0.07625 -0.998758
0.084375 -0.998545
0.0925 -0.998297
0.100625 -0.998005
0.10875 -0.997665
0.116875 -0.997266
0.125 -0.996799
0.133125 -0.996252
0.14125 -0.995613
0.149375 -0.994865
0.1575 -0.993991
0.165625 -0.992969
0.17375 -0.991774
0.181875 -0.990379
0.19 -0.988749
0.198125 -0.986847
0.20625 -0.984629
0.214375 -0.982043
0.2225 -0.979031
0.230625 -0.975527
0.23875 -0.971454
0.246875 -0.966727
0.255 -0.961248
0.263125 -0.954909
0.27125 -0.947589
0.279375 -0.939157
0.2875 -0.929469
0.295625 -0.918373
0.30375 -0.905708
0.311875 -0.891311
0.32 -0.875019
0.328125 -0.856678
0.33625 -0.836149
0.344375 -0.81332
0.3525 -0.788116
0.360625 -0.760512
0.36875 -0.730541
0.376875 -0.698307
0.385 -0.66399
0.393125 -0.627851
0.40125 -0.590223
0.409375 -0.551509
0.4175 -0.512159
0.425625 -0.472659
0.43375 -0.433498
0.441875 -0.39515
0.45 -0.35805
0.458125 -0.322576
0.46625 -0.289034
0.474375 -0.257653
0.4825 -0.228583
0.490625 -0.201901
0.49875 -0.177616
0.506875 -0.155682
0.515 -0.136008
0.523125 -0.118471
0.53125 -0.102925
0.539375 -0.0892121
0.5475 -0.0771678
0.555625 -0.0666296
0.56375 -0.0574395
0.571875 -0.0494483
0.58 -0.0425168
0.588125 -0.0365173
0.59625 -0.0313341
0.604375 -0.026863
0.6125 -0.0230111
0.620625 -0.019696
0.62875 -0.0168451
0.636875 -0.0143949
0.645 -0.0122897
0.653125 -0.0104808
0.66125 -0.008926
0.669375 -0.00758869
0.6775 -0.00643699
0.685625 -0.00544326
0.69375 -0.00458349
0.701875 -0.0038368
0.71 -0.00318495
0.718125 -0.00261196
0.72625 -0.00210374
0.734375 -0.00164775
0.7425 -0.00123269
0.750625 -0.00084828
0.75875 -0.000484973
0.766875 -0.000133733
0.775 0.000214178
0.783125 0.000567419
0.79125 0.000934779
0.799375 0.00132539
0.8075 0.00174895
0.815625 0.00221595
0.82375 0.00273796
0.831875 0.00332783
0.84 0.00400007
0.848125 0.00477115
0.85625 0.00565987
0.864375 0.0066878
0.8725 0.00787974
0.880625 0.00926424
0.88875 0.0108742
0.896875 0.0127475
0.905 0.0149279
0.913125 0.0174653
0.92125 0.0204173
0.929375 0.0238495
0.9375 0.0278366
0.945625 0.0324634
0.95375 0.0378253
0.961875 0.0440292
0.97 0.0511935
0.978125 0.0594486
0.98625 0.0689362
0.994375 0.0798077
1.0025 0.0922225
1.01063 0.106344
1.01875 0.122336
1.02687 0.140354
1.035 0.160539
1.04312 0.183009
1.05125 0.207845
1.05937 0.235081
1.0675 0.264694
1.07563 0.29659
1.08375 0.330601
1.09188 0.36648
1.1 0.403904
1.10813 0.44248
1.11625 0.481762
1.12437 0.521271
1.1325 0.560516
1.14062 0.599018
1.14875 0.636336
1.15687 0.672082
1.165 0.705938
1.17313 0.737663
1.18125 0.767094
1.18938 0.794145
1.1975 0.818797
1.20562 0.841087
1.21375 0.8611
1.22188 0.878955
1.23 0.894796
1.23812 0.908779
1.24625 0.921067
1.25438 0.931824
1.2625 0.941209
1.27062 0.949372
1.27875 0.956454
1.28687 0.962584
1.295 0.967881
1.30313 0.972449
1.31125 0.976383
1.31937 0.979767
1.3275 0.982675
1.33563 0.985171
1.34375 0.987312
1.35187 0.989148
1.36 0.99072
1.36812 0.992067
1.37625 0.993219
1.38438 0.994205
1.3925 0.995048
1.40063 0.99577
1.40875 0.996386
1.41688 0.996913
1.425 0.997363
1.43312 0.997748
1.44125 0.998077
1.44937 0.998358
1.4575 0.998597
1.46562 0.998802
1.47375 0.998977
1.48188 0.999127
1.49 0.999254
1.49813 0.999363
1.50625 0.999456
1.51438 0.999536
1.5225 0.999604
1.53062 0.999662
1.53875 0.999711
1.54688 0.999753
1.555 0.999789
1.56312 0.99982
1.57125 0.999847
1.57938 0.999869
1.5875 0.999888
1.59563 0.999904
1.60375 0.999918
1.61187 0.99993
1.62 0.999941
1.62813 0.999949
1.63625 0.999957
1.64437 0.999963
1.6525 0.999968
1.66063 0.999973
1.66875 0.999977
1.67687 0.99998
1.685 0.999983
1.69312 0.999986
1.70125 0.999988
1.70938 0.99999
1.7175 0.999991
1.72562 0.999992
1.73375 0.999994
1.74188 0.999994
1.75 0.999995
