x pbub pdew
0 0.388273 0.388273
0.02 0.400709 0.393113
0.04 0.413144 0.398075
0.06 0.42558 0.403164
0.08 0.438015 0.408385
0.1 0.45045 0.413743
0.12 0.462886 0.419243
0.14 0.475321 0.424891
0.16 0.487756 0.430694
0.18 0.500192 0.436657
0.2 0.512627 0.442788
0.22 0.525063 0.449094
0.24 0.537498 0.455581
0.26 0.549933 0.462259
0.28 0.562369 0.469136
0.3 0.574804 0.47622
0.32 0.58724 0.483521
0.34 0.599675 0.49105
0.36 0.61211 0.498817
0.38 0.624546 0.506833
0.4 0.636981 0.515112
0.42 0.649417 0.523665
0.44 0.661852 0.532507
0.46 0.674287 0.541653
0.48 0.686723 0.551119
0.5 0.699158 0.560921
0.52 0.711594 0.571079
0.54 0.724029 0.581611
0.56 0.736464 0.592538
0.58 0.7489 0.603885
0.6 0.761335 0.615674
0.62 0.77377 0.627933
0.64 0.786206 0.64069
0.66 0.798641 0.653975
0.68 0.811077 0.667824
0.7 0.823512 0.682272
0.72 0.835947 0.697359
0.74 0.848383 0.713128
0.76 0.860818 0.729626
0.78 0.873254 0.746907
0.8 0.885689 0.765025
0.82 0.898124 0.784045
0.84 0.91056 0.804034
0.86 0.922995 0.825069
0.88 0.935431 0.847235
0.9 0.947866 0.870624
0.92 0.960301 0.895341
0.94 0.972737 0.921503
0.96 0.985172 0.94924
0.98 0.997608 0.978698
1 1.01004 1.01004
