x T y
0 110.623 0
0.01 110.867 0.00332549
0.02 111.117 0.00696222
0.03 111.373 0.0109292
0.04 111.635 0.015246
0.05 111.901 0.0199327
0.06 112.17 0.0250095
0.07 112.442 0.0304973
0.08 112.716 0.0364168
0.09 112.99 0.0427891
0.1 113.264 0.0496349
0.11 113.537 0.0569747
0.12 113.807 0.0648286
0.13 114.073 0.073216
0.14 114.335 0.0821553
0.15 114.59 0.0916638
0.16 114.837 0.101757
0.17 115.076 0.11245
0.18 115.304 0.123754
0.19 115.52 0.135679
0.2 115.723 0.148232
0.21 115.911 0.161417
0.22 116.082 0.175235
0.23 116.236 0.189683
0.24 116.371 0.204755
0.25 116.485 0.220441
0.26 116.576 0.236724
0.27 116.644 0.253585
0.28 116.688 0.271002
0.29 116.705 0.288944
0.3 116.694 0.307379
0.31 116.655 0.326269
0.32 116.587 0.345572
0.33 116.489 0.365242
0.34 116.359 0.385229
0.35 116.198 0.40548
0.36 116.005 0.425939
0.37 115.779 0.446548
0.38 115.521 0.467248
0.39 115.23 0.487978
0.4 114.907 0.508676
0.41 114.552 0.529282
0.42 114.166 0.549736
0.43 113.749 0.56998
0.44 113.302 0.589959
0.45 112.827 0.60962
0.46 112.323 0.628913
0.47 111.793 0.647794
0.48 111.238 0.66622
0.49 110.66 0.684156
0.5 110.059 0.701568
0.51 109.437 0.71843
0.52 108.797 0.734718
0.53 108.139 0.750415
0.54 107.465 0.765507
0.55 106.778 0.779985
0.56 106.078 0.793845
0.57 105.368 0.807084
0.58 104.65 0.819707
0.59 103.924 0.831719
0.6 103.192 0.843128
0.61 102.456 0.853946
0.62 101.718 0.864185
0.63 100.978 0.873863
0.64 100.238 0.882995
0.65 99.5003 0.891599
0.66 98.7648 0.899695
0.67 98.033 0.907303
0.68 97.3061 0.914443
0.69 96.585 0.921135
0.7 95.8707 0.927401
0.71 95.164 0.93326
0.72 94.4658 0.938734
0.73 93.7768 0.943843
0.74 93.0976 0.948605
0.75 92.4289 0.953041
0.76 91.7712 0.957168
0.77 91.1252 0.961005
0.78 90.4912 0.964569
0.79 89.8696 0.967876
0.8 89.2609 0.970943
0.81 88.6654 0.973783
0.82 88.0834 0.976413
0.83 87.5151 0.978844
0.84 86.9609 0.981091
0.85 86.4209 0.983165
0.86 85.8952 0.985078
0.87 85.3841 0.986841
0.88 84.8877 0.988463
0.89 84.4061 0.989956
0.9 83.9395 0.991327
0.91 83.4877 0.992586
0.92 83.0511 0.993739
0.93 82.6295 0.994796
0.94 82.223 0.995762
0.95 81.8317 0.996644
0.96 81.4556 0.997449
0.97 81.0947 0.998182
0.98 80.7489 0.998848
0.99 80.4183 0.999453
1 80.1029 1
