pH model full Zn ZnOH4
6 -0.393853 -0.393705 -0.393853 -17.9243
6.05 -0.493853 -0.493687 -0.493853 -17.8243
6.1 -0.593853 -0.593666 -0.593853 -17.7243
6.15 -0.693853 -0.693643 -0.693853 -17.6243
6.2 -0.793853 -0.793617 -0.793853 -17.5243
6.25 -0.893853 -0.893587 -0.893853 -17.4243
6.3 -0.993853 -0.993554 -0.993853 -17.3243
6.35 -1.09385 -1.09352 -1.09385 -17.2243
6.4 -1.19385 -1.19347 -1.19385 -17.1243
6.45 -1.29385 -1.29343 -1.29385 -17.0243
6.5 -1.39385 -1.39337 -1.39385 -16.9243
6.55 -1.49385 -1.49331 -1.49385 -16.8243
6.6 -1.59385 -1.59324 -1.59385 -16.7243
6.65 -1.69385 -1.69316 -1.69385 -16.6243
6.7 -1.79385 -1.79307 -1.79385 -16.5243
6.75 -1.89385 -1.89296 -1.89385 -16.4243
6.8 -1.99385 -1.99285 -1.99385 -16.3243
6.85 -2.09385 -2.09271 -2.09385 -16.2243
6.9 -2.19385 -2.19256 -2.19385 -16.1243
6.95 -2.29385 -2.29238 -2.29385 -16.0243
7 -2.39385 -2.39217 -2.39385 -15.9243
7.05 -2.49385 -2.49194 -2.49385 -15.8243
7.1 -2.59385 -2.59166 -2.59385 -15.7243
7.15 -2.69385 -2.69135 -2.69385 -15.6243
7.2 -2.79385 -2.79098 -2.79385 -15.5243
7.25 -2.89385 -2.89055 -2.89385 -15.4243
7.3 -2.99385 -2.99005 -2.99385 -15.3243
7.35 -3.09385 -3.08946 -3.09385 -15.2243
7.4 -3.19385 -3.18877 -3.19385 -15.1243
7.45 -3.29385 -3.28796 -3.29385 -15.0243
7.5 -3.39385 -3.38699 -3.39385 -14.9243
7.55 -3.49385 -3.48585 -3.49385 -14.8243
7.6 -3.59385 -3.58449 -3.59385 -14.7243
7.65 -3.69385 -3.68287 -3.69385 -14.6243
7.7 -3.79385 -3.78094 -3.79385 -14.5243
7.75 -3.89385 -3.87862 -3.89385 -14.4243
7.8 -3.99385 -3.97583 -3.99385 -14.3243
7.85 -4.09385 -4.07247 -4.09385 -14.2243
7.9 -4.19385 -4.16843 -4.19385 -14.1243
7.95 -4.29385 -4.26355 -4.29385 -14.0243
8 -4.39385 -4.35766 -4.39385 -13.9243
8.05 -4.49385 -4.45055 -4.49385 -13.8243
8.1 -4.59385 -4.54198 -4.59385 -13.7243
8.15 -4.69385 -4.63167 -4.69385 -13.6243
8.2 -4.79385 -4.71927 -4.79385 -13.5243
8.25 -4.89385 -4.80443 -4.89385 -13.4243
8.3 -4.99385 -4.88675 -4.99385 -13.3243
8.35 -5.09385 -4.96577 -5.09385 -13.2243
8.4 -5.19385 -5.04107 -5.19385 -13.1243
8.45 -5.29385 -5.1122 -5.29385 -13.0243
8.5 -5.39385 -5.17876 -5.39385 -12.9243
8.55 -5.49385 -5.24039 -5.49385 -12.8243
8.6 -5.59385 -5.29684 -5.59385 -12.7243
8.65 -5.69385 -5.34795 -5.69385 -12.6243
8.7 -5.79385 -5.39369 -5.79385 -12.5243
8.75 -5.89385 -5.43417 -5.89385 -12.4243
8.8 -5.99385 -5.4696 -5.99385 -12.3243
8.85 -6.09385 -5.50028 -6.09385 -12.2243
8.9 -6.19385 -5.5266 -6.19385 -12.1243
8.95 -6.29385 -5.54899 -6.29385 -12.0243
9 -6.39385 -5.56788 -6.39385 -11.9243
9.05 -6.49385 -5.58373 -6.49385 -11.8243
9.1 -6.59385 -5.59693 -6.59385 -11.7243
9.15 -6.69385 -5.60789 -6.69385 -11.6243
9.2 -6.79384 -5.61693 -6.79385 -11.5243
9.25 -6.89384 -5.62436 -6.89385 -11.4243
9.3 -6.99383 -5.63045 -6.99385 -11.3243
9.35 -7.09382 -5.6354 -7.09385 -11.2243
9.4 -7.1938 -5.6394 -7.19385 -11.1243
9.45 -7.29377 -5.64262 -7.29385 -11.0243
9.5 -7.39372 -5.64516 -7.39385 -10.9243
9.55 -7.49365 -5.64714 -7.49385 -10.8243
9.6 -7.59353 -5.64864 -7.59385 -10.7243
9.65 -7.69334 -5.64973 -7.69385 -10.6243
9.7 -7.79305 -5.65045 -7.79385 -10.5243
9.75 -7.89257 -5.65085 -7.89385 -10.4243
9.8 -7.99183 -5.65095 -7.99385 -10.3243
9.85 -8.09065 -5.65078 -8.09385 -10.2243
9.9 -8.18878 -5.65036 -8.19385 -10.1243
9.95 -8.28585 -5.64968 -8.29385 -10.0243
10 -8.38123 -5.64876 -8.39385 -9.92427
10.05 -8.47402 -5.64758 -8.49385 -9.82427
10.1 -8.56282 -5.64615 -8.59385 -9.72427
10.15 -8.64565 -5.64445 -8.69385 -9.62427
10.2 -8.71976 -5.64247 -8.79385 -9.52427
10.25 -8.78164 -5.64018 -8.89385 -9.42427
10.3 -8.82734 -5.63756 -8.99385 -9.32427
10.35 -8.85315 -5.63459 -9.09385 -9.22427
10.4 -8.85664 -5.63123 -9.19385 -9.12427
10.45 -8.83744 -5.62745 -9.29385 -9.02427
10.5 -8.79743 -5.62321 -9.39385 -8.92427
10.55 -8.74005 -5.61847 -9.49385 -8.82427
10.6 -8.66926 -5.61318 -9.59385 -8.72427
10.65 -8.58876 -5.60729 -9.69385 -8.62427
10.7 -8.50153 -5.60074 -9.79385 -8.52427
10.75 -8.40978 -5.59349 -9.89385 -8.42427
10.8 -8.31507 -5.58545 -9.99385 -8.32427
10.85 -8.21844 -5.57658 -10.0939 -8.22427
10.9 -8.12058 -5.5668 -10.1939 -8.12427
10.95 -8.02194 -5.55604 -10.2939 -8.02427
11 -7.9228 -5.54423 -10.3939 -7.92427
11.05 -7.82334 -5.5313 -10.4939 -7.82427
11.1 -7.72368 -5.51717 -10.5939 -7.72427
11.15 -7.6239 -5.50176 -10.6939 -7.62427
11.2 -7.52403 -5.485 -10.7939 -7.52427
11.25 -7.42412 -5.46683 -10.8939 -7.42427
11.3 -7.32417 -5.44718 -10.9939 -7.32427
11.35 -7.22421 -5.42599 -11.0939 -7.22427
11.4 -7.12423 -5.40318 -11.1939 -7.12427
11.45 -7.02424 -5.37873 -11.2939 -7.02427
11.5 -6.92425 -5.35257 -11.3939 -6.92427
11.55 -6.82426 -5.32468 -11.4939 -6.82427
11.6 -6.72426 -5.29502 -11.5939 -6.72427
11.65 -6.62426 -5.26355 -11.6939 -6.62427
11.7 -6.52426 -5.23028 -11.7939 -6.52427
11.75 -6.42427 -5.19517 -11.8939 -6.42427
11.8 -6.32427 -5.15822 -11.9939 -6.32427
11.85 -6.22427 -5.11943 -12.0939 -6.22427
11.9 -6.12427 -5.0788 -12.1939 -6.12427
11.95 -6.02427 -5.03632 -12.2939 -6.02427
12 -5.92427 -4.99199 -12.3939 -5.92427
12.05 -5.82427 -4.94583 -12.4939 -5.82427
12.1 -5.72427 -4.89782 -12.5939 -5.72427
12.15 -5.62427 -4.84798 -12.6939 -5.62427
12.2 -5.52427 -4.7963 -12.7939 -5.52427
12.25 -5.42427 -4.74278 -12.8939 -5.42427
12.3 -5.32427 -4.68742 -12.9939 -5.32427
12.35 -5.22427 -4.63022 -13.0939 -5.22427
12.4 -5.12427 -4.57117 -13.1939 -5.12427
12.45 -5.02427 -4.51028 -13.2939 -5.02427
12.5 -4.92427 -4.44754 -13.3939 -4.92427
12.55 -4.82427 -4.38297 -13.4939 -4.82427
12.6 -4.72427 -4.31656 -13.5939 -4.72427
12.65 -4.62427 -4.24834 -13.6939 -4.62427
12.7 -4.52427 -4.17832 -13.7939 -4.52427
12.75 -4.42427 -4.10652 -13.8939 -4.42427
12.8 -4.32427 -4.03297 -13.9939 -4.32427
12.85 -4.22427 -3.95773 -14.0939 -4.22427
12.9 -4.12427 -3.88082 -14.1939 -4.12427
12.95 -4.02427 -3.8023 -14.2939 -4.02427
13 -3.92427 -3.72222 -14.3939 -3.92427
13.05 -3.82427 -3.64066 -14.4939 -3.82427
13.1 -3.72427 -3.55767 -14.5939 -3.72427
13.15 -3.62427 -3.47332 -14.6939 -3.62427
13.2 -3.52427 -3.38769 -14.7939 -3.52427
13.25 -3.42427 -3.30086 -14.8939 -3.42427
13.3 -3.32427 -3.21289 -14.9939 -3.32427
13.35 -3.22427 -3.12386 -15.0939 -3.22427
13.4 -3.12427 -3.03384 -15.1939 -3.12427
13.45 -3.02427 -2.94291 -15.2939 -3.02427
13.5 -2.92427 -2.85113 -15.3939 -2.92427
13.55 -2.82427 -2.75858 -15.4939 -2.82427
13.6 -2.72427 -2.66532 -15.5939 -2.72427
13.65 -2.62427 -2.57139 -15.6939 -2.62427
13.7 -2.52427 -2.47688 -15.7939 -2.52427
13.75 -2.42427 -2.38181 -15.8939 -2.42427
13.8 -2.32427 -2.28626 -15.9939 -2.32427
13.85 -2.22427 -2.19025 -16.0939 -2.22427
13.9 -2.12427 -2.09384 -16.1939 -2.12427
13.95 -2.02427 -1.99706 -16.2939 -2.02427
14 -1.92427 -1.89994 -16.3939 -1.92427
