t A0 A1 A2 lnA1 invA2
0 1 1 1 0 1
1 0.95 0.951229 0.952381 -0.05 1.05
2 0.9 0.904837 0.909091 -0.1 1.1
3 0.85 0.860708 0.869565 -0.15 1.15
4 0.8 0.818731 0.833333 -0.2 1.2
5 0.75 0.778801 0.8 -0.25 1.25
6 0.7 0.740818 0.769231 -0.3 1.3
7 0.65 0.704688 0.740741 -0.35 1.35
8 0.6 0.67032 0.714286 -0.4 1.4
9 0.55 0.637628 0.689655 -0.45 1.45
10 0.5 0.606531 0.666667 -0.5 1.5
11 0.45 0.57695 0.645161 -0.55 1.55
12 0.4 0.548812 0.625 -0.6 1.6
13 0.35 0.522046 0.606061 -0.65 1.65
14 0.3 0.496585 0.588235 -0.7 1.7
15 0.25 0.472367 0.571429 -0.75 1.75
16 0.2 0.449329 0.555556 -0.8 1.8
17 0.15 0.427415 0.540541 -0.85 1.85
18 0.1 0.40657 0.526316 -0.9 1.9
19 0.05 0.386741 0.512821 -0.95 1.95
20 0 0.367879 0.5 -1 2
21 0 0.349938 0.487805 -1.05 2.05
22 0 0.332871 0.47619 -1.1 2.1
23 0 0.316637 0.465116 -1.15 2.15
24 0 0.301194 0.454545 -1.2 2.2
25 0 0.286505 0.444444 -1.25 2.25
26 0 0.272532 0.434783 -1.3 2.3
27 0 0.25924 0.425532 -1.35 2.35
28 0 0.246597 0.416667 -1.4 2.4
29 0 0.23457 0.408163 -1.45 2.45
30 0 0.22313 0.4 -1.5 2.5
31 0 0.212248 0.392157 -1.55 2.55
32 0 0.201897 0.384615 -1.6 2.6
33 0 0.19205 0.377358 -1.65 2.65
34 0 0.182684 0.37037 -1.7 2.7
35 0 0.173774 0.363636 -1.75 2.75
36 0 0.165299 0.357143 -1.8 2.8
37 0 0.157237 0.350877 -1.85 2.85
38 0 0.149569 0.344828 -1.9 2.9
39 0 0.142274 0.338983 -1.95 2.95
40 0 0.135335 0.333333 -2 3
41 0 0.128735 0.327869 -2.05 3.05
42 0 0.122456 0.322581 -2.1 3.1
43 0 0.116484 0.31746 -2.15 3.15
44 0 0.110803 0.3125 -2.2 3.2
45 0 0.105399 0.307692 -2.25 3.25
46 0 0.100259 0.30303 -2.3 3.3
47 0 0.0953692 0.298507 -2.35 3.35
48 0 0.090718 0.294118 -2.4 3.4
49 0 0.0862936 0.289855 -2.45 3.45
50 0 0.082085 0.285714 -2.5 3.5
51 0 0.0780817 0.28169 -2.55 3.55
52 0 0.0742736 0.277778 -2.6 3.6
53 0 0.0706512 0.273973 -2.65 3.65
54 0 0.0672055 0.27027 -2.7 3.7
55 0 0.0639279 0.266667 -2.75 3.75
56 0 0.0608101 0.263158 -2.8 3.8
57 0 0.0578443 0.25974 -2.85 3.85
58 0 0.0550232 0.25641 -2.9 3.9
59 0 0.0523397 0.253165 -2.95 3.95
60 0 0.0497871 0.25 -3 4
