y V p0 p1 p2 p3
-4 8 0.500189 1.49893 2.50414 3.48734
-3.96667 7.86722 0.500216 1.49879 2.50465 3.48593
-3.93333 7.73556 0.500246 1.49863 2.50521 3.48438
-3.9 7.605 0.500281 1.49845 2.50584 3.48268
-3.86667 7.47556 0.500319 1.49825 2.50653 3.48082
-3.83333 7.34722 0.500363 1.49803 2.50729 3.4788
-3.8 7.22 0.500412 1.49778 2.50813 3.47659
-3.76667 7.09389 0.500468 1.49751 2.50905 3.47419
-3.73333 6.96889 0.50053 1.4972 2.51007 3.47159
-3.7 6.845 0.5006 1.49686 2.51119 3.46876
-3.66667 6.72222 0.500678 1.49648 2.51242 3.4657
-3.63333 6.60056 0.500766 1.49606 2.51376 3.4624
-3.6 6.48 0.500864 1.4956 2.51523 3.45884
-3.56667 6.36056 0.500974 1.49509 2.51683 3.455
-3.53333 6.24222 0.501096 1.49452 2.51858 3.45088
-3.5 6.125 0.501232 1.4939 2.52048 3.44646
-3.46667 6.00889 0.501384 1.49321 2.52254 3.44173
-3.43333 5.89389 0.501553 1.49246 2.52479 3.43667
-3.4 5.78 0.50174 1.49163 2.52722 3.43128
-3.36667 5.66722 0.501948 1.49073 2.52984 3.42554
-3.33333 5.55556 0.502178 1.48973 2.53268 3.41943
-3.3 5.445 0.502432 1.48865 2.53574 3.41297
-3.26667 5.33556 0.502714 1.48746 2.53904 3.40612
-3.23333 5.22722 0.503024 1.48617 2.54257 3.39889
-3.2 5.12 0.503367 1.48476 2.54637 3.39128
-3.16667 5.01389 0.503743 1.48324 2.55044 3.38327
-3.13333 4.90889 0.504158 1.48158 2.55479 3.37487
-3.1 4.805 0.504613 1.47978 2.55943 3.36608
-3.06667 4.70222 0.505112 1.47783 2.56438 3.3569
-3.03333 4.60056 0.505659 1.47572 2.56964 3.34734
-3 4.5 0.506258 1.47345 2.57523 3.33741
-2.96667 4.40056 0.506913 1.471 2.58115 3.32711
-2.93333 4.30222 0.507627 1.46836 2.58741 3.31647
-2.9 4.205 0.508406 1.46553 2.59403 3.3055
-2.86667 4.10889 0.509253 1.46249 2.601 3.29423
-2.83333 4.01389 0.510176 1.45923 2.60833 3.28268
-2.8 3.92 0.511177 1.45574 2.61602 3.27088
-2.76667 3.82722 0.512264 1.45202 2.62409 3.25887
-2.73333 3.73556 0.513441 1.44804 2.63251 3.24669
-2.7 3.645 0.514715 1.44381 2.6413 3.23437
-2.66667 3.55556 0.516092 1.43931 2.65045 3.22196
-2.63333 3.46722 0.517578 1.43454 2.65996 3.20953
-2.6 3.38 0.51918 1.42947 2.6698 3.19711
-2.56667 3.29389 0.520905 1.42412 2.67998 3.18477
-2.53333 3.20889 0.52276 1.41846 2.69048 3.17258
-2.5 3.125 0.524752 1.41249 2.70127 3.1606
-2.46667 3.04222 0.526888 1.40621 2.71235 3.14891
-2.43333 2.96056 0.529176 1.3996 2.72368 3.13757
-2.4 2.88 0.531623 1.39267 2.73524 3.12667
-2.36667 2.80056 0.534238 1.38541 2.74699 3.11628
-2.33333 2.72222 0.537028 1.37781 2.75892 3.10649
-2.3 2.645 0.54 1.36989 2.77097 3.09737
-2.26667 2.56889 0.543164 1.36164 2.7831 3.08903
-2.23333 2.49389 0.546526 1.35305 2.79528 3.08153
-2.2 2.42 0.550093 1.34415 2.80746 3.07497
-2.16667 2.34722 0.553875 1.33492 2.81958 3.06943
-2.13333 2.27556 0.557878 1.32538 2.83159 3.06499
-2.1 2.205 0.562109 1.31555 2.84344 3.06174
-2.06667 2.13556 0.566575 1.30542 2.85506 3.05974
-2.03333 2.06722 0.571284 1.29502 2.86639 3.05908
-2 2 0.57624 1.28436 2.87737 3.05983
-1.96667 1.93389 0.581451 1.27346 2.88793 3.06204
-1.93333 1.86889 0.586921 1.26234 2.898 3.06577
-1.9 1.805 0.592656 1.25103 2.90752 3.07108
-1.86667 1.74222 0.598659 1.23955 2.9164 3.078
-1.83333 1.68056 0.604934 1.22793 2.92459 3.08657
-1.8 1.62 0.611485 1.21621 2.932 3.09681
-1.76667 1.56056 0.618313 1.2044 2.93856 3.10874
-1.73333 1.50222 0.62542 1.19256 2.94422 3.12235
-1.7 1.445 0.632806 1.18071 2.94888 3.13763
-1.66667 1.38889 0.640471 1.16891 2.95249 3.15457
-1.63333 1.33389 0.648413 1.15718 2.95499 3.17313
-1.6 1.28 0.656631 1.14559 2.95631 3.19326
-1.56667 1.22722 0.665119 1.13416 2.95639 3.2149
-1.53333 1.17556 0.673875 1.12296 2.95518 3.23798
-1.5 1.125 0.682891 1.11203 2.95263 3.26242
-1.46667 1.07556 0.692161 1.10142 2.9487 3.2881
-1.43333 1.02722 0.701677 1.09119 2.94335 3.31493
-1.4 0.98 0.711429 1.08139 2.93655 3.34278
-1.36667 0.933889 0.721407 1.07207 2.92827 3.3715
-1.33333 0.888889 0.731598 1.0633 2.91851 3.40095
-1.3 0.845 0.741989 1.05511 2.90725 3.43098
-1.26667 0.802222 0.752565 1.04757 2.89449 3.46142
-1.23333 0.760556 0.763311 1.04073 2.88024 3.49208
-1.2 0.72 0.774209 1.03465 2.86452 3.5228
-1.16667 0.680556 0.785241 1.02938 2.84737 3.55337
-1.13333 0.642222 0.796388 1.02496 2.8288 3.58361
-1.1 0.605 0.807628 1.02144 2.80889 3.61331
-1.06667 0.568889 0.81894 1.01888 2.78767 3.64229
-1.03333 0.533889 0.8303 1.01731 2.76522 3.67034
-1 0.5 0.841686 1.01678 2.74161 3.69727
-0.966667 0.467222 0.853071 1.01733 2.71693 3.72289
-0.933333 0.435556 0.86443 1.01898 2.69126 3.747
-0.9 0.405 0.875737 1.02176 2.66473 3.76943
-0.866667 0.375556 0.886965 1.02572 2.63742 3.79001
-0.833333 0.347222 0.898086 1.03085 2.60947 3.80857
-0.8 0.32 0.909072 1.03719 2.58099 3.82498
-0.766667 0.293889 0.919894 1.04474 2.55212 3.83909
-0.733333 0.268889 0.930523 1.05351 2.523 3.85079
-0.7 0.245 0.940932 1.0635 2.49376 3.85997
-0.666667 0.222222 0.951091 1.07471 2.46456 3.86654
-0.633333 0.200556 0.960971 1.08712 2.43553 3.87045
-0.6 0.18 0.970545 1.10073 2.40684 3.87164
-0.566667 0.160556 0.979784 1.11551 2.37862 3.8701
-0.533333 0.142222 0.988661 1.13143 2.35104 3.86581
-0.5 0.125 0.997149 1.14846 2.32423 3.85879
-0.466667 0.108889 1.00522 1.16657 2.29835 3.84908
-0.433333 0.0938889 1.01286 1.18571 2.27355 3.83674
-0.4 0.08 1.02003 1.20583 2.24995 3.82186
-0.366667 0.0672222 1.02672 1.22687 2.2277 3.80453
-0.333333 0.0555556 1.0329 1.24879 2.20692 3.78488
-0.3 0.045 1.03856 1.27151 2.18773 3.76305
-0.266667 0.0355556 1.04367 1.29497 2.17024 3.7392
-0.233333 0.0272222 1.04822 1.3191 2.15456 3.71352
-0.2 0.02 1.05219 1.34382 2.14078 3.68618
-0.166667 0.0138889 1.05557 1.36905 2.12897 3.65741
-0.133333 0.00888889 1.05836 1.39471 2.11922 3.62742
-0.1 0.005 1.06053 1.42073 2.11157 3.59644
-0.0666667 0.00222222 1.06209 1.44701 2.10607 3.56471
-0.0333333 0.000555556 1.06303 1.47346 2.10276 3.53248
0 0 1.06334 1.5 2.10166 3.5
0.0333333 0.000555556 1.06303 1.52654 2.10276 3.46752
0.0666667 0.00222222 1.06209 1.55299 2.10607 3.43529
0.1 0.005 1.06053 1.57927 2.11157 3.40356
0.133333 0.00888889 1.05836 1.60529 2.11922 3.37258
0.166667 0.0138889 1.05557 1.63095 2.12897 3.34259
0.2 0.02 1.05219 1.65618 2.14078 3.31382
0.233333 0.0272222 1.04822 1.6809 2.15456 3.28648
0.266667 0.0355556 1.04367 1.70503 2.17024 3.2608
0.3 0.045 1.03856 1.72849 2.18773 3.23695
0.333333 0.0555556 1.0329 1.75121 2.20692 3.21512
0.366667 0.0672222 1.02672 1.77313 2.2277 3.19547
0.4 0.08 1.02003 1.79417 2.24995 3.17814
0.433333 0.0938889 1.01286 1.81429 2.27355 3.16326
0.466667 0.108889 1.00522 1.83343 2.29835 3.15092
0.5 0.125 0.997149 1.85154 2.32423 3.14121
0.533333 0.142222 0.988661 1.86857 2.35104 3.13419
0.566667 0.160556 0.979784 1.88449 2.37862 3.1299
0.6 0.18 0.970545 1.89927 2.40684 3.12836
0.633333 0.200556 0.960971 1.91288 2.43553 3.12955
0.666667 0.222222 0.951091 1.92529 2.46456 3.13346
0.7 0.245 0.940932 1.9365 2.49376 3.14003
0.733333 0.268889 0.930523 1.94649 2.523 3.14921
0.766667 0.293889 0.919894 1.95526 2.55212 3.16091
0.8 0.32 0.909072 1.96281 2.58099 3.17502
0.833333 0.347222 0.898086 1.96915 2.60947 3.19143
0.866667 0.375556 0.886965 1.97428 2.63742 3.20999
0.9 0.405 0.875737 1.97824 2.66473 3.23057
0.933333 0.435556 0.86443 1.98102 2.69126 3.253
0.966667 0.467222 0.853071 1.98267 2.71693 3.27711
1 0.5 0.841686 1.98322 2.74161 3.30273
1.03333 0.533889 0.8303 1.98269 2.76522 3.32966
1.06667 0.568889 0.81894 1.98112 2.78767 3.35771
1.1 0.605 0.807628 1.97856 2.80889 3.38669
1.13333 0.642222 0.796388 1.97504 2.8288 3.41639
1.16667 0.680556 0.785241 1.97062 2.84737 3.44663
1.2 0.72 0.774209 1.96535 2.86452 3.4772
1.23333 0.760556 0.763311 1.95927 2.88024 3.50792
1.26667 0.802222 0.752565 1.95243 2.89449 3.53858
1.3 0.845 0.741989 1.94489 2.90725 3.56902
1.33333 0.888889 0.731598 1.9367 2.91851 3.59905
1.36667 0.933889 0.721407 1.92793 2.92827 3.6285
1.4 0.98 0.711429 1.91861 2.93655 3.65722
1.43333 1.02722 0.701677 1.90881 2.94335 3.68507
1.46667 1.07556 0.692161 1.89858 2.9487 3.7119
1.5 1.125 0.682891 1.88797 2.95263 3.73758
1.53333 1.17556 0.673875 1.87704 2.95518 3.76202
1.56667 1.22722 0.665119 1.86584 2.95639 3.7851
1.6 1.28 0.656631 1.85441 2.95631 3.80674
1.63333 1.33389 0.648413 1.84282 2.95499 3.82687
1.66667 1.38889 0.640471 1.83109 2.95249 3.84543
1.7 1.445 0.632806 1.81929 2.94888 3.86237
1.73333 1.50222 0.62542 1.80744 2.94422 3.87765
1.76667 1.56056 0.618313 1.7956 2.93856 3.89126
1.8 1.62 0.611485 1.78379 2.932 3.90319
1.83333 1.68056 0.604934 1.77207 2.92459 3.91343
1.86667 1.74222 0.598659 1.76045 2.9164 3.922
1.9 1.805 0.592656 1.74897 2.90752 3.92892
1.93333 1.86889 0.586921 1.73766 2.898 3.93423
1.96667 1.93389 0.581451 1.72654 2.88793 3.93796
2 2 0.57624 1.71564 2.87737 3.94017
2.03333 2.06722 0.571284 1.70498 2.86639 3.94092
2.06667 2.13556 0.566575 1.69458 2.85506 3.94026
2.1 2.205 0.562109 1.68445 2.84344 3.93826
2.13333 2.27556 0.557878 1.67462 2.83159 3.93501
2.16667 2.34722 0.553875 1.66508 2.81958 3.93057
2.2 2.42 0.550093 1.65585 2.80746 3.92503
2.23333 2.49389 0.546526 1.64695 2.79528 3.91847
2.26667 2.56889 0.543164 1.63836 2.7831 3.91097
2.3 2.645 0.54 1.63011 2.77097 3.90263
2.33333 2.72222 0.537028 1.62219 2.75892 3.89351
2.36667 2.80056 0.534238 1.61459 2.74699 3.88372
2.4 2.88 0.531623 1.60733 2.73524 3.87333
2.43333 2.96056 0.529176 1.6004 2.72368 3.86243
2.46667 3.04222 0.526888 1.59379 2.71235 3.85109
2.5 3.125 0.524752 1.58751 2.70127 3.8394
2.53333 3.20889 0.52276 1.58154 2.69048 3.82742
2.56667 3.29389 0.520905 1.57588 2.67998 3.81523
2.6 3.38 0.51918 1.57053 2.6698 3.80289
2.63333 3.46722 0.517578 1.56546 2.65996 3.79047
2.66667 3.55556 0.516092 1.56069 2.65045 3.77804
2.7 3.645 0.514715 1.55619 2.6413 3.76563
2.73333 3.73556 0.513441 1.55196 2.63251 3.75331
2.76667 3.82722 0.512264 1.54798 2.62409 3.74113
2.8 3.92 0.511177 1.54426 2.61602 3.72912
2.83333 4.01389 0.510176 1.54077 2.60833 3.71732
2.86667 4.10889 0.509253 1.53751 2.601 3.70577
2.9 4.205 0.508406 1.53447 2.59403 3.6945
2.93333 4.30222 0.507627 1.53164 2.58741 3.68353
2.96667 4.40056 0.506913 1.529 2.58115 3.67289
3 4.5 0.506258 1.52655 2.57523 3.66259
3.03333 4.60056 0.505659 1.52428 2.56964 3.65266
3.06667 4.70222 0.505112 1.52217 2.56438 3.6431
3.1 4.805 0.504613 1.52022 2.55943 3.63392
3.13333 4.90889 0.504158 1.51842 2.55479 3.62513
3.16667 5.01389 0.503743 1.51676 2.55044 3.61673
3.2 5.12 0.503367 1.51524 2.54637 3.60872
3.23333 5.22722 0.503024 1.51383 2.54257 3.60111
3.26667 5.33556 0.502714 1.51254 2.53904 3.59388
3.3 5.445 0.502432 1.51135 2.53574 3.58703
3.33333 5.55556 0.502178 1.51027 2.53268 3.58057
3.36667 5.66722 0.501948 1.50927 2.52984 3.57446
3.4 5.78 0.50174 1.50837 2.52722 3.56872
3.43333 5.89389 0.501553 1.50754 2.52479 3.56333
3.46667 6.00889 0.501384 1.50679 2.52254 3.55827
3.5 6.125 0.501232 1.5061 2.52048 3.55354
3.53333 6.24222 0.501096 1.50548 2.51858 3.54912
3.56667 6.36056 0.500974 1.50491 2.51683 3.545
3.6 6.48 0.500864 1.5044 2.51523 3.54116
3.63333 6.60056 0.500766 1.50394 2.51376 3.5376
3.66667 6.72222 0.500678 1.50352 2.51242 3.5343
3.7 6.845 0.5006 1.50314 2.51119 3.53124
3.73333 6.96889 0.50053 1.5028 2.51007 3.52841
3.76667 7.09389 0.500468 1.50249 2.50905 3.52581
3.8 7.22 0.500412 1.50222 2.50813 3.52341
3.83333 7.34722 0.500363 1.50197 2.50729 3.5212
3.86667 7.47556 0.500319 1.50175 2.50653 3.51918
3.9 7.605 0.500281 1.50155 2.50584 3.51732
3.93333 7.73556 0.500246 1.50137 2.50521 3.51562
3.96667 7.86722 0.500216 1.50121 2.50465 3.51407
4 8 0.500189 1.50107 2.50414 3.51266
