Da cstr two five pfr
0 0 0 0 0
0.05 0.047619 0.0481856 0.0485343 0.0487706
0.1 0.0909091 0.0929705 0.0942692 0.0951626
0.15 0.130435 0.134667 0.137391 0.139292
0.2 0.166667 0.173554 0.178073 0.181269
0.25 0.2 0.209877 0.216474 0.221199
0.3 0.230769 0.243856 0.252742 0.259182
0.35 0.259259 0.27569 0.287014 0.295312
0.4 0.285714 0.305556 0.319417 0.32968
0.45 0.310345 0.333611 0.350069 0.362372
0.5 0.333333 0.36 0.379079 0.393469
0.55 0.354839 0.384852 0.406549 0.42305
0.6 0.375 0.408284 0.432573 0.451188
0.65 0.393939 0.430402 0.45724 0.477954
0.7 0.411765 0.451303 0.480631 0.503415
0.75 0.428571 0.471074 0.502823 0.527633
0.8 0.444444 0.489796 0.523887 0.550671
0.85 0.459459 0.507541 0.543889 0.572585
0.9 0.473684 0.524376 0.562891 0.59343
0.95 0.487179 0.540362 0.580951 0.613259
1 0.5 0.555556 0.598122 0.632121
1.05 0.512195 0.570008 0.614457 0.650062
1.1 0.52381 0.583767 0.630001 0.667129
1.15 0.534884 0.596876 0.644799 0.683363
1.2 0.545455 0.609375 0.658892 0.698806
1.25 0.555556 0.621302 0.67232 0.713495
1.3 0.565217 0.632691 0.685118 0.727468
1.35 0.574468 0.643573 0.697322 0.74076
1.4 0.583333 0.653979 0.708962 0.753403
1.45 0.591837 0.663936 0.720069 0.76543
1.5 0.6 0.673469 0.730671 0.77687
1.55 0.607843 0.682603 0.740795 0.787752
1.6 0.615385 0.691358 0.750466 0.798103
1.65 0.622642 0.699756 0.759707 0.80795
1.7 0.62963 0.707816 0.76854 0.817316
1.75 0.636364 0.715556 0.776986 0.826226
1.8 0.642857 0.722992 0.785066 0.834701
1.85 0.649123 0.73014 0.792796 0.842763
1.9 0.655172 0.737015 0.800196 0.850431
1.95 0.661017 0.743631 0.80728 0.857726
2 0.666667 0.75 0.814066 0.864665
2.05 0.672131 0.756135 0.820566 0.871265
2.1 0.677419 0.762046 0.826796 0.877544
2.15 0.68254 0.767746 0.832768 0.883516
2.2 0.6875 0.773243 0.838494 0.889197
2.25 0.692308 0.778547 0.843987 0.894601
2.3 0.69697 0.783667 0.849257 0.899741
2.35 0.701493 0.788611 0.854316 0.904631
2.4 0.705882 0.793388 0.859171 0.909282
2.45 0.710145 0.798005 0.863834 0.913706
2.5 0.714286 0.802469 0.868313 0.917915
2.55 0.71831 0.806787 0.872616 0.921918
2.6 0.722222 0.810964 0.876751 0.925726
2.65 0.726027 0.815008 0.880727 0.929349
2.7 0.72973 0.818923 0.884549 0.932794
2.75 0.733333 0.822715 0.888226 0.936072
2.8 0.736842 0.826389 0.891763 0.93919
2.85 0.74026 0.82995 0.895166 0.942156
2.9 0.74359 0.833403 0.898442 0.944977
2.95 0.746835 0.836751 0.901596 0.94766
3 0.75 0.84 0.904633 0.950213
3.05 0.753086 0.843153 0.907558 0.952641
3.1 0.756098 0.846213 0.910376 0.954951
3.15 0.759036 0.849185 0.913092 0.957148
3.2 0.761905 0.852071 0.915709 0.959238
3.25 0.764706 0.854875 0.918233 0.961226
3.3 0.767442 0.857601 0.920666 0.963117
3.35 0.770115 0.86025 0.923013 0.964916
3.4 0.772727 0.862826 0.925277 0.966627
3.45 0.775281 0.865331 0.927462 0.968254
3.5 0.777778 0.867769 0.92957 0.969803
3.55 0.78022 0.87014 0.931606 0.971275
3.6 0.782609 0.872449 0.933571 0.972676
3.65 0.784946 0.874697 0.935469 0.974009
3.7 0.787234 0.876885 0.937302 0.975276
3.75 0.789474 0.879017 0.939073 0.976482
3.8 0.791667 0.881094 0.940784 0.977629
3.85 0.793814 0.883118 0.942438 0.97872
3.9 0.795918 0.88509 0.944037 0.979758
3.95 0.79798 0.887014 0.945583 0.980745
4 0.8 0.888889 0.947078 0.981684
4.05 0.80198 0.890718 0.948524 0.982578
4.1 0.803922 0.892502 0.949922 0.983427
4.15 0.805825 0.894243 0.951276 0.984236
4.2 0.807692 0.895942 0.952586 0.985004
4.25 0.809524 0.8976 0.953853 0.985736
4.3 0.811321 0.899219 0.95508 0.986431
4.35 0.813084 0.9008 0.956269 0.987093
4.4 0.814815 0.902344 0.95742 0.987723
4.45 0.816514 0.903852 0.958534 0.988321
4.5 0.818182 0.905325 0.959614 0.988891
4.55 0.81982 0.906765 0.96066 0.989433
4.6 0.821429 0.908173 0.961674 0.989948
4.65 0.823009 0.909548 0.962657 0.990438
4.7 0.824561 0.910893 0.963609 0.990905
4.75 0.826087 0.912209 0.964533 0.991348
4.8 0.827586 0.913495 0.965428 0.99177
4.85 0.82906 0.914753 0.966297 0.992172
4.9 0.830508 0.915984 0.96714 0.992553
4.95 0.831933 0.917189 0.967957 0.992917
5 0.833333 0.918367 0.96875 0.993262
5.05 0.834711 0.919521 0.96952 0.993591
5.1 0.836066 0.920651 0.970267 0.993903
5.15 0.837398 0.921757 0.970992 0.994201
5.2 0.83871 0.92284 0.971696 0.994483
5.25 0.84 0.9239 0.97238 0.994752
5.3 0.84127 0.924939 0.973043 0.995008
5.35 0.84252 0.925957 0.973688 0.995252
5.4 0.84375 0.926954 0.974315 0.995483
5.45 0.844961 0.927931 0.974923 0.995704
5.5 0.846154 0.928889 0.975515 0.995913
5.55 0.847328 0.929828 0.97609 0.996113
5.6 0.848485 0.930748 0.976648 0.996302
5.65 0.849624 0.93165 0.977191 0.996482
5.7 0.850746 0.932535 0.977719 0.996654
5.75 0.851852 0.933403 0.978233 0.996817
5.8 0.852941 0.934254 0.978732 0.996972
5.85 0.854015 0.935089 0.979217 0.99712
5.9 0.855072 0.935908 0.97969 0.997261
5.95 0.856115 0.936711 0.980149 0.997394
6 0.857143 0.9375 0.980596 0.997521
6.05 0.858156 0.938274 0.981031 0.997642
6.1 0.859155 0.939034 0.981455 0.997757
6.15 0.86014 0.939779 0.981867 0.997867
6.2 0.861111 0.940512 0.982268 0.997971
6.25 0.862069 0.94123 0.982658 0.99807
6.3 0.863014 0.941936 0.983039 0.998164
6.35 0.863946 0.94263 0.983409 0.998253
6.4 0.864865 0.943311 0.98377 0.998338
6.45 0.865772 0.94398 0.984121 0.998419
6.5 0.866667 0.944637 0.984463 0.998497
6.55 0.86755 0.945282 0.984797 0.99857
6.6 0.868421 0.945917 0.985121 0.99864
6.65 0.869281 0.94654 0.985438 0.998706
6.7 0.87013 0.947153 0.985747 0.998769
6.75 0.870968 0.947755 0.986047 0.998829
6.8 0.871795 0.948347 0.98634 0.998886
6.85 0.872611 0.948929 0.986626 0.998941
6.9 0.873418 0.949501 0.986905 0.998992
6.95 0.874214 0.950064 0.987176 0.999041
7 0.875 0.950617 0.987441 0.999088
7.05 0.875776 0.951161 0.9877 0.999133
7.1 0.876543 0.951697 0.987952 0.999175
7.15 0.877301 0.952223 0.988198 0.999215
7.2 0.878049 0.952741 0.988438 0.999253
7.25 0.878788 0.953251 0.988672 0.99929
7.3 0.879518 0.953752 0.9889 0.999324
7.35 0.88024 0.954245 0.989123 0.999357
7.4 0.880952 0.954731 0.98934 0.999389
7.45 0.881657 0.955208 0.989553 0.999419
7.5 0.882353 0.955679 0.98976 0.999447
7.55 0.883041 0.956142 0.989962 0.999474
7.6 0.883721 0.956597 0.99016 0.9995
7.65 0.884393 0.957046 0.990353 0.999524
7.7 0.885057 0.957488 0.990541 0.999547
7.75 0.885714 0.957922 0.990725 0.999569
7.8 0.886364 0.958351 0.990905 0.99959
7.85 0.887006 0.958772 0.991081 0.99961
7.9 0.88764 0.959188 0.991252 0.999629
7.95 0.888268 0.959597 0.99142 0.999647
8 0.888889 0.96 0.991583 0.999665
8.05 0.889503 0.960397 0.991743 0.999681
8.1 0.89011 0.960788 0.9919 0.999696
8.15 0.89071 0.961174 0.992053 0.999711
8.2 0.891304 0.961553 0.992202 0.999725
8.25 0.891892 0.961927 0.992348 0.999739
8.3 0.892473 0.962296 0.992491 0.999751
8.35 0.893048 0.96266 0.99263 0.999764
8.4 0.893617 0.963018 0.992767 0.999775
8.45 0.89418 0.963371 0.9929 0.999786
8.5 0.894737 0.963719 0.993031 0.999797
8.55 0.895288 0.964062 0.993158 0.999806
8.6 0.895833 0.9644 0.993283 0.999816
8.65 0.896373 0.964734 0.993405 0.999825
8.7 0.896907 0.965062 0.993525 0.999833
8.75 0.897436 0.965387 0.993642 0.999842
8.8 0.897959 0.965706 0.993756 0.999849
8.85 0.898477 0.966022 0.993868 0.999857
8.9 0.89899 0.966333 0.993978 0.999864
8.95 0.899497 0.96664 0.994085 0.99987
9 0.9 0.966942 0.99419 0.999877
9.05 0.900498 0.967241 0.994292 0.999883
9.1 0.90099 0.967535 0.994393 0.999888
9.15 0.901478 0.967826 0.994491 0.999894
9.2 0.901961 0.968112 0.994587 0.999899
9.25 0.902439 0.968395 0.994682 0.999904
9.3 0.902913 0.968674 0.994774 0.999909
9.35 0.903382 0.96895 0.994864 0.999913
9.4 0.903846 0.969221 0.994953 0.999917
9.45 0.904306 0.96949 0.99504 0.999921
9.5 0.904762 0.969754 0.995125 0.999925
9.55 0.905213 0.970016 0.995208 0.999929
9.6 0.90566 0.970273 0.995289 0.999932
9.65 0.906103 0.970528 0.995369 0.999936
9.7 0.906542 0.970779 0.995447 0.999939
9.75 0.906977 0.971028 0.995524 0.999942
9.8 0.907407 0.971273 0.995599 0.999945
9.85 0.907834 0.971515 0.995673 0.999947
9.9 0.908257 0.971753 0.995745 0.99995
9.95 0.908676 0.971989 0.995815 0.999952
10 0.909091 0.972222 0.995885 0.999955
