V pH
0 1.63168
0.05 1.63817
0.1 1.64466
0.15 1.65114
0.2 1.65762
0.25 1.66409
0.3 1.67056
0.35 1.67703
0.4 1.68349
0.45 1.68995
0.5 1.6964
0.55 1.70285
0.6 1.7093
0.65 1.71574
0.7 1.72218
0.75 1.72862
0.8 1.73505
0.85 1.74148
0.9 1.7479
0.95 1.75433
1 1.76075
1.05 1.76716
1.1 1.77357
1.15 1.77998
1.2 1.78639
1.25 1.7928
1.3 1.7992
1.35 1.8056
1.4 1.812
1.45 1.81839
1.5 1.82478
1.55 1.83118
1.6 1.83757
1.65 1.84396
1.7 1.85034
1.75 1.85673
1.8 1.86312
1.85 1.8695
1.9 1.87589
1.95 1.88227
2 1.88865
2.05 1.89504
2.1 1.90142
2.15 1.90781
2.2 1.9142
2.25 1.92058
2.3 1.92697
2.35 1.93336
2.4 1.93976
2.45 1.94615
2.5 1.95255
2.55 1.95895
2.6 1.96535
2.65 1.97176
2.7 1.97817
2.75 1.98458
2.8 1.991
2.85 1.99743
2.9 2.00386
2.95 2.01029
3 2.01673
3.05 2.02317
3.1 2.02963
3.15 2.03609
3.2 2.04255
3.25 2.04903
3.3 2.05551
3.35 2.062
3.4 2.0685
3.45 2.07501
3.5 2.08153
3.55 2.08805
3.6 2.09459
3.65 2.10114
3.7 2.10771
3.75 2.11428
3.8 2.12087
3.85 2.12747
3.9 2.13408
3.95 2.14071
4 2.14736
4.05 2.15402
4.1 2.16069
4.15 2.16738
4.2 2.17409
4.25 2.18082
4.3 2.18756
4.35 2.19433
4.4 2.20111
4.45 2.20792
4.5 2.21475
4.55 2.22159
4.6 2.22846
4.65 2.23536
4.7 2.24228
4.75 2.24922
4.8 2.25619
4.85 2.26319
4.9 2.27021
4.95 2.27726
5 2.28435
5.05 2.29146
5.1 2.2986
5.15 2.30578
5.2 2.31299
5.25 2.32023
5.3 2.32751
5.35 2.33482
5.4 2.34218
5.45 2.34957
5.5 2.357
5.55 2.36447
5.6 2.37199
5.65 2.37955
5.7 2.38715
5.75 2.3948
5.8 2.4025
5.85 2.41025
5.9 2.41805
5.95 2.42591
6 2.43382
6.05 2.44178
6.1 2.4498
6.15 2.45789
6.2 2.46603
6.25 2.47424
6.3 2.48252
6.35 2.49086
6.4 2.49927
6.45 2.50776
6.5 2.51632
6.55 2.52496
6.6 2.53368
6.65 2.54248
6.7 2.55137
6.75 2.56035
6.8 2.56942
6.85 2.57859
6.9 2.58786
6.95 2.59722
7 2.6067
7.05 2.61629
7.1 2.62599
7.15 2.63581
7.2 2.64575
7.25 2.65582
7.3 2.66603
7.35 2.67637
7.4 2.68686
7.45 2.6975
7.5 2.7083
7.55 2.71926
7.6 2.7304
7.65 2.74171
7.7 2.75321
7.75 2.76491
7.8 2.77681
7.85 2.78892
7.9 2.80127
7.95 2.81385
8 2.82668
8.05 2.83977
8.1 2.85313
8.15 2.86679
8.2 2.88076
8.25 2.89505
8.3 2.90969
8.35 2.9247
8.4 2.94009
8.45 2.95591
8.5 2.97216
8.55 2.98889
8.6 3.00612
8.65 3.0239
8.7 3.04226
8.75 3.06126
8.8 3.08094
8.85 3.10137
8.9 3.12261
8.95 3.14473
9 3.16782
9.05 3.19199
9.1 3.21735
9.15 3.24403
9.2 3.2722
9.25 3.30204
9.3 3.33379
9.35 3.36773
9.4 3.4042
9.45 3.44364
9.5 3.48661
9.55 3.53383
9.6 3.58628
9.65 3.64531
9.7 3.71286
9.75 3.79184
9.8 3.8869
9.85 4.00601
9.9 4.16399
9.95 4.38891
10 4.70581
10.05 5.02288
10.1 5.24812
10.15 5.40646
10.2 5.52595
10.25 5.62139
10.3 5.70076
10.35 5.76871
10.4 5.82814
10.45 5.881
10.5 5.92864
10.55 5.97202
10.6 6.01189
10.65 6.04879
10.7 6.08316
10.75 6.11535
10.8 6.14564
10.85 6.17426
10.9 6.2014
10.95 6.22722
11 6.25185
11.05 6.27542
11.1 6.29802
11.15 6.31974
11.2 6.34066
11.25 6.36084
11.3 6.38034
11.35 6.39922
11.4 6.41751
11.45 6.43527
11.5 6.45252
11.55 6.46931
11.6 6.48567
11.65 6.50162
11.7 6.51718
11.75 6.53238
11.8 6.54725
11.85 6.5618
11.9 6.57605
11.95 6.59001
12 6.60371
12.05 6.61715
12.1 6.63035
12.15 6.64332
12.2 6.65607
12.25 6.66862
12.3 6.68098
12.35 6.69314
12.4 6.70513
12.45 6.71695
12.5 6.7286
12.55 6.74011
12.6 6.75146
12.65 6.76268
12.7 6.77376
12.75 6.78471
12.8 6.79554
12.85 6.80625
12.9 6.81685
12.95 6.82734
13 6.83773
13.05 6.84802
13.1 6.85821
13.15 6.86832
13.2 6.87834
13.25 6.88827
13.3 6.89813
13.35 6.90792
13.4 6.91763
13.45 6.92727
13.5 6.93684
13.55 6.94636
13.6 6.95581
13.65 6.9652
13.7 6.97455
13.75 6.98383
13.8 6.99307
13.85 7.00227
13.9 7.01141
13.95 7.02052
14 7.02959
14.05 7.03862
14.1 7.04761
14.15 7.05657
14.2 7.0655
14.25 7.07439
14.3 7.08327
14.35 7.09211
14.4 7.10094
14.45 7.10974
14.5 7.11852
14.55 7.12728
14.6 7.13603
14.65 7.14477
14.7 7.15349
14.75 7.1622
14.8 7.1709
14.85 7.1796
14.9 7.18829
14.95 7.19698
15 7.20566
15.05 7.21435
15.1 7.22303
15.15 7.23172
15.2 7.24042
15.25 7.24912
15.3 7.25784
15.35 7.26656
15.4 7.27529
15.45 7.28404
15.5 7.2928
15.55 7.30159
15.6 7.31039
15.65 7.31921
15.7 7.32806
15.75 7.33693
15.8 7.34583
15.85 7.35476
15.9 7.36371
15.95 7.37271
16 7.38174
16.05 7.3908
16.1 7.39991
16.15 7.40906
16.2 7.41825
16.25 7.42749
16.3 7.43678
16.35 7.44612
16.4 7.45551
16.45 7.46497
16.5 7.47448
16.55 7.48405
16.6 7.4937
16.65 7.50341
16.7 7.51319
16.75 7.52305
16.8 7.53298
16.85 7.543
16.9 7.55311
16.95 7.5633
17 7.57359
17.05 7.58398
17.1 7.59447
17.15 7.60507
17.2 7.61578
17.25 7.62661
17.3 7.63756
17.35 7.64864
17.4 7.65985
17.45 7.67121
17.5 7.68271
17.55 7.69437
17.6 7.70619
17.65 7.71817
17.7 7.73034
17.75 7.74269
17.8 7.75524
17.85 7.76799
17.9 7.78096
17.95 7.79416
18 7.8076
18.05 7.8213
18.1 7.83526
18.15 7.84951
18.2 7.86405
18.25 7.87892
18.3 7.89412
18.35 7.90968
18.4 7.92563
18.45 7.94198
18.5 7.95877
18.55 7.97602
18.6 7.99378
18.65 8.01207
18.7 8.03094
18.75 8.05044
18.8 8.07061
18.85 8.09152
18.9 8.11324
18.95 8.13583
19 8.15939
19.05 8.18402
19.1 8.20982
19.15 8.23695
19.2 8.26555
19.25 8.29582
19.3 8.32799
19.35 8.36233
19.4 8.3992
19.45 8.43901
19.5 8.48234
19.55 8.52989
19.6 8.58263
19.65 8.64189
19.7 8.70958
19.75 8.78854
19.8 8.88324
19.85 9.00126
19.9 9.15613
19.95 9.37145
20 9.66252
20.05 9.95279
20.1 10.1665
20.15 10.3197
20.2 10.436
20.25 10.529
20.3 10.6062
20.35 10.6721
20.4 10.7295
20.45 10.7805
20.5 10.8262
20.55 10.8677
20.6 10.9057
20.65 10.9407
20.7 10.9732
20.75 11.0035
20.8 11.0318
20.85 11.0585
20.9 11.0837
20.95 11.1076
21 11.1302
21.05 11.1518
21.1 11.1724
21.15 11.1921
21.2 11.211
21.25 11.2291
21.3 11.2466
21.35 11.2634
21.4 11.2796
21.45 11.2952
21.5 11.3103
21.55 11.325
21.6 11.3392
21.65 11.3529
21.7 11.3663
21.75 11.3793
21.8 11.3919
21.85 11.4042
21.9 11.4162
21.95 11.4278
22 11.4392
22.05 11.4503
22.1 11.4612
22.15 11.4718
22.2 11.4821
22.25 11.4923
22.3 11.5022
22.35 11.5119
22.4 11.5214
22.45 11.5307
22.5 11.5399
22.55 11.5488
22.6 11.5576
22.65 11.5663
22.7 11.5747
22.75 11.5831
22.8 11.5912
22.85 11.5993
22.9 11.6072
22.95 11.6149
23 11.6226
23.05 11.6301
23.1 11.6375
23.15 11.6448
23.2 11.6519
23.25 11.659
23.3 11.666
23.35 11.6728
23.4 11.6796
23.45 11.6862
23.5 11.6928
23.55 11.6993
23.6 11.7056
23.65 11.7119
23.7 11.7181
23.75 11.7243
23.8 11.7303
23.85 11.7363
23.9 11.7422
23.95 11.748
24 11.7538
24.05 11.7595
24.1 11.7651
24.15 11.7706
24.2 11.7761
24.25 11.7815
24.3 11.7869
24.35 11.7922
24.4 11.7974
24.45 11.8026
24.5 11.8077
24.55 11.8128
24.6 11.8178
24.65 11.8227
24.7 11.8276
24.75 11.8325
24.8 11.8373
24.85 11.842
24.9 11.8467
24.95 11.8514
25 11.856
25.05 11.8605
25.1 11.865
25.15 11.8695
25.2 11.8739
25.25 11.8783
25.3 11.8827
25.35 11.887
25.4 11.8912
25.45 11.8955
25.5 11.8996
25.55 11.9038
25.6 11.9079
25.65 11.912
25.7 11.916
25.75 11.92
25.8 11.924
25.85 11.9279
25.9 11.9318
25.95 11.9356
26 11.9395
26.05 11.9433
26.1 11.947
26.15 11.9507
26.2 11.9544
26.25 11.9581
26.3 11.9618
26.35 11.9654
26.4 11.9689
26.45 11.9725
26.5 11.976
26.55 11.9795
26.6 11.983
26.65 11.9864
26.7 11.9898
26.75 11.9932
26.8 11.9966
26.85 11.9999
26.9 12.0032
26.95 12.0065
27 12.0098
27.05 12.013
27.1 12.0162
27.15 12.0194
27.2 12.0226
27.25 12.0257
27.3 12.0289
27.35 12.0319
27.4 12.035
27.45 12.0381
27.5 12.0411
27.55 12.0441
27.6 12.0471
27.65 12.0501
27.7 12.053
27.75 12.0559
27.8 12.0589
27.85 12.0617
27.9 12.0646
27.95 12.0675
28 12.0703
28.05 12.0731
28.1 12.0759
28.15 12.0787
28.2 12.0814
28.25 12.0842
28.3 12.0869
28.35 12.0896
28.4 12.0923
28.45 12.0949
28.5 12.0976
28.55 12.1002
28.6 12.1028
28.65 12.1054
28.7 12.108
28.75 12.1106
28.8 12.1131
28.85 12.1156
28.9 12.1182
28.95 12.1207
29 12.1231
29.05 12.1256
29.1 12.1281
29.15 12.1305
29.2 12.1329
29.25 12.1354
29.3 12.1378
29.35 12.1401
29.4 12.1425
29.45 12.1449
29.5 12.1472
29.55 12.1495
29.6 12.1518
29.65 12.1541
29.7 12.1564
29.75 12.1587
29.8 12.161
29.85 12.1632
29.9 12.1654
29.95 12.1677
30 12.1699
30.05 12.1721
30.1 12.1743
30.15 12.1764
30.2 12.1786
30.25 12.1807
30.3 12.1829
30.35 12.185
30.4 12.1871
30.45 12.1892
30.5 12.1913
30.55 12.1934
30.6 12.1954
30.65 12.1975
30.7 12.1995
30.75 12.2016
30.8 12.2036
30.85 12.2056
30.9 12.2076
30.95 12.2096
31 12.2116
31.05 12.2135
31.1 12.2155
31.15 12.2174
31.2 12.2194
31.25 12.2213
31.3 12.2232
31.35 12.2251
31.4 12.227
31.45 12.2289
31.5 12.2308
31.55 12.2327
31.6 12.2345
31.65 12.2364
31.7 12.2382
31.75 12.24
31.8 12.2419
31.85 12.2437
31.9 12.2455
31.95 12.2473
32 12.2491
32.05 12.2508
32.1 12.2526
32.15 12.2544
32.2 12.2561
32.25 12.2579
32.3 12.2596
32.35 12.2613
32.4 12.263
32.45 12.2647
32.5 12.2664
32.55 12.2681
32.6 12.2698
32.65 12.2715
32.7 12.2732
32.75 12.2748
32.8 12.2765
32.85 12.2781
32.9 12.2797
32.95 12.2814
33 12.283
33.05 12.2846
33.1 12.2862
33.15 12.2878
33.2 12.2894
33.25 12.291
33.3 12.2926
33.35 12.2941
33.4 12.2957
33.45 12.2972
33.5 12.2988
33.55 12.3003
33.6 12.3019
33.65 12.3034
33.7 12.3049
33.75 12.3064
33.8 12.3079
33.85 12.3094
33.9 12.3109
33.95 12.3124
34 12.3139
34.05 12.3153
34.1 12.3168
34.15 12.3183
34.2 12.3197
34.25 12.3212
34.3 12.3226
34.35 12.324
34.4 12.3255
34.45 12.3269
34.5 12.3283
34.55 12.3297
34.6 12.3311
34.65 12.3325
34.7 12.3339
34.75 12.3353
34.8 12.3366
34.85 12.338
34.9 12.3394
34.95 12.3407
35 12.3421
