V E
0.05 0.63303
0.1 0.650968
0.15 0.661516
0.2 0.669038
0.25 0.674902
0.3 0.679719
0.35 0.683812
0.4 0.687376
0.45 0.690537
0.5 0.693379
0.55 0.695963
0.6 0.698335
0.65 0.700528
0.7 0.70257
0.75 0.704481
0.8 0.706279
0.85 0.707976
0.9 0.709586
0.95 0.711116
1 0.712576
1.05 0.713973
1.1 0.715312
1.15 0.716599
1.2 0.717838
1.25 0.719033
1.3 0.720188
1.35 0.721306
1.4 0.722389
1.45 0.723441
1.5 0.724462
1.55 0.725456
1.6 0.726425
1.65 0.727369
1.7 0.72829
1.75 0.72919
1.8 0.73007
1.85 0.730931
1.9 0.731774
1.95 0.732601
2 0.733411
2.05 0.734207
2.1 0.734988
2.15 0.735756
2.2 0.736511
2.25 0.737253
2.3 0.737984
2.35 0.738704
2.4 0.739413
2.45 0.740113
2.5 0.740803
2.55 0.741483
2.6 0.742155
2.65 0.742819
2.7 0.743474
2.75 0.744122
2.8 0.744763
2.85 0.745397
2.9 0.746024
2.95 0.746645
3 0.74726
3.05 0.747868
3.1 0.748472
3.15 0.74907
3.2 0.749662
3.25 0.75025
3.3 0.750834
3.35 0.751413
3.4 0.751987
3.45 0.752558
3.5 0.753124
3.55 0.753687
3.6 0.754246
3.65 0.754802
3.7 0.755355
3.75 0.755904
3.8 0.756451
3.85 0.756995
3.9 0.757536
3.95 0.758075
4 0.758611
4.05 0.759146
4.1 0.759678
4.15 0.760208
4.2 0.760736
4.25 0.761262
4.3 0.761787
4.35 0.762311
4.4 0.762833
4.45 0.763353
4.5 0.763873
4.55 0.764392
4.6 0.764909
4.65 0.765426
4.7 0.765942
4.75 0.766457
4.8 0.766972
4.85 0.767487
4.9 0.768001
4.95 0.768515
5 0.769029
5.05 0.769543
5.1 0.770057
5.15 0.770571
5.2 0.771085
5.25 0.7716
5.3 0.772116
5.35 0.772632
5.4 0.773148
5.45 0.773666
5.5 0.774185
5.55 0.774704
5.6 0.775225
5.65 0.775747
5.7 0.77627
5.75 0.776795
5.8 0.777322
5.85 0.77785
5.9 0.77838
5.95 0.778912
6 0.779446
6.05 0.779983
6.1 0.780521
6.15 0.781063
6.2 0.781607
6.25 0.782153
6.3 0.782703
6.35 0.783255
6.4 0.783811
6.45 0.784371
6.5 0.784934
6.55 0.7855
6.6 0.786071
6.65 0.786645
6.7 0.787224
6.75 0.787807
6.8 0.788395
6.85 0.788988
6.9 0.789586
6.95 0.790189
7 0.790798
7.05 0.791413
7.1 0.792034
7.15 0.792661
7.2 0.793294
7.25 0.793935
7.3 0.794583
7.35 0.795239
7.4 0.795902
7.45 0.796574
7.5 0.797255
7.55 0.797945
7.6 0.798644
7.65 0.799354
7.7 0.800073
7.75 0.800804
7.8 0.801547
7.85 0.802302
7.9 0.80307
7.95 0.803851
8 0.804646
8.05 0.805457
8.1 0.806283
8.15 0.807127
8.2 0.807988
8.25 0.808868
8.3 0.809768
8.35 0.810689
8.4 0.811633
8.45 0.812601
8.5 0.813595
8.55 0.814617
8.6 0.815668
8.65 0.816752
8.7 0.817869
8.75 0.819024
8.8 0.820219
8.85 0.821459
8.9 0.822745
8.95 0.824084
9 0.825481
9.05 0.826941
9.1 0.828472
9.15 0.830081
9.2 0.831779
9.25 0.833576
9.3 0.835488
9.35 0.837529
9.4 0.839723
9.45 0.842095
9.5 0.844679
9.55 0.847521
9.6 0.850681
9.65 0.854245
9.7 0.858339
9.75 0.863155
9.8 0.86902
9.85 0.876542
9.9 0.887089
9.95 0.905027
10 1.38815
10.05 1.48475
10.1 1.48831
10.15 1.49039
10.2 1.49187
10.25 1.49302
10.3 1.49395
10.35 1.49475
10.4 1.49543
10.45 1.49604
10.5 1.49658
10.55 1.49707
10.6 1.49752
10.65 1.49793
10.7 1.49831
10.75 1.49866
10.8 1.49899
10.85 1.49931
10.9 1.4996
10.95 1.49988
11 1.50014
11.05 1.50039
11.1 1.50063
11.15 1.50086
11.2 1.50108
11.25 1.50129
11.3 1.50149
11.35 1.50168
11.4 1.50187
11.45 1.50205
11.5 1.50222
11.55 1.50239
11.6 1.50256
11.65 1.50271
11.7 1.50287
11.75 1.50302
11.8 1.50316
11.85 1.5033
11.9 1.50344
11.95 1.50357
12 1.5037
12.05 1.50383
12.1 1.50395
12.15 1.50407
12.2 1.50419
12.25 1.50431
12.3 1.50442
12.35 1.50453
12.4 1.50464
12.45 1.50475
12.5 1.50485
12.55 1.50495
12.6 1.50505
12.65 1.50515
12.7 1.50524
12.75 1.50534
12.8 1.50543
12.85 1.50552
12.9 1.50561
12.95 1.5057
13 1.50579
13.05 1.50587
13.1 1.50595
13.15 1.50604
13.2 1.50612
13.25 1.5062
13.3 1.50628
13.35 1.50635
13.4 1.50643
13.45 1.5065
13.5 1.50658
13.55 1.50665
13.6 1.50672
13.65 1.50679
13.7 1.50686
13.75 1.50693
13.8 1.507
13.85 1.50707
13.9 1.50713
13.95 1.5072
14 1.50726
14.05 1.50733
14.1 1.50739
14.15 1.50745
14.2 1.50752
14.25 1.50758
14.3 1.50764
14.35 1.5077
14.4 1.50775
14.45 1.50781
14.5 1.50787
14.55 1.50793
14.6 1.50798
14.65 1.50804
14.7 1.50809
14.75 1.50815
14.8 1.5082
14.85 1.50825
14.9 1.50831
14.95 1.50836
15 1.50841
15.05 1.50846
15.1 1.50851
15.15 1.50856
15.2 1.50861
15.25 1.50866
15.3 1.50871
15.35 1.50876
15.4 1.50881
15.45 1.50885
15.5 1.5089
15.55 1.50895
15.6 1.50899
15.65 1.50904
15.7 1.50908
15.75 1.50913
15.8 1.50917
15.85 1.50922
15.9 1.50926
15.95 1.5093
16 1.50935
16.05 1.50939
16.1 1.50943
16.15 1.50947
16.2 1.50952
16.25 1.50956
16.3 1.5096
16.35 1.50964
16.4 1.50968
16.45 1.50972
16.5 1.50976
16.55 1.5098
16.6 1.50984
16.65 1.50988
16.7 1.50991
16.75 1.50995
16.8 1.50999
16.85 1.51003
16.9 1.51007
16.95 1.5101
17 1.51014
17.05 1.51018
17.1 1.51021
17.15 1.51025
17.2 1.51028
17.25 1.51032
17.3 1.51036
17.35 1.51039
17.4 1.51043
17.45 1.51046
17.5 1.51049
17.55 1.51053
17.6 1.51056
17.65 1.5106
17.7 1.51063
17.75 1.51066
17.8 1.5107
17.85 1.51073
17.9 1.51076
17.95 1.51079
18 1.51083
18.05 1.51086
18.1 1.51089
18.15 1.51092
18.2 1.51095
18.25 1.51098
18.3 1.51102
18.35 1.51105
18.4 1.51108
18.45 1.51111
18.5 1.51114
18.55 1.51117
18.6 1.5112
18.65 1.51123
18.7 1.51126
18.75 1.51129
18.8 1.51132
18.85 1.51135
18.9 1.51137
18.95 1.5114
19 1.51143
19.05 1.51146
19.1 1.51149
19.15 1.51152
19.2 1.51154
19.25 1.51157
19.3 1.5116
19.35 1.51163
19.4 1.51165
19.45 1.51168
19.5 1.51171
19.55 1.51174
19.6 1.51176
19.65 1.51179
19.7 1.51182
19.75 1.51184
19.8 1.51187
19.85 1.5119
19.9 1.51192
19.95 1.51195
20 1.51197
