t s
0 1.85933e-242
0.005 4.7432e-240
0.01 1.17685e-237
0.015 2.83995e-235
0.02 6.66553e-233
0.025 1.52158e-230
0.03 3.37825e-228
0.035 7.29498e-226
0.04 1.53212e-223
0.045 3.12967e-221
0.05 6.21785e-219
0.055 1.20148e-216
0.06 2.25804e-214
0.065 4.12746e-212
0.07 7.33786e-210
0.075 1.2688e-207
0.08 2.13379e-205
0.085 3.49017e-203
0.09 5.55238e-201
0.095 8.59106e-199
0.1 1.29286e-196
0.105 1.89231e-194
0.11 2.69382e-192
0.115 3.72977e-190
0.12 5.02263e-188
0.125 6.57834e-186
0.13 8.37989e-184
0.135 1.03824e-181
0.14 1.2511e-179
0.145 1.4663e-177
0.15 1.67143e-175
0.155 1.85307e-173
0.16 1.99816e-171
0.165 2.09559e-169
0.17 2.13756e-167
0.175 2.12064e-165
0.18 2.04622e-163
0.185 1.92031e-161
0.19 1.75279e-159
0.195 1.55605e-157
0.2 1.34355e-155
0.205 1.12828e-153
0.21 9.21553e-152
0.215 7.3208e-150
0.22 5.65631e-148
0.225 4.25054e-146
0.23 3.10664e-144
0.235 2.20838e-142
0.24 1.52684e-140
0.245 1.02672e-138
0.25 6.71494e-137
0.255 4.27141e-135
0.26 2.64263e-133
0.265 1.59014e-131
0.27 9.30623e-130
0.275 5.29721e-128
0.28 2.93263e-126
0.285 1.57908e-124
0.29 8.26962e-123
0.295 4.21215e-121
0.3 2.0867e-119
0.305 1.00543e-117
0.31 4.7117e-116
0.315 2.14754e-114
0.32 9.52009e-113
0.325 4.10466e-111
0.33 1.72127e-109
0.335 7.02035e-108
0.34 2.78486e-106
0.345 1.07445e-104
0.35 4.03183e-103
0.355 1.47149e-101
0.36 5.22331e-100
0.365 1.80332e-98
0.37 6.05529e-97
0.375 1.97758e-95
0.38 6.28158e-94
0.385 1.94062e-92
0.39 5.83106e-91
0.395 1.70409e-89
0.4 4.84364e-88
0.405 1.33902e-86
0.41 3.60032e-85
0.415 9.4152e-84
0.42 2.39472e-82
0.425 5.92402e-81
0.43 1.42533e-79
0.435 3.3354e-78
0.44 7.59134e-77
0.445 1.68045e-75
0.45 3.61799e-74
0.455 7.57612e-73
0.46 1.54299e-71
0.465 3.05642e-70
0.47 5.88846e-69
0.475 1.10338e-67
0.48 2.01088e-66
0.485 3.56437e-65
0.49 6.14491e-64
0.495 1.03035e-62
0.5 1.68031e-61
0.505 2.66521e-60
0.51 4.11159e-59
0.515 6.16913e-58
0.52 9.00273e-57
0.525 1.27779e-55
0.53 1.76394e-54
0.535 2.36834e-53
0.54 3.09271e-52
0.545 3.92799e-51
0.55 4.8522e-50
0.555 5.82966e-49
0.56 6.81214e-48
0.565 7.74213e-47
0.57 8.55803e-46
0.575 9.20075e-45
0.58 9.62075e-44
0.585 9.78432e-43
0.59 9.67807e-42
0.595 9.31072e-41
0.6 8.71192e-40
0.605 7.92832e-39
0.61 7.01753e-38
0.615 6.04121e-37
0.62 5.05824e-36
0.625 4.11919e-35
0.63 3.26257e-34
0.635 2.5133e-33
0.64 1.88307e-32
0.645 1.37222e-31
0.65 9.72559e-31
0.655 6.70418e-30
0.66 4.49481e-29
0.665 2.93098e-28
0.67 1.85888e-27
0.675 1.14664e-26
0.68 6.87919e-26
0.685 4.01407e-25
0.69 2.27808e-24
0.695 1.25744e-23
0.7 6.75062e-23
0.705 3.52481e-22
0.71 1.79005e-21
0.715 8.84157e-21
0.72 4.24747e-20
0.725 1.98458e-19
0.73 9.01865e-19
0.735 3.98613e-18
0.74 1.71355e-17
0.745 7.1644e-17
0.75 2.91339e-16
0.755 1.15227e-15
0.76 4.43246e-15
0.765 1.65833e-14
0.77 6.03442e-14
0.775 2.13568e-13
0.78 7.35143e-13
0.785 2.46119e-12
0.79 8.01407e-12
0.795 2.53804e-11
0.8 7.81771e-11
0.805 2.34206e-10
0.81 6.82419e-10
0.815 1.93393e-09
0.82 5.33049e-09
0.825 1.42899e-08
0.83 3.72588e-08
0.835 9.44852e-08
0.84 2.33043e-07
0.845 5.5904e-07
0.85 1.30433e-06
0.855 2.95983e-06
0.86 6.53256e-06
0.865 1.40229e-05
0.87 2.92769e-05
0.875 5.94498e-05
0.88 0.000117412
0.885 0.000225533
0.89 0.000421351
0.895 0.000765622
0.9 0.00135307
0.905 0.00232575
0.91 0.00388815
0.915 0.00632205
0.92 0.00999793
0.925 0.0153779
0.93 0.023005
0.935 0.0334721
0.94 0.0473673
0.945 0.0651947
0.95 0.0872733
0.955 0.113628
0.96 0.143889
0.965 0.177217
0.97 0.212286
0.975 0.247327
0.98 0.280258
0.985 0.308874
0.99 0.331086
0.995 0.345172
1 0.35
1.005 0.345172
1.01 0.331086
1.015 0.308874
1.02 0.280258
1.025 0.247327
1.03 0.212286
1.035 0.177217
1.04 0.143889
1.045 0.113628
1.05 0.0872733
1.055 0.0651947
1.06 0.0473673
1.065 0.0334721
1.07 0.023005
1.075 0.0153779
1.08 0.00999793
1.085 0.00632205
1.09 0.00388815
1.095 0.00232575
1.1 0.00135307
1.105 0.000765622
1.11 0.000421351
1.115 0.000225533
1.12 0.000117412
1.125 5.94498e-05
1.13 2.92769e-05
1.135 1.40229e-05
1.14 6.53256e-06
1.145 2.95983e-06
1.15 1.30433e-06
1.155 5.5904e-07
1.16 2.33043e-07
1.165 9.44852e-08
1.17 3.72588e-08
1.175 1.42899e-08
1.18 5.33049e-09
1.185 1.93393e-09
1.19 6.82419e-10
1.195 2.34206e-10
1.2 7.81771e-11
1.205 2.53804e-11
1.21 8.01407e-12
1.215 2.46119e-12
1.22 7.35143e-13
1.225 2.13568e-13
1.23 6.03442e-14
1.235 1.65833e-14
1.24 4.43246e-15
1.245 1.15227e-15
1.25 2.91339e-16
1.255 7.1644e-17
1.26 1.71355e-17
1.265 3.98613e-18
1.27 9.01865e-19
1.275 1.98458e-19
1.28 4.24747e-20
1.285 8.84157e-21
1.29 1.79005e-21
1.295 3.52481e-22
1.3 6.75062e-23
1.305 1.25744e-23
1.31 2.27808e-24
1.315 4.01407e-25
1.32 6.87919e-26
1.325 1.14664e-26
1.33 1.85888e-27
1.335 2.93098e-28
1.34 4.49481e-29
1.345 6.70418e-30
1.35 9.72559e-31
1.355 1.37222e-31
1.36 1.88307e-32
1.365 2.5133e-33
1.37 3.26257e-34
1.375 4.11919e-35
1.38 5.05824e-36
1.385 6.04121e-37
1.39 7.01753e-38
1.395 7.92832e-39
1.4 8.71192e-40
1.405 9.31072e-41
1.41 9.67807e-42
1.415 9.78432e-43
1.42 9.62075e-44
1.425 9.20075e-45
1.43 8.55803e-46
1.435 7.74213e-47
1.44 6.81214e-48
1.445 5.82966e-49
1.45 4.8522e-50
1.455 3.92799e-51
1.46 3.09271e-52
1.465 2.36834e-53
1.47 1.76394e-54
1.475 1.27779e-55
1.48 9.00273e-57
1.485 6.16913e-58
1.49 4.11159e-59
1.495 2.66521e-60
1.5 1.68031e-61
1.505 1.03035e-62
1.51 6.14491e-64
1.515 3.56437e-65
1.52 2.01088e-66
1.525 1.10338e-67
1.53 5.88846e-69
1.535 3.05642e-70
1.54 1.54299e-71
1.545 7.57612e-73
1.55 3.61799e-74
1.555 1.68045e-75
1.56 7.59134e-77
1.565 3.3354e-78
1.57 1.42533e-79
1.575 5.92402e-81
1.58 2.39472e-82
1.585 9.4152e-84
1.59 3.60032e-85
1.595 1.33902e-86
1.6 4.84364e-88
1.605 1.70409e-89
1.61 5.83106e-91
1.615 1.94062e-92
1.62 6.28158e-94
1.625 1.97758e-95
1.63 6.05529e-97
1.635 1.80332e-98
1.64 5.22331e-100
1.645 1.47149e-101
1.65 4.03183e-103
1.655 1.07445e-104
1.66 2.78486e-106
1.665 7.02035e-108
1.67 1.72127e-109
1.675 4.10466e-111
1.68 9.52009e-113
1.685 2.14754e-114
1.69 4.7117e-116
1.695 1.00543e-117
1.7 2.0867e-119
1.705 4.21215e-121
1.71 8.26962e-123
1.715 1.57908e-124
1.72 2.93263e-126
1.725 5.29721e-128
1.73 9.30623e-130
1.735 1.59014e-131
1.74 2.64263e-133
1.745 4.27141e-135
1.75 6.71494e-137
1.755 1.02672e-138
1.76 1.52684e-140
1.765 2.20838e-142
1.77 3.10664e-144
1.775 4.25054e-146
1.78 5.65631e-148
1.785 7.3208e-150
1.79 9.21554e-152
1.795 1.12986e-153
1.8 4.41451e-155
1.805 5.90889e-154
1.81 1.1224e-152
1.815 2.10641e-151
1.82 3.90458e-150
1.825 7.14901e-149
1.83 1.29287e-147
1.835 2.30942e-146
1.84 4.07464e-145
1.845 7.1009e-144
1.85 1.22229e-142
1.855 2.07815e-141
1.86 3.48993e-140
1.865 5.78887e-139
1.87 9.4844e-138
1.875 1.53484e-136
1.88 2.45334e-135
1.885 3.87336e-134
1.89 6.04029e-133
1.895 9.30391e-132
1.9 1.41551e-130
1.905 2.12714e-129
1.91 3.15732e-128
1.915 4.62892e-127
1.92 6.70315e-126
1.925 9.58776e-125
1.93 1.35454e-123
1.935 1.8902e-122
1.94 2.60532e-121
1.945 3.54692e-120
1.95 4.76959e-119
1.955 6.33503e-118
1.96 8.31103e-117
1.965 1.07696e-115
1.97 1.37842e-114
1.975 1.74262e-113
1.98 2.17602e-112
1.985 2.68387e-111
1.99 3.26962e-110
1.995 3.93434e-109
2 4.67611e-108
2.005 5.48954e-107
2.01 6.3654e-106
2.015 7.29043e-105
2.02 8.24745e-104
2.025 9.21561e-103
2.03 1.01711e-101
2.035 1.10879e-100
2.04 1.1939e-99
2.045 1.26977e-98
2.05 1.3339e-97
2.055 1.38407e-96
2.06 1.4185e-95
2.065 1.43596e-94
2.07 1.43579e-93
2.075 1.41801e-92
2.08 1.38326e-91
2.085 1.33281e-90
2.09 1.26845e-89
2.095 1.19238e-88
2.1 1.10712e-87
2.105 1.01534e-86
2.11 9.19746e-86
2.115 8.2293e-85
2.12 7.2727e-84
2.125 6.34844e-83
2.13 5.47365e-82
2.135 4.66149e-81
2.14 3.92113e-80
2.145 3.25789e-79
2.15 2.67362e-78
2.155 2.16721e-77
2.16 1.73516e-76
2.165 1.3722e-75
2.17 1.07185e-74
2.175 8.2697e-74
2.18 6.30206e-73
2.185 4.74367e-72
2.19 3.52683e-71
2.195 2.58995e-70
2.2 1.87862e-69
2.205 1.34593e-68
2.21 9.52459e-68
2.215 6.65745e-67
2.22 4.59629e-66
2.225 3.13434e-65
2.23 2.11117e-64
2.235 1.40455e-63
2.24 9.22976e-63
2.245 5.99076e-62
2.25 3.84071e-61
2.255 2.43209e-60
2.26 1.5212e-59
2.265 9.39792e-59
2.27 5.73475e-58
2.275 3.4565e-57
2.28 2.05777e-56
2.285 1.21003e-55
2.29 7.02799e-55
2.295 4.03187e-54
2.3 2.28465e-53
2.305 1.27871e-52
2.31 7.06905e-52
2.315 3.86002e-51
2.32 2.08188e-50
2.325 1.10907e-49
2.33 5.83585e-49
2.335 3.03309e-48
2.34 1.55706e-47
2.345 7.89522e-47
2.35 3.95422e-46
2.355 1.95612e-45
2.36 9.55804e-45
2.365 4.61297e-44
2.37 2.19903e-43
2.375 1.03543e-42
2.38 4.81555e-42
2.385 2.21213e-41
2.39 1.00372e-40
2.395 4.49838e-40
2.4 1.9913e-39
2.405 8.70672e-39
2.41 3.7602e-38
2.415 1.60401e-37
2.42 6.75833e-37
2.425 2.81262e-36
2.43 1.15617e-35
2.435 4.69429e-35
2.44 1.88259e-34
2.445 7.4573e-34
2.45 2.91773e-33
2.455 1.12758e-32
2.46 4.30415e-32
2.465 1.6228e-31
2.47 6.04342e-31
2.475 2.22299e-30
2.48 8.07665e-30
2.485 2.89843e-29
2.49 1.02739e-28
2.495 3.59701e-28
2.5 1.24391e-27
2.505 4.24887e-27
2.51 1.4335e-26
2.515 4.77704e-26
2.52 1.57239e-25
2.525 5.11208e-25
2.53 1.64163e-24
2.535 5.20703e-24
2.54 1.63134e-23
2.545 5.04819e-23
2.55 1.543e-22
2.555 4.65838e-22
2.56 1.38913e-21
2.565 4.09154e-21
2.57 1.19034e-20
2.575 3.42052e-20
2.58 9.70851e-20
2.585 2.72177e-19
2.59 7.53682e-19
2.595 2.06141e-18
2.6 5.569e-18
2.605 1.48604e-17
2.61 3.91669e-17
2.615 1.01964e-16
2.62 2.62189e-16
2.625 6.65918e-16
2.63 1.67057e-15
2.635 4.13948e-15
2.64 1.01313e-14
2.645 2.44921e-14
2.65 5.8482e-14
2.655 1.3793e-13
2.66 3.21315e-13
2.665 7.39339e-13
2.67 1.68033e-12
2.675 3.7721e-12
2.68 8.36392e-12
2.685 1.83179e-11
2.69 3.96259e-11
2.695 8.46683e-11
2.7 1.78691e-10
2.705 3.72495e-10
2.71 7.66968e-10
2.715 1.55981e-09
2.72 3.13333e-09
2.725 6.21697e-09
2.73 1.2184e-08
2.735 2.35851e-08
2.74 4.50947e-08
2.745 8.5163e-08
2.75 1.5886e-07
2.755 2.92696e-07
2.76 5.32669e-07
2.765 9.57494e-07
2.77 1.70002e-06
2.775 2.98132e-06
2.78 5.1642e-06
2.785 8.83558e-06
2.79 1.49316e-05
2.795 2.49238e-05
2.8 4.10924e-05
2.805 6.69187e-05
2.81 0.000107639
2.815 0.000171015
2.82 0.00026837
2.825 0.000415981
2.83 0.000636869
2.835 0.000963088
2.84 0.00143853
2.845 0.00212233
2.85 0.00309274
2.855 0.00445156
2.86 0.00632877
2.865 0.0088872
2.87 0.0123268
2.875 0.0168877
2.88 0.0228524
2.885 0.0305443
2.89 0.0403244
2.895 0.0525828
2.9 0.0677264
2.905 0.0861609
2.91 0.108268
2.915 0.134379
2.92 0.164739
2.925 0.199482
2.93 0.238587
2.935 0.281858
2.94 0.32889
2.945 0.379061
2.95 0.431526
2.955 0.485225
2.96 0.538911
2.965 0.591193
2.97 0.64059
2.975 0.685598
2.98 0.724764
2.985 0.756768
2.99 0.780489
2.995 0.795077
3 0.8
3.005 0.795077
3.01 0.780489
3.015 0.756768
3.02 0.724764
3.025 0.685598
3.03 0.64059
3.035 0.591193
3.04 0.538911
3.045 0.485225
3.05 0.431526
3.055 0.379061
3.06 0.32889
3.065 0.281858
3.07 0.238587
3.075 0.199482
3.08 0.164739
3.085 0.134379
3.09 0.108268
3.095 0.0861609
3.1 0.0677264
3.105 0.0525828
3.11 0.0403245
3.115 0.0305444
3.12 0.0228525
3.125 0.0168879
3.13 0.0123271
3.135 0.00888782
3.14 0.00632982
3.145 0.00445331
3.15 0.00309564
3.155 0.0021271
3.16 0.00144628
3.165 0.000975542
3.17 0.000656696
3.175 0.000447232
3.18 0.000317137
3.185 0.000246358
3.19 0.000222883
3.195 0.00024144
3.2 0.000302753
3.205 0.000413329
3.21 0.000585737
3.215 0.000839353
3.22 0.00120154
3.225 0.00170922
3.23 0.0024109
3.235 0.00336887
3.24 0.00466183
3.245 0.00638748
3.25 0.00866518
3.255 0.0116383
3.26 0.0154761
3.265 0.0203747
3.27 0.026557
3.275 0.0342708
3.28 0.0437851
3.285 0.0553842
3.29 0.0693589
3.295 0.0859954
3.3 0.105562
3.305 0.12829
3.31 0.154361
3.315 0.183882
3.32 0.216869
3.325 0.253229
3.33 0.292743
3.335 0.335055
3.34 0.379667
3.345 0.425938
3.35 0.473094
3.355 0.520242
3.36 0.566396
3.365 0.61051
3.37 0.651511
3.375 0.688348
3.38 0.720031
3.385 0.745678
3.39 0.764555
3.395 0.77611
3.4 0.78
3.405 0.77611
3.41 0.764555
3.415 0.745678
3.42 0.720031
3.425 0.688348
3.43 0.651511
3.435 0.61051
3.44 0.566396
3.445 0.520242
3.45 0.473094
3.455 0.425938
3.46 0.379667
3.465 0.335055
3.47 0.292743
3.475 0.253229
3.48 0.216869
3.485 0.183882
3.49 0.154361
3.495 0.12829
3.5 0.105562
3.505 0.0859954
3.51 0.0693589
3.515 0.0553842
3.52 0.0437851
3.525 0.0342708
3.53 0.026557
3.535 0.0203747
3.54 0.0154761
3.545 0.0116382
3.55 0.00866502
3.555 0.00638719
3.56 0.0046613
3.565 0.00336792
3.57 0.0024092
3.575 0.00170624
3.58 0.00119637
3.585 0.000830518
3.59 0.000570806
3.595 0.000388405
3.6 0.000261661
3.605 0.000174522
3.61 0.000115244
3.615 7.53429e-05
3.62 4.87668e-05
3.625 3.12509e-05
3.63 1.98271e-05
3.635 1.24541e-05
3.64 7.74501e-06
3.645 4.76858e-06
3.65 2.90679e-06
3.655 1.75426e-06
3.66 1.04817e-06
3.665 6.20053e-07
3.67 3.63146e-07
3.675 2.10567e-07
3.68 1.20881e-07
3.685 6.87038e-08
3.69 3.866e-08
3.695 2.15377e-08
3.7 1.18794e-08
3.705 6.48703e-09
3.71 3.50715e-09
3.715 1.87724e-09
3.72 9.94818e-10
3.725 5.21944e-10
3.73 2.7112e-10
3.735 1.3943e-10
3.74 7.09915e-11
3.745 3.57861e-11
3.75 1.78599e-11
3.755 8.82475e-12
3.76 4.317e-12
3.765 2.09083e-12
3.77 1.00256e-12
3.775 4.75951e-13
3.78 2.23702e-13
3.785 1.04096e-13
3.79 4.79575e-14
3.795 2.18744e-14
3.8 9.87805e-15
3.805 4.41636e-15
3.81 1.95485e-15
3.815 8.56685e-16
3.82 3.71694e-16
3.825 1.59664e-16
3.83 6.79023e-17
3.835 2.85904e-17
3.84 1.19182e-17
3.845 4.91883e-18
3.85 2.00987e-18
3.855 8.13077e-19
3.86 3.25651e-19
3.865 1.29131e-19
3.87 5.06949e-20
3.875 1.97041e-20
3.88 7.58237e-21
3.885 2.88875e-21
3.89 1.08962e-21
3.895 4.06905e-22
3.9 1.50442e-22
3.905 5.50687e-23
3.91 1.9957e-23
3.915 7.16051e-24
3.92 2.5436e-24
3.925 8.94564e-25
3.93 3.1148e-25
3.935 1.07376e-25
3.94 3.66472e-26
3.945 1.23831e-26
3.95 4.14265e-27
3.955 1.37209e-27
3.96 4.4993e-28
3.965 1.46071e-28
3.97 4.69504e-29
3.975 1.49407e-29
3.98 4.70719e-30
3.985 1.46828e-30
3.99 4.53433e-31
3.995 1.38635e-31
4 4.19655e-32
4.005 1.25767e-32
4.01 3.73164e-33
4.015 1.0962e-33
4.02 3.18812e-34
4.025 9.17991e-35
4.03 2.61697e-35
4.035 7.38612e-36
4.04 2.06391e-36
4.045 5.70982e-37
4.05 1.56391e-37
4.055 4.24089e-38
4.06 1.13857e-38
4.065 3.02635e-39
4.07 7.96409e-40
4.075 2.07496e-40
4.08 5.35231e-41
4.085 1.36688e-41
4.09 3.456e-42
4.095 8.6512e-43
4.1 2.14405e-43
4.105 5.2608e-44
4.11 1.27798e-44
4.115 3.07366e-45
4.12 7.31885e-46
4.125 1.72539e-46
4.13 4.02707e-47
4.135 9.30566e-48
4.14 2.12894e-48
4.145 4.82209e-49
4.15 1.08135e-49
4.155 2.40078e-50
4.16 5.27711e-51
4.165 1.14841e-51
4.17 2.47431e-52
4.175 5.27801e-53
4.18 1.11466e-53
4.185 2.33062e-54
4.19 4.82456e-55
4.195 9.88782e-56
4.2 2.00632e-56
4.205 4.03049e-57
4.21 8.01628e-58
4.215 1.5785e-58
4.22 3.07732e-59
4.225 5.93961e-60
4.23 1.13501e-60
4.235 2.14734e-61
4.24 4.02214e-62
4.245 7.45884e-63
4.25 1.36944e-63
4.255 2.48926e-64
4.26 4.47976e-65
4.265 7.98173e-66
4.27 1.40798e-66
4.275 2.45896e-67
4.28 4.25173e-68
4.285 7.27839e-69
4.29 1.23357e-69
4.295 2.06989e-70
4.3 3.43865e-71
4.305 5.65571e-72
4.31 9.20964e-73
4.315 1.48476e-73
4.32 2.36987e-74
4.325 3.745e-75
4.33 5.85916e-76
4.335 9.07561e-77
4.34 1.39179e-77
4.345 2.11314e-78
4.35 3.17644e-79
4.355 4.72726e-80
4.36 6.96523e-81
4.365 1.01606e-81
4.37 1.46744e-82
4.375 2.09825e-83
4.38 2.97037e-84
4.385 4.16315e-85
4.39 5.77684e-86
4.395 7.93626e-87
4.4 1.07944e-87
4.405 1.45358e-88
4.41 1.93791e-89
4.415 2.55793e-90
4.42 3.34271e-91
4.425 4.32481e-92
4.43 5.53977e-93
4.435 7.02544e-94
4.44 8.82089e-95
4.445 1.0965e-95
4.45 1.34946e-96
4.455 1.64426e-97
4.46 1.98353e-98
4.465 2.36899e-99
4.47 2.8012e-100
4.475 3.27931e-101
4.48 3.80082e-102
4.485 4.36144e-103
4.49 4.95496e-104
4.495 5.57322e-105
4.5 6.20626e-106
4.505 6.84243e-107
4.51 7.46876e-108
4.515 8.07129e-109
4.52 8.63565e-110
4.525 9.14753e-111
4.53 9.59334e-112
4.535 9.96077e-113
4.54 1.02394e-113
4.545 1.0421e-114
4.55 1.05004e-115
4.555 1.0475e-116
4.56 1.03458e-117
4.565 1.01165e-118
4.57 9.7938e-120
4.575 9.38709e-121
4.58 8.90773e-122
4.585 8.36875e-123
4.59 7.78415e-124
4.595 7.16835e-125
4.6 6.53558e-126
4.605 5.89937e-127
4.61 5.27211e-128
4.615 4.66466e-129
4.62 4.08614e-130
4.625 3.54375e-131
4.63 3.04278e-132
4.635 2.58663e-133
4.64 2.17699e-134
4.645 1.81399e-135
4.65 1.49647e-136
4.655 1.22225e-137
4.66 9.8835e-139
4.665 7.91256e-140
4.67 6.27163e-141
4.675 4.92154e-142
4.68 3.82366e-143
4.685 2.94112e-144
4.69 2.23978e-145
4.695 1.68871e-146
4.7 1.26055e-147
4.705 9.31585e-149
4.71 6.8162e-150
4.715 4.93764e-151
4.72 3.54123e-152
4.725 2.51446e-153
4.73 1.76764e-154
4.735 1.23026e-155
4.74 8.47735e-157
4.745 5.78335e-158
4.75 3.90621e-159
4.755 2.6121e-160
4.76 1.72934e-161
4.765 1.13352e-162
4.77 7.35584e-164
4.775 4.726e-165
4.78 3.00616e-166
4.785 1.89316e-167
4.79 1.18038e-168
4.795 7.28636e-170
4.8 4.45305e-171
4.805 2.6944e-172
4.81 1.61407e-173
4.815 9.57284e-175
4.82 5.62103e-176
4.825 3.26774e-177
4.83 1.88078e-178
4.835 1.07173e-179
4.84 6.04626e-181
4.845 3.37713e-182
4.85 1.86752e-183
4.855 1.02244e-184
4.86 5.54206e-186
4.865 2.97413e-187
4.87 1.58018e-188
4.875 8.31205e-190
4.88 4.3288e-191
4.885 2.23195e-192
4.89 1.13935e-193
4.895 5.75824e-195
4.9 2.88123e-196
4.905 1.42732e-197
4.91 7.00043e-199
4.915 3.39926e-200
4.92 1.63418e-201
4.925 7.7781e-203
4.93 3.66525e-204
4.935 1.70998e-205
4.94 7.89834e-207
4.945 3.61191e-208
4.95 1.63529e-209
4.955 7.33013e-211
4.96 3.253e-212
4.965 1.42927e-213
4.97 6.21729e-215
4.975 2.67759e-216
4.98 1.14168e-217
4.985 4.81952e-219
4.99 2.01427e-220
4.995 8.33471e-222
5 3.41444e-223
