x y
0.866025 0.5
6.12323e-17 1
-0.866025 0.5
-0.866025 -0.5
-1.83697e-16 -1
0.866025 -0.5
2.59808 0.5
1.73205 1
1.73205 -1
2.59808 -0.5
4.33013 0.5
3.4641 1
3.4641 -1
4.33013 -0.5
6.06218 0.5
5.19615 1
5.19615 -1
6.06218 -0.5
7.79423 0.5
6.9282 1
6.9282 -1
7.79423 -0.5
9.52628 0.5
8.66025 1
8.66025 -1
9.52628 -0.5
11.2583 0.5
10.3923 1
10.3923 -1
11.2583 -0.5
1.73205 2
0.866025 2.5
-1.11022e-16 2
3.4641 2
2.59808 2.5
5.19615 2
4.33013 2.5
6.9282 2
6.06218 2.5
8.66025 2
7.79423 2.5
10.3923 2
9.52628 2.5
12.1244 2
11.2583 2.5
12.1244 1
0.866025 3.5
6.12323e-17 4
-0.866025 3.5
-0.866025 2.5
2.59808 3.5
1.73205 4
4.33013 3.5
3.4641 4
6.06218 3.5
5.19615 4
7.79423 3.5
6.9282 4
9.52628 3.5
8.66025 4
11.2583 3.5
10.3923 4
1.73205 5
0.866025 5.5
-1.11022e-16 5
3.4641 5
2.59808 5.5
5.19615 5
4.33013 5.5
6.9282 5
6.06218 5.5
8.66025 5
7.79423 5.5
10.3923 5
9.52628 5.5
12.1244 5
11.2583 5.5
12.1244 4
0.866025 6.5
6.12323e-17 7
-0.866025 6.5
-0.866025 5.5
2.59808 6.5
1.73205 7
4.33013 6.5
3.4641 7
6.06218 6.5
5.19615 7
7.79423 6.5
6.9282 7
9.52628 6.5
8.66025 7
11.2583 6.5
10.3923 7
1.73205 8
0.866025 8.5
-1.11022e-16 8
3.4641 8
2.59808 8.5
5.19615 8
4.33013 8.5
6.9282 8
6.06218 8.5
8.66025 8
7.79423 8.5
10.3923 8
9.52628 8.5
12.1244 8
11.2583 8.5
12.1244 7
