M_kg x w
0.02805 1 0.001
1.15005 0.96077 0.0393916
2.27205 0.923079 0.0747694
3.39405 0.886867 0.107311
4.51605 0.852076 0.137184
5.63805 0.818649 0.164548
6.76005 0.786533 0.189555
7.88205 0.755678 0.212345
9.00405 0.726033 0.233057
10.1261 0.697551 0.251816
11.2481 0.670186 0.268745
12.3701 0.643895 0.283958
13.4921 0.618635 0.297563
14.6141 0.594366 0.309665
15.7361 0.571049 0.320359
16.858 0.548647 0.329737
17.98 0.527124 0.337886
19.102 0.506445 0.344889
20.224 0.486577 0.350822
21.346 0.467489 0.355759
22.468 0.449149 0.359768
23.59 0.431529 0.362916
24.712 0.4146 0.365263
25.834 0.398336 0.366867
26.956 0.382709 0.367783
28.078 0.367695 0.368063
29.2001 0.353271 0.367755
30.3221 0.339412 0.366904
31.4441 0.326097 0.365555
32.566 0.313304 0.363746
33.6881 0.301013 0.361517
34.8101 0.289205 0.358903
35.9321 0.277859 0.355938
37.0541 0.266959 0.352653
38.1761 0.256486 0.349078
39.2981 0.246424 0.34524
40.4201 0.236757 0.341167
41.5421 0.227469 0.336882
42.6641 0.218546 0.332408
43.7861 0.209972 0.327766
44.9081 0.201735 0.322978
46.0301 0.193821 0.31806
47.1521 0.186217 0.313031
48.2741 0.178912 0.307908
49.3961 0.171893 0.302704
50.5181 0.16515 0.297435
51.6401 0.158671 0.292114
52.7621 0.152447 0.286752
53.8841 0.146466 0.281362
55.0061 0.14072 0.275953
56.1281 0.1352 0.270535
57.2501 0.129896 0.265118
58.3721 0.1248 0.259709
59.4941 0.119904 0.254317
60.6161 0.115201 0.248948
61.7381 0.110681 0.243609
62.8601 0.106339 0.238306
63.9821 0.102168 0.233044
65.1041 0.0981596 0.227828
66.2261 0.0943088 0.222663
67.3481 0.0906091 0.217552
68.4701 0.0870545 0.2125
69.5921 0.0836394 0.207509
70.7141 0.0803582 0.202583
71.8361 0.0772058 0.197724
72.9581 0.074177 0.192934
74.08 0.0712671 0.188216
75.202 0.0684713 0.183572
76.324 0.0657852 0.179001
77.446 0.0632044 0.174507
78.568 0.0607249 0.170091
79.69 0.0583427 0.165752
80.812 0.0560539 0.161491
81.934 0.0538549 0.15731
83.056 0.0517422 0.153209
84.178 0.0497124 0.149187
85.3 0.0477622 0.145245
86.422 0.0458885 0.141382
87.544 0.0440883 0.1376
88.666 0.0423587 0.133896
89.788 0.040697 0.130271
90.91 0.0391005 0.126725
92.032 0.0375666 0.123256
93.154 0.0360928 0.119864
94.276 0.0346769 0.116549
95.398 0.0333165 0.11331
96.52 0.0320095 0.110145
97.642 0.0307538 0.107054
98.764 0.0295474 0.104036
99.886 0.0283882 0.10109
101.008 0.0272746 0.0982157
102.13 0.0262046 0.0954109
103.252 0.0251766 0.092675
104.374 0.0241889 0.0900069
105.496 0.02324 0.0874056
106.618 0.0223283 0.0848698
107.74 0.0214523 0.0823985
108.862 0.0206108 0.0799904
109.984 0.0198022 0.0776445
111.106 0.0190254 0.0753595
112.228 0.018279 0.0731344
113.35 0.0175619 0.0709678
114.472 0.016873 0.0688587
115.594 0.0162111 0.0668058
116.716 0.0155751 0.064808
117.838 0.0149641 0.0628642
118.96 0.0143771 0.0609731
120.082 0.0138131 0.0591337
121.204 0.0132712 0.0573447
122.326 0.0127505 0.0556051
123.448 0.0122503 0.0539138
124.57 0.0117698 0.0522695
125.692 0.011308 0.0506713
126.814 0.0108644 0.0491181
127.936 0.0104382 0.0476087
129.058 0.0100287 0.0461422
130.18 0.0096353 0.0447174
131.302 0.00925731 0.0433335
132.424 0.00889415 0.0419893
133.546 0.00854523 0.0406839
134.668 0.00821001 0.0394162
135.79 0.00788793 0.0381855
136.912 0.00757849 0.0369906
138.034 0.00728119 0.0358307
139.156 0.00699555 0.0347049
140.278 0.00672111 0.0336123
141.4 0.00645744 0.032552
142.522 0.00620412 0.0315231
143.644 0.00596073 0.0305249
144.766 0.0057269 0.0295565
145.888 0.00550223 0.0286171
147.01 0.00528638 0.0277059
148.132 0.005079 0.0268222
149.254 0.00487975 0.0259651
150.376 0.00468832 0.0251341
151.498 0.00450439 0.0243282
152.62 0.00432769 0.023547
153.742 0.00415791 0.0227895
154.864 0.0039948 0.0220553
155.986 0.00383808 0.0213436
157.108 0.00368752 0.0206538
158.23 0.00354286 0.0199853
159.352 0.00340387 0.0193374
160.474 0.00327034 0.0187096
161.596 0.00314204 0.0181013
162.718 0.00301878 0.017512
163.84 0.00290036 0.016941
164.962 0.00278658 0.0163878
166.084 0.00267726 0.015852
167.206 0.00257223 0.0153331
168.328 0.00247132 0.0148304
169.45 0.00237437 0.0143436
170.572 0.00228123 0.0138721
171.694 0.00219173 0.0134156
172.816 0.00210575 0.0129735
173.938 0.00202314 0.0125455
175.06 0.00194378 0.0121311
176.182 0.00186752 0.0117299
177.304 0.00179426 0.0113415
178.426 0.00172387 0.0109656
179.548 0.00165625 0.0106016
180.67 0.00159127 0.0102494
181.792 0.00152885 0.00990845
182.914 0.00146887 0.0095785
184.036 0.00141125 0.00925919
185.158 0.00135588 0.00895019
186.28 0.00130269 0.00865118
187.402 0.00125159 0.00836186
188.524 0.00120249 0.00808192
189.646 0.00115531 0.00781108
190.768 0.00110999 0.00754906
191.89 0.00106645 0.00729557
193.012 0.00102461 0.00705035
194.134 0.000984416 0.00681314
195.256 0.000945797 0.00658369
196.378 0.000908694 0.00636177
197.5 0.000873046 0.00614712
198.622 0.000838797 0.00593952
199.744 0.000805891 0.00573875
200.866 0.000774276 0.00554459
201.988 0.000743901 0.00535683
203.11 0.000714718 0.00517527
204.232 0.00068668 0.00499972
205.354 0.000659742 0.00482997
206.476 0.00063386 0.00466584
207.598 0.000608994 0.00450716
208.72 0.000585103 0.00435375
209.842 0.00056215 0.00420544
210.964 0.000540097 0.00406207
212.086 0.000518909 0.00392347
213.208 0.000498552 0.00378949
214.33 0.000478994 0.00365999
215.452 0.000460203 0.00353482
216.574 0.000442149 0.00341384
217.696 0.000424804 0.0032969
218.818 0.000408139 0.00318389
219.94 0.000392128 0.00307467
221.062 0.000376745 0.00296913
222.184 0.000361965 0.00286713
223.306 0.000347765 0.00276856
