h_nm I1 I10 I50 I200
0.1 -339.28 -340.341 -342.228 -345.541
0.2 -137.33 -139.428 -143.099 -149.343
0.3 -70.3387 -73.4515 -78.8041 -87.6014
0.4 -37.0853 -41.1893 -48.1219 -59.109
0.5 -17.3254 -22.3976 -30.8096 -43.6394
0.6 -4.31108 -10.3284 -20.1207 -34.4661
0.7 4.84982 -2.08964 -13.165 -28.7219
0.8 11.6033 3.76454 -8.49848 -24.9877
0.9 16.7526 8.03739 -5.32028 -22.4887
1 20.7798 11.2108 -3.15096 -20.7717
1.1 23.9917 13.5914 -1.68661 -19.5592
1.2 26.5927 15.3834 -0.725768 -18.6751
1.3 28.7243 16.7284 -0.130038 -18.0053
1.4 30.4878 17.7273 0.198376 -17.4748
1.5 31.9571 18.454 0.330193 -17.0337
1.6 33.1881 18.9641 0.317506 -16.6491
1.7 34.2231 19.2997 0.199257 -16.2993
1.8 35.0953 19.4938 0.00489752 -15.9702
1.9 35.8308 19.5723 -0.243106 -15.6527
2 36.4505 19.5558 -0.527506 -15.3416
2.1 36.9712 19.4611 -0.835016 -15.0335
2.2 37.4068 19.3016 -1.15539 -14.727
2.3 37.7688 19.0887 -1.48072 -14.4215
2.4 38.0666 18.8315 -1.80496 -14.1171
2.5 38.3084 18.5378 -2.12351 -13.8143
2.6 38.5007 18.214 -2.43288 -13.5136
2.7 38.6494 17.8657 -2.73054 -13.2159
2.8 38.7595 17.4975 -3.01463 -12.9218
2.9 38.8351 17.1134 -3.28389 -12.6322
3 38.88 16.7168 -3.53754 -12.3476
3.1 38.8974 16.3105 -3.77511 -12.0685
3.2 38.8902 15.8972 -3.99646 -11.7955
3.3 38.8607 15.4789 -4.20165 -11.5289
3.4 38.8111 15.0575 -4.39093 -11.269
3.5 38.7434 14.6346 -4.56468 -11.0159
3.6 38.6593 14.2117 -4.72338 -10.7699
3.7 38.5604 13.7899 -4.86759 -10.5311
3.8 38.4479 13.3703 -4.9979 -10.2993
3.9 38.3232 12.9538 -5.11498 -10.0747
4 38.1872 12.5412 -5.21948 -9.85706
4.1 38.0411 12.1331 -5.31207 -9.6464
4.2 37.8857 11.7302 -5.39343 -9.44254
4.3 37.7218 11.3328 -5.46423 -9.24535
4.4 37.5501 10.9415 -5.52513 -9.05467
4.5 37.3714 10.5566 -5.57675 -8.87031
4.6 37.1863 10.1784 -5.61972 -8.69209
4.7 36.9953 9.80715 -5.65463 -8.51982
4.8 36.7989 9.44302 -5.68206 -8.35331
4.9 36.5976 9.08619 -5.70254 -8.19234
5 36.3918 8.73678 -5.7166 -8.03674
5.1 36.1819 8.39488 -5.72472 -7.8863
5.2 35.9684 8.06056 -5.72738 -7.74082
5.3 35.7515 7.73386 -5.72501 -7.60012
5.4 35.5316 7.4148 -5.71803 -7.46401
5.5 35.3089 7.10336 -5.70683 -7.33232
5.6 35.0837 6.79954 -5.69177 -7.20486
5.7 34.8562 6.50329 -5.6732 -7.08146
5.8 34.6268 6.21455 -5.65143 -6.96197
5.9 34.3955 5.93328 -5.62677 -6.84622
6 34.1627 5.6594 -5.5995 -6.73407
6.1 33.9285 5.39281 -5.56987 -6.62536
6.2 33.693 5.13344 -5.53812 -6.51996
6.3 33.4565 4.88118 -5.50449 -6.41773
6.4 33.219 4.63593 -5.46918 -6.31854
6.5 32.9808 4.39757 -5.43238 -6.22227
6.6 32.7419 4.16601 -5.39427 -6.12881
6.7 32.5025 3.9411 -5.35502 -6.03805
6.8 32.2627 3.72274 -5.31478 -5.94986
6.9 32.0226 3.5108 -5.27368 -5.86416
7 31.7823 3.30516 -5.23187 -5.78084
7.1 31.542 3.10568 -5.18946 -5.69982
7.2 31.3016 2.91224 -5.14655 -5.62099
7.3 31.0613 2.72471 -5.10325 -5.54429
7.4 30.8211 2.54295 -5.05966 -5.46962
7.5 30.5812 2.36685 -5.01584 -5.39691
7.6 30.3416 2.19626 -4.97189 -5.32609
7.7 30.1024 2.03106 -4.92787 -5.25709
7.8 29.8636 1.87113 -4.88385 -5.18983
7.9 29.6252 1.71632 -4.83988 -5.12426
8 29.3875 1.56652 -4.79601 -5.06031
8.1 29.1503 1.4216 -4.7523 -4.99793
8.2 28.9138 1.28144 -4.70879 -4.93706
8.3 28.6779 1.14592 -4.6655 -4.87765
8.4 28.4428 1.0149 -4.62249 -4.81964
8.5 28.2085 0.888285 -4.57978 -4.76299
8.6 27.975 0.765944 -4.5374 -4.70765
8.7 27.7424 0.647764 -4.49537 -4.65358
8.8 27.5106 0.533633 -4.45371 -4.60073
8.9 27.2798 0.423439 -4.41245 -4.54906
9 27.0499 0.317072 -4.3716 -4.49854
9.1 26.8209 0.214426 -4.33117 -4.44913
9.2 26.593 0.115395 -4.29118 -4.40079
9.3 26.3661 0.019876 -4.25163 -4.35348
9.4 26.1403 -0.0722317 -4.21255 -4.30718
9.5 25.9155 -0.161027 -4.17392 -4.26186
9.6 25.6919 -0.246606 -4.13576 -4.21747
9.7 25.4693 -0.329064 -4.09808 -4.174
9.8 25.2479 -0.408492 -4.06087 -4.13142
9.9 25.0276 -0.484981 -4.02415 -4.08969
10 24.8085 -0.55862 -3.9879 -4.0488
10.1 24.5906 -0.629493 -3.95213 -4.00872
10.2 24.3738 -0.697684 -3.91684 -3.96942
10.3 24.1583 -0.763276 -3.88204 -3.93089
10.4 23.944 -0.826348 -3.8477 -3.89309
10.5 23.731 -0.886977 -3.81385 -3.85602
10.6 23.5191 -0.94524 -3.78046 -3.81964
10.7 23.3085 -1.00121 -3.74754 -3.78395
10.8 23.0992 -1.05496 -3.71509 -3.74891
10.9 22.8912 -1.10656 -3.68309 -3.71452
11 22.6844 -1.15607 -3.65155 -3.68076
11.1 22.4789 -1.20357 -3.62046 -3.6476
11.2 22.2747 -1.24911 -3.58982 -3.61503
11.3 22.0718 -1.29277 -3.55962 -3.58304
11.4 21.8702 -1.33459 -3.52985 -3.55161
11.5 21.6698 -1.37464 -3.50051 -3.52073
11.6 21.4708 -1.41299 -3.47159 -3.49038
11.7 21.2731 -1.44967 -3.44309 -3.46054
11.8 21.0768 -1.48475 -3.415 -3.43122
11.9 20.8817 -1.51829 -3.38732 -3.40238
12 20.6879 -1.55032 -3.36003 -3.37403
12.1 20.4955 -1.58091 -3.33314 -3.34615
12.2 20.3044 -1.61009 -3.30664 -3.31872
12.3 20.1146 -1.63792 -3.28051 -3.29174
12.4 19.9261 -1.66444 -3.25476 -3.26519
12.5 19.739 -1.6897 -3.22938 -3.23907
12.6 19.5532 -1.71374 -3.20436 -3.21336
12.7 19.3687 -1.73659 -3.1797 -3.18806
12.8 19.1855 -1.75831 -3.15538 -3.16316
12.9 19.0036 -1.77892 -3.13141 -3.13864
13 18.8231 -1.79848 -3.10778 -3.11449
13.1 18.6438 -1.817 -3.08448 -3.09072
13.2 18.4659 -1.83454 -3.06151 -3.0673
13.3 18.2893 -1.85112 -3.03886 -3.04424
13.4 18.114 -1.86677 -3.01652 -3.02152
13.5 17.94 -1.88154 -2.9945 -2.99914
13.6 17.7674 -1.89545 -2.97277 -2.97709
13.7 17.596 -1.90852 -2.95135 -2.95536
13.8 17.4259 -1.9208 -2.93022 -2.93394
13.9 17.2571 -1.93231 -2.90937 -2.91283
14 17.0896 -1.94308 -2.88881 -2.89203
14.1 16.9234 -1.95312 -2.86853 -2.87152
14.2 16.7585 -1.96248 -2.84852 -2.8513
14.3 16.5948 -1.97117 -2.82878 -2.83136
14.4 16.4324 -1.97923 -2.8093 -2.81169
14.5 16.2713 -1.98666 -2.79008 -2.7923
14.6 16.1115 -1.9935 -2.77111 -2.77318
14.7 15.9529 -1.99976 -2.75239 -2.75431
14.8 15.7956 -2.00547 -2.73392 -2.7357
14.9 15.6395 -2.01065 -2.71568 -2.71734
15 15.4846 -2.01532 -2.69769 -2.69923
15.1 15.3311 -2.0195 -2.67992 -2.68135
15.2 15.1787 -2.02321 -2.66238 -2.66371
15.3 15.0276 -2.02645 -2.64506 -2.6463
15.4 14.8777 -2.02926 -2.62797 -2.62912
15.5 14.729 -2.03165 -2.61109 -2.61216
15.6 14.5815 -2.03364 -2.59442 -2.59541
15.7 14.4353 -2.03523 -2.57796 -2.57888
15.8 14.2902 -2.03645 -2.5617 -2.56256
15.9 14.1463 -2.03732 -2.54565 -2.54644
16 14.0036 -2.03783 -2.52979 -2.53053
16.1 13.8621 -2.03802 -2.51412 -2.51481
16.2 13.7218 -2.03789 -2.49865 -2.49928
16.3 13.5827 -2.03745 -2.48336 -2.48395
16.4 13.4447 -2.03672 -2.46825 -2.46881
16.5 13.3079 -2.03571 -2.45333 -2.45384
16.6 13.1722 -2.03443 -2.43859 -2.43906
16.7 13.0377 -2.03289 -2.42401 -2.42446
16.8 12.9043 -2.0311 -2.40961 -2.41002
16.9 12.772 -2.02908 -2.39538 -2.39576
17 12.6409 -2.02683 -2.38132 -2.38167
17.1 12.5109 -2.02436 -2.36741 -2.36774
17.2 12.382 -2.02169 -2.35367 -2.35398
17.3 12.2542 -2.01882 -2.34009 -2.34037
17.4 12.1275 -2.01575 -2.32666 -2.32692
17.5 12.0019 -2.01251 -2.31338 -2.31362
17.6 11.8774 -2.00909 -2.30025 -2.30048
17.7 11.754 -2.00551 -2.28727 -2.28748
17.8 11.6317 -2.00177 -2.27443 -2.27463
17.9 11.5104 -1.99788 -2.26174 -2.26192
18 11.3901 -1.99385 -2.24919 -2.24936
18.1 11.271 -1.98968 -2.23677 -2.23693
18.2 11.1528 -1.98538 -2.22449 -2.22464
18.3 11.0358 -1.98095 -2.21235 -2.21248
18.4 10.9197 -1.97641 -2.20033 -2.20046
18.5 10.8047 -1.97176 -2.18844 -2.18856
18.6 10.6907 -1.967 -2.17669 -2.1768
18.7 10.5777 -1.96214 -2.16505 -2.16516
18.8 10.4657 -1.95719 -2.15354 -2.15364
18.9 10.3547 -1.95214 -2.14216 -2.14224
19 10.2447 -1.94701 -2.13089 -2.13097
19.1 10.1356 -1.9418 -2.11974 -2.11981
19.2 10.0276 -1.93652 -2.1087 -2.10877
19.3 9.92053 -1.93116 -2.09778 -2.09784
19.4 9.81443 -1.92573 -2.08697 -2.08703
19.5 9.70928 -1.92025 -2.07627 -2.07633
19.6 9.60508 -1.9147 -2.06568 -2.06573
19.7 9.50183 -1.9091 -2.0552 -2.05525
19.8 9.39952 -1.90344 -2.04482 -2.04487
19.9 9.29813 -1.89774 -2.03455 -2.03459
20 9.19767 -1.89199 -2.02438 -2.02442
20.1 9.09813 -1.8862 -2.01431 -2.01435
20.2 8.99949 -1.88037 -2.00434 -2.00438
20.3 8.90176 -1.87451 -1.99447 -1.9945
20.4 8.80493 -1.86861 -1.9847 -1.98473
20.5 8.70899 -1.86269 -1.97502 -1.97504
20.6 8.61393 -1.85673 -1.96543 -1.96546
20.7 8.51975 -1.85075 -1.95594 -1.95596
20.8 8.42644 -1.84475 -1.94654 -1.94656
20.9 8.33399 -1.83873 -1.93722 -1.93724
21 8.2424 -1.83269 -1.928 -1.92802
21.1 8.15166 -1.82664 -1.91886 -1.91888
21.2 8.06176 -1.82057 -1.90981 -1.90983
21.3 7.97271 -1.81449 -1.90085 -1.90086
21.4 7.88448 -1.8084 -1.89197 -1.89198
21.5 7.79708 -1.80231 -1.88317 -1.88318
21.6 7.71049 -1.7962 -1.87445 -1.87446
21.7 7.62472 -1.7901 -1.86581 -1.86583
21.8 7.53976 -1.78399 -1.85726 -1.85727
21.9 7.45559 -1.77788 -1.84878 -1.84879
22 7.37222 -1.77177 -1.84037 -1.84038
22.1 7.28963 -1.76566 -1.83205 -1.83205
22.2 7.20782 -1.75955 -1.82379 -1.8238
22.3 7.12679 -1.75345 -1.81562 -1.81562
22.4 7.04653 -1.74736 -1.80751 -1.80752
22.5 6.96702 -1.74127 -1.79948 -1.79948
22.6 6.88828 -1.73519 -1.79152 -1.79152
22.7 6.81028 -1.72912 -1.78362 -1.78363
22.8 6.73303 -1.72306 -1.7758 -1.77581
22.9 6.65651 -1.71702 -1.76805 -1.76805
23 6.58072 -1.71098 -1.76036 -1.76037
23.1 6.50566 -1.70496 -1.75274 -1.75274
23.2 6.43132 -1.69895 -1.74519 -1.74519
23.3 6.35769 -1.69295 -1.7377 -1.7377
23.4 6.28477 -1.68697 -1.73027 -1.73027
23.5 6.21255 -1.68101 -1.72291 -1.72291
23.6 6.14103 -1.67507 -1.71561 -1.71561
23.7 6.07019 -1.66914 -1.70837 -1.70837
23.8 6.00004 -1.66323 -1.70119 -1.70119
23.9 5.93057 -1.65734 -1.69407 -1.69408
24 5.86177 -1.65147 -1.68701 -1.68702
24.1 5.79364 -1.64562 -1.68001 -1.68002
24.2 5.72617 -1.63979 -1.67307 -1.67307
24.3 5.65936 -1.63398 -1.66619 -1.66619
24.4 5.59319 -1.6282 -1.65936 -1.65936
24.5 5.52767 -1.62243 -1.65259 -1.65259
24.6 5.46279 -1.61669 -1.64587 -1.64587
24.7 5.39854 -1.61097 -1.63921 -1.63921
24.8 5.33492 -1.60527 -1.6326 -1.6326
24.9 5.27192 -1.5996 -1.62604 -1.62604
25 5.20954 -1.59395 -1.61954 -1.61954
25.1 5.14778 -1.58833 -1.61308 -1.61308
25.2 5.08662 -1.58273 -1.60668 -1.60668
25.3 5.02606 -1.57715 -1.60033 -1.60033
25.4 4.96609 -1.5716 -1.59403 -1.59403
25.5 4.90672 -1.56608 -1.58778 -1.58778
25.6 4.84793 -1.56058 -1.58158 -1.58158
25.7 4.78973 -1.5551 -1.57542 -1.57542
25.8 4.7321 -1.54965 -1.56932 -1.56932
25.9 4.67503 -1.54423 -1.56326 -1.56326
26 4.61854 -1.53883 -1.55725 -1.55725
26.1 4.5626 -1.53346 -1.55128 -1.55128
26.2 4.50723 -1.52812 -1.54536 -1.54536
26.3 4.4524 -1.5228 -1.53948 -1.53948
26.4 4.39811 -1.51751 -1.53365 -1.53365
26.5 4.34437 -1.51224 -1.52786 -1.52786
26.6 4.29116 -1.50701 -1.52212 -1.52212
26.7 4.23849 -1.50179 -1.51642 -1.51642
26.8 4.18634 -1.49661 -1.51076 -1.51076
26.9 4.13471 -1.49145 -1.50514 -1.50515
27 4.0836 -1.48632 -1.49957 -1.49957
27.1 4.033 -1.48121 -1.49404 -1.49404
27.2 3.98291 -1.47614 -1.48854 -1.48854
27.3 3.93332 -1.47109 -1.48309 -1.48309
27.4 3.88424 -1.46606 -1.47768 -1.47768
27.5 3.83564 -1.46106 -1.47231 -1.47231
27.6 3.78753 -1.45609 -1.46697 -1.46697
27.7 3.73991 -1.45115 -1.46168 -1.46168
27.8 3.69277 -1.44623 -1.45642 -1.45642
27.9 3.64611 -1.44134 -1.4512 -1.4512
28 3.59992 -1.43648 -1.44601 -1.44601
28.1 3.55419 -1.43164 -1.44087 -1.44087
28.2 3.50893 -1.42683 -1.43576 -1.43576
28.3 3.46413 -1.42204 -1.43069 -1.43069
28.4 3.41978 -1.41729 -1.42565 -1.42565
28.5 3.37588 -1.41255 -1.42065 -1.42065
28.6 3.33243 -1.40785 -1.41568 -1.41568
28.7 3.28942 -1.40317 -1.41075 -1.41075
28.8 3.24685 -1.39852 -1.40585 -1.40585
28.9 3.20471 -1.39389 -1.40098 -1.40098
29 3.163 -1.38929 -1.39615 -1.39615
29.1 3.12172 -1.38471 -1.39135 -1.39135
29.2 3.08086 -1.38016 -1.38659 -1.38659
29.3 3.04042 -1.37564 -1.38186 -1.38186
29.4 3.0004 -1.37114 -1.37716 -1.37716
29.5 2.96078 -1.36667 -1.37249 -1.37249
29.6 2.92157 -1.36222 -1.36785 -1.36785
29.7 2.88276 -1.35779 -1.36325 -1.36325
29.8 2.84435 -1.3534 -1.35867 -1.35867
29.9 2.80634 -1.34902 -1.35413 -1.35413
30 2.76872 -1.34467 -1.34961 -1.34961
