T exact high corr
1 1 0.0665753 0.399909
2.5 1.00002 0.166438 0.499772
5 1.00738 0.332877 0.66621
7.5 1.05468 0.499315 0.832648
10 1.14936 0.665753 0.999087
12.5 1.27496 0.832192 1.16552
15 1.41723 0.99863 1.33196
17.5 1.56824 1.16507 1.4984
20 1.72407 1.33151 1.66484
22.5 1.88276 1.49794 1.83128
25 2.04327 1.66438 1.99772
27.5 2.20502 1.83082 2.16415
30 2.36765 1.99726 2.33059
32.5 2.53094 2.1637 2.49703
35 2.69472 2.33014 2.66347
37.5 2.85889 2.49657 2.82991
40 3.02337 2.66301 2.99635
42.5 3.18809 2.82945 3.16278
45 3.35303 2.99589 3.32922
47.5 3.51813 3.16233 3.49566
50 3.68337 3.32877 3.6621
52.5 3.84873 3.4952 3.82854
55 4.0142 3.66164 3.99498
57.5 4.17976 3.82808 4.16141
60 4.34539 3.99452 4.32785
62.5 4.5111 4.16096 4.49429
65 4.67686 4.3274 4.66073
67.5 4.84267 4.49383 4.82717
70 5.00853 4.66027 4.99361
72.5 5.17443 4.82671 5.16004
75 5.34037 4.99315 5.32648
77.5 5.50634 5.15959 5.49292
80 5.67235 5.32603 5.65936
82.5 5.83838 5.49246 5.8258
85 6.00443 5.6589 5.99224
87.5 6.17051 5.82534 6.15867
90 6.33661 5.99178 6.32511
92.5 6.50273 6.15822 6.49155
95 6.66886 6.32466 6.65799
97.5 6.83501 6.49109 6.82443
100 7.00118 6.65753 6.99087
102.5 7.16736 6.82397 7.1573
105 7.33355 6.99041 7.32374
107.5 7.49975 7.15685 7.49018
110 7.66597 7.32329 7.65662
112.5 7.83219 7.48972 7.82306
115 7.99843 7.65616 7.9895
117.5 8.16467 7.8226 8.15593
120 8.33092 7.98904 8.32237
122.5 8.49718 8.15548 8.48881
125 8.66345 8.32192 8.65525
127.5 8.82972 8.48835 8.82169
130 8.996 8.65479 8.98813
132.5 9.16229 8.82123 9.15456
135 9.32858 8.98767 9.321
137.5 9.49488 9.15411 9.48744
140 9.66118 9.32055 9.65388
142.5 9.82749 9.48698 9.82032
145 9.9938 9.65342 9.98676
147.5 10.1601 9.81986 10.1532
150 10.3264 9.9863 10.3196
152.5 10.4928 10.1527 10.4861
155 10.6591 10.3192 10.6525
157.5 10.8254 10.4856 10.8189
160 10.9918 10.6521 10.9854
162.5 11.1581 10.8185 11.1518
165 11.3244 10.9849 11.3183
167.5 11.4908 11.1514 11.4847
170 11.6571 11.3178 11.6511
172.5 11.8235 11.4842 11.8176
175 11.9898 11.6507 11.984
177.5 12.1562 11.8171 12.1505
180 12.3225 11.9836 12.3169
182.5 12.4889 12.15 12.4833
185 12.6553 12.3164 12.6498
187.5 12.8216 12.4829 12.8162
190 12.988 12.6493 12.9826
192.5 13.1544 12.8158 13.1491
195 13.3207 12.9822 13.3155
197.5 13.4871 13.1486 13.482
200 13.6535 13.3151 13.6484
202.5 13.8199 13.4815 13.8148
205 13.9862 13.6479 13.9813
207.5 14.1526 13.8144 14.1477
210 14.319 13.9808 14.3142
212.5 14.4854 14.1473 14.4806
215 14.6517 14.3137 14.647
217.5 14.8181 14.4801 14.8135
220 14.9845 14.6466 14.9799
222.5 15.1509 14.813 15.1463
225 15.3173 14.9794 15.3128
227.5 15.4837 15.1459 15.4792
230 15.6501 15.3123 15.6457
232.5 15.8165 15.4788 15.8121
235 15.9828 15.6452 15.9785
237.5 16.1492 15.8116 16.145
240 16.3156 15.9781 16.3114
242.5 16.482 16.1445 16.4779
245 16.6484 16.311 16.6443
247.5 16.8148 16.4774 16.8107
250 16.9812 16.6438 16.9772
252.5 17.1476 16.8103 17.1436
255 17.314 16.9767 17.31
257.5 17.4804 17.1431 17.4765
260 17.6468 17.3096 17.6429
262.5 17.8132 17.476 17.8094
265 17.9796 17.6425 17.9758
267.5 18.146 17.8089 18.1422
270 18.3124 17.9753 18.3087
272.5 18.4788 18.1418 18.4751
275 18.6452 18.3082 18.6415
277.5 18.8116 18.4747 18.808
280 18.978 18.6411 18.9744
282.5 19.1444 18.8075 19.1409
285 19.3109 18.974 19.3073
287.5 19.4773 19.1404 19.4737
290 19.6437 19.3068 19.6402
292.5 19.8101 19.4733 19.8066
295 19.9765 19.6397 19.9731
297.5 20.1429 19.8062 20.1395
300 20.3093 19.9726 20.3059
