c eesm eep
0.0180855 0.0150239 0.815691
0.0356842 0.0300914 0.813176
0.052809 0.0451957 0.810638
0.0694723 0.0603302 0.808077
0.0856865 0.0754882 0.805493
0.101464 0.0906625 0.802885
0.116815 0.105846 0.800254
0.131753 0.121033 0.797601
0.146288 0.136214 0.794925
0.160431 0.151384 0.792226
0.174193 0.166535 0.789505
0.187584 0.18166 0.786762
0.200614 0.196752 0.783996
0.213293 0.211803 0.781209
0.225632 0.226806 0.7784
0.237638 0.241755 0.775569
0.249322 0.256642 0.772717
0.260692 0.27146 0.769844
0.271758 0.286203 0.76695
0.282527 0.300863 0.764035
0.293009 0.315434 0.761099
0.30321 0.329909 0.758144
0.31314 0.344282 0.755168
0.322806 0.358547 0.752173
0.332215 0.372697 0.749158
0.341374 0.386726 0.746124
0.350292 0.400629 0.743071
0.358974 0.4144 0.74
0.367428 0.428033 0.73691
0.375661 0.441524 0.733802
0.383678 0.454867 0.730677
0.391486 0.468057 0.727534
0.399091 0.48109 0.724374
0.4065 0.493962 0.721197
0.413717 0.506668 0.718004
0.42075 0.519205 0.714795
0.427602 0.531568 0.71157
0.43428 0.543755 0.708329
0.440788 0.555761 0.705074
0.447133 0.567586 0.701804
0.453318 0.579224 0.698519
0.459349 0.590676 0.695221
0.465231 0.601937 0.691909
0.470967 0.613006 0.688584
0.476563 0.623882 0.685246
0.482022 0.634562 0.681896
0.48735 0.645046 0.678533
0.492549 0.655333 0.675159
0.497625 0.665423 0.671774
0.502581 0.675313 0.668378
0.50742 0.685005 0.664972
0.512146 0.694498 0.661555
0.516764 0.703791 0.658129
0.521276 0.712887 0.654693
0.525686 0.721784 0.651249
0.529997 0.730484 0.647796
0.534212 0.738987 0.644336
0.538334 0.747295 0.640867
0.542367 0.755409 0.637392
0.546313 0.76333 0.633909
0.550175 0.771059 0.630421
0.553956 0.778599 0.626926
0.557659 0.785951 0.623426
0.561285 0.793117 0.61992
0.564839 0.800099 0.61641
0.568321 0.806899 0.612895
0.571735 0.813519 0.609376
0.575083 0.819962 0.605854
0.578367 0.826231 0.602328
0.581589 0.832327 0.5988
0.584751 0.838254 0.595269
0.587856 0.844014 0.591736
0.590905 0.849609 0.588202
0.5939 0.855043 0.584666
0.596843 0.860319 0.58113
0.599737 0.865438 0.577592
0.602582 0.870405 0.574055
0.60538 0.875222 0.570518
0.608134 0.879892 0.566981
0.610844 0.884418 0.563445
0.613512 0.888803 0.559911
0.61614 0.89305 0.556378
0.618729 0.897163 0.552847
0.62128 0.901143 0.549318
0.623796 0.904995 0.545792
0.626277 0.90872 0.542268
0.628724 0.912323 0.538748
0.631139 0.915806 0.535232
0.633522 0.919171 0.531719
0.635876 0.922423 0.52821
0.638201 0.925564 0.524706
0.640498 0.928596 0.521206
0.642769 0.931523 0.517712
0.645014 0.934348 0.514222
0.647234 0.937073 0.510739
0.64943 0.9397 0.507261
0.651604 0.942234 0.503789
0.653755 0.944675 0.500323
0.655886 0.947028 0.496864
0.657996 0.949294 0.493411
0.660086 0.951477 0.489966
0.662158 0.953578 0.486528
0.664212 0.9556 0.483097
0.666249 0.957545 0.479674
0.668269 0.959417 0.476259
0.670273 0.961216 0.472851
0.672261 0.962946 0.469452
0.674235 0.964609 0.466062
0.676195 0.966206 0.46268
0.678142 0.96774 0.459307
0.680075 0.969214 0.455943
0.681996 0.970628 0.452588
0.683906 0.971985 0.449242
0.685804 0.973287 0.445905
0.68769 0.974536 0.442579
0.689567 0.975734 0.439262
0.691433 0.976882 0.435954
0.69329 0.977982 0.432657
0.695138 0.979036 0.42937
0.696977 0.980046 0.426093
0.698807 0.981012 0.422826
0.70063 0.981937 0.41957
0.702444 0.982823 0.416324
0.704252 0.98367 0.413089
0.706052 0.98448 0.409864
0.707846 0.985254 0.406651
0.709633 0.985994 0.403448
0.711414 0.986702 0.400256
0.71319 0.987377 0.397075
0.71496 0.988022 0.393905
0.716724 0.988638 0.390746
0.718483 0.989226 0.387599
0.720238 0.989787 0.384463
0.721988 0.990322 0.381338
0.723734 0.990831 0.378224
0.725475 0.991318 0.375122
0.727212 0.991781 0.372031
0.728946 0.992222 0.368952
0.730676 0.992642 0.365884
0.732402 0.993042 0.362827
0.734126 0.993422 0.359783
0.735846 0.993784 0.356749
0.737563 0.994128 0.353727
0.739277 0.994456 0.350717
0.740989 0.994767 0.347719
0.742698 0.995062 0.344731
0.744405 0.995343 0.341756
0.746109 0.995609 0.338792
0.747812 0.995862 0.33584
0.749512 0.996101 0.332899
0.75121 0.996329 0.32997
0.752906 0.996544 0.327052
0.754601 0.996748 0.324146
0.756294 0.996942 0.321252
0.757985 0.997125 0.318369
0.759675 0.997298 0.315497
0.761364 0.997462 0.312637
0.763051 0.997618 0.309788
0.764737 0.997764 0.306951
0.766422 0.997903 0.304126
0.768105 0.998034 0.301311
0.769788 0.998157 0.298508
0.771469 0.998274 0.295716
0.77315 0.998384 0.292936
0.77483 0.998488 0.290167
0.776509 0.998586 0.287409
0.778187 0.998678 0.284662
0.779864 0.998765 0.281926
0.781541 0.998846 0.279201
0.783217 0.998923 0.276488
0.784892 0.998995 0.273785
0.786567 0.999063 0.271094
0.788241 0.999127 0.268413
0.789915 0.999187 0.265743
0.791588 0.999243 0.263084
0.793261 0.999296 0.260436
0.794933 0.999345 0.257799
0.796605 0.999392 0.255172
0.798276 0.999435 0.252556
0.799948 0.999476 0.249951
0.801618 0.999514 0.247356
0.803289 0.999549 0.244772
0.804959 0.999583 0.242198
0.806629 0.999614 0.239634
0.808299 0.999643 0.237081
0.809969 0.99967 0.234538
0.811638 0.999695 0.232006
0.813307 0.999718 0.229483
0.814976 0.99974 0.226971
0.816645 0.99976 0.224469
0.818313 0.999779 0.221977
0.819982 0.999797 0.219495
0.82165 0.999813 0.217023
0.823318 0.999828 0.21456
0.824986 0.999842 0.212108
0.826654 0.999855 0.209665
0.828322 0.999867 0.207233
0.82999 0.999879 0.204809
0.831657 0.999889 0.202396
0.833325 0.999898 0.199992
0.834992 0.999907 0.197597
0.83666 0.999915 0.195212
0.838327 0.999923 0.192837
0.839994 0.99993 0.190471
0.841662 0.999936 0.188114
0.843329 0.999942 0.185766
0.844996 0.999947 0.183428
0.846663 0.999952 0.181099
0.84833 0.999957 0.178779
0.849997 0.999961 0.176468
0.851664 0.999964 0.174166
0.853331 0.999968 0.171873
0.854998 0.999971 0.169589
0.856665 0.999974 0.167313
0.858332 0.999976 0.165047
0.859999 0.999979 0.162789
0.861665 0.999981 0.16054
0.863332 0.999983 0.1583
0.864999 0.999985 0.156068
0.866666 0.999986 0.153845
0.868333 0.999988 0.151631
0.869999 0.999989 0.149425
0.871666 0.99999 0.147227
0.873333 0.999991 0.145038
0.875 0.999992 0.142857
0.876666 0.999993 0.140684
0.878333 0.999994 0.13852
0.88 0.999995 0.136363
0.881666 0.999995 0.134215
0.883333 0.999996 0.132075
0.885 0.999996 0.129943
0.886666 0.999997 0.127819
0.888333 0.999997 0.125703
0.89 0.999998 0.123595
0.891667 0.999998 0.121495
0.893333 0.999998 0.119403
0.895 0.999998 0.117318
0.896667 0.999999 0.115242
0.898333 0.999999 0.113172
0.9 0.999999 0.111111
0.901667 0.999999 0.109057
0.903333 0.999999 0.107011
0.905 0.999999 0.104972
0.906667 0.999999 0.102941
0.908333 1 0.100917
0.91 1 0.0989011
0.911667 1 0.0968921
0.913333 1 0.0948905
0.915 1 0.0928962
0.916667 1 0.0909091
0.918333 1 0.0889292
0.92 1 0.0869565
0.921667 1 0.084991
0.923333 1 0.0830325
0.925 1 0.0810811
0.926667 1 0.0791367
0.928333 1 0.0771993
0.93 1 0.0752688
0.931667 1 0.0733453
0.933333 1 0.0714286
0.935 1 0.0695187
0.936667 1 0.0676157
0.938333 1 0.0657194
0.94 1 0.0638298
0.941667 1 0.0619469
0.943333 1 0.0600707
0.945 1 0.0582011
0.946667 1 0.056338
0.948333 1 0.0544815
0.95 1 0.0526316
0.951667 1 0.0507881
0.953333 1 0.048951
0.955 1 0.0471204
0.956667 1 0.0452962
0.958333 1 0.0434783
0.96 1 0.0416667
0.961667 1 0.0398614
0.963333 1 0.0380623
0.965 1 0.0362694
0.966667 1 0.0344828
0.968333 1 0.0327022
0.97 1 0.0309278
0.971667 1 0.0291595
0.973333 1 0.0273973
0.975 1 0.025641
0.976667 1 0.0238908
0.978333 1 0.0221465
0.98 1 0.0204082
0.981667 1 0.0186757
0.983333 1 0.0169492
0.985 1 0.0152284
0.986667 1 0.0135135
0.988333 1 0.0118044
0.99 1 0.010101
0.991667 1 0.00840336
0.993333 1 0.00671141
0.995 1 0.00502513
