x1 p1 p2 p
0 0 0.55 0.55
0.01 0.0293912 0.54456 0.573951
0.02 0.0575223 0.539237 0.596759
0.03 0.0844523 0.534028 0.618481
0.04 0.110238 0.52893 0.639168
0.05 0.134932 0.523939 0.658871
0.06 0.158587 0.519051 0.677639
0.07 0.181251 0.514264 0.695516
0.08 0.202972 0.509575 0.712547
0.09 0.223793 0.504979 0.728772
0.1 0.243757 0.500475 0.744232
0.11 0.262904 0.496059 0.758963
0.12 0.281275 0.491728 0.773002
0.13 0.298905 0.487479 0.786383
0.14 0.315829 0.483309 0.799138
0.15 0.332083 0.479215 0.811298
0.16 0.347698 0.475195 0.822893
0.17 0.362704 0.471245 0.83395
0.18 0.377133 0.467364 0.844496
0.19 0.39101 0.463547 0.854557
0.2 0.404365 0.459792 0.864157
0.21 0.417222 0.456097 0.873319
0.22 0.429606 0.452459 0.882064
0.23 0.44154 0.448875 0.890415
0.24 0.453048 0.445342 0.89839
0.25 0.464151 0.441857 0.906008
0.26 0.47487 0.438418 0.913288
0.27 0.485225 0.435022 0.920247
0.28 0.495234 0.431667 0.926901
0.29 0.504915 0.428349 0.933264
0.3 0.514288 0.425066 0.939353
0.31 0.523367 0.421814 0.945181
0.32 0.532169 0.418592 0.950761
0.33 0.54071 0.415395 0.956105
0.34 0.549004 0.412222 0.961226
0.35 0.557066 0.40907 0.966135
0.36 0.564909 0.405934 0.970843
0.37 0.572546 0.402813 0.975359
0.38 0.57999 0.399703 0.979694
0.39 0.587254 0.396601 0.983855
0.4 0.594348 0.393505 0.987852
0.41 0.601284 0.390409 0.991693
0.42 0.608073 0.387312 0.995385
0.43 0.614725 0.38421 0.998935
0.44 0.621251 0.381099 1.00235
0.45 0.627659 0.377976 1.00564
0.46 0.63396 0.374837 1.0088
0.47 0.640163 0.371679 1.01184
0.48 0.646276 0.368497 1.01477
0.49 0.652307 0.365287 1.01759
0.5 0.658265 0.362046 1.02031
0.51 0.664158 0.358769 1.02293
0.52 0.669994 0.355452 1.02545
0.53 0.67578 0.35209 1.02787
0.54 0.681522 0.348678 1.0302
0.55 0.687229 0.345213 1.03244
0.56 0.692908 0.341688 1.0346
0.57 0.698564 0.338099 1.03666
0.58 0.704204 0.33444 1.03864
0.59 0.709835 0.330706 1.04054
0.6 0.715463 0.326891 1.04235
0.61 0.721094 0.322989 1.04408
0.62 0.726733 0.318995 1.04573
0.63 0.732388 0.3149 1.04729
0.64 0.738062 0.3107 1.04876
0.65 0.743763 0.306386 1.05015
0.66 0.749495 0.301952 1.05145
0.67 0.755264 0.29739 1.05265
0.68 0.761076 0.292693 1.05377
0.69 0.766935 0.287852 1.05479
0.7 0.772846 0.282858 1.0557
0.71 0.778816 0.277703 1.05652
0.72 0.784849 0.272378 1.05723
0.73 0.79095 0.266874 1.05782
0.74 0.797124 0.261179 1.0583
0.75 0.803376 0.255283 1.05866
0.76 0.809712 0.249177 1.05889
0.77 0.816136 0.242847 1.05898
0.78 0.822653 0.236283 1.05894
0.79 0.829268 0.229472 1.05874
0.8 0.835986 0.222401 1.05839
0.81 0.842812 0.215056 1.05787
0.82 0.849752 0.207423 1.05717
0.83 0.85681 0.199487 1.0563
0.84 0.863991 0.191234 1.05522
0.85 0.8713 0.182646 1.05395
0.86 0.878743 0.173706 1.05245
0.87 0.886325 0.164398 1.05072
0.88 0.89405 0.154701 1.04875
0.89 0.901925 0.144597 1.04652
0.9 0.909955 0.134066 1.04402
0.91 0.918144 0.123086 1.04123
0.92 0.9265 0.111634 1.03813
0.93 0.935026 0.0996883 1.03471
0.94 0.94373 0.087223 1.03095
0.95 0.952616 0.0742128 1.02683
0.96 0.961691 0.0606308 1.02232
0.97 0.970961 0.0464488 1.01741
0.98 0.980431 0.0316373 1.01207
0.99 0.990109 0.0161652 1.00627
1 1 0 1
