x1 p1 p2 p
0 0 0.55 0.55
0.01 0.01 0.5445 0.5545
0.02 0.02 0.539 0.559
0.03 0.03 0.5335 0.5635
0.04 0.04 0.528 0.568
0.05 0.05 0.5225 0.5725
0.06 0.06 0.517 0.577
0.07 0.07 0.5115 0.5815
0.08 0.08 0.506 0.586
0.09 0.09 0.5005 0.5905
0.1 0.1 0.495 0.595
0.11 0.11 0.4895 0.5995
0.12 0.12 0.484 0.604
0.13 0.13 0.4785 0.6085
0.14 0.14 0.473 0.613
0.15 0.15 0.4675 0.6175
0.16 0.16 0.462 0.622
0.17 0.17 0.4565 0.6265
0.18 0.18 0.451 0.631
0.19 0.19 0.4455 0.6355
0.2 0.2 0.44 0.64
0.21 0.21 0.4345 0.6445
0.22 0.22 0.429 0.649
0.23 0.23 0.4235 0.6535
0.24 0.24 0.418 0.658
0.25 0.25 0.4125 0.6625
0.26 0.26 0.407 0.667
0.27 0.27 0.4015 0.6715
0.28 0.28 0.396 0.676
0.29 0.29 0.3905 0.6805
0.3 0.3 0.385 0.685
0.31 0.31 0.3795 0.6895
0.32 0.32 0.374 0.694
0.33 0.33 0.3685 0.6985
0.34 0.34 0.363 0.703
0.35 0.35 0.3575 0.7075
0.36 0.36 0.352 0.712
0.37 0.37 0.3465 0.7165
0.38 0.38 0.341 0.721
0.39 0.39 0.3355 0.7255
0.4 0.4 0.33 0.73
0.41 0.41 0.3245 0.7345
0.42 0.42 0.319 0.739
0.43 0.43 0.3135 0.7435
0.44 0.44 0.308 0.748
0.45 0.45 0.3025 0.7525
0.46 0.46 0.297 0.757
0.47 0.47 0.2915 0.7615
0.48 0.48 0.286 0.766
0.49 0.49 0.2805 0.7705
0.5 0.5 0.275 0.775
0.51 0.51 0.2695 0.7795
0.52 0.52 0.264 0.784
0.53 0.53 0.2585 0.7885
0.54 0.54 0.253 0.793
0.55 0.55 0.2475 0.7975
0.56 0.56 0.242 0.802
0.57 0.57 0.2365 0.8065
0.58 0.58 0.231 0.811
0.59 0.59 0.2255 0.8155
0.6 0.6 0.22 0.82
0.61 0.61 0.2145 0.8245
0.62 0.62 0.209 0.829
0.63 0.63 0.2035 0.8335
0.64 0.64 0.198 0.838
0.65 0.65 0.1925 0.8425
0.66 0.66 0.187 0.847
0.67 0.67 0.1815 0.8515
0.68 0.68 0.176 0.856
0.69 0.69 0.1705 0.8605
0.7 0.7 0.165 0.865
0.71 0.71 0.1595 0.8695
0.72 0.72 0.154 0.874
0.73 0.73 0.1485 0.8785
0.74 0.74 0.143 0.883
0.75 0.75 0.1375 0.8875
0.76 0.76 0.132 0.892
0.77 0.77 0.1265 0.8965
0.78 0.78 0.121 0.901
0.79 0.79 0.1155 0.9055
0.8 0.8 0.11 0.91
0.81 0.81 0.1045 0.9145
0.82 0.82 0.099 0.919
0.83 0.83 0.0935 0.9235
0.84 0.84 0.088 0.928
0.85 0.85 0.0825 0.9325
0.86 0.86 0.077 0.937
0.87 0.87 0.0715 0.9415
0.88 0.88 0.066 0.946
0.89 0.89 0.0605 0.9505
0.9 0.9 0.055 0.955
0.91 0.91 0.0495 0.9595
0.92 0.92 0.044 0.964
0.93 0.93 0.0385 0.9685
0.94 0.94 0.033 0.973
0.95 0.95 0.0275 0.9775
0.96 0.96 0.022 0.982
0.97 0.97 0.0165 0.9865
0.98 0.98 0.011 0.991
0.99 0.99 0.0055 0.9955
1 1 0 1
