x E
0 0
0.05 0.0479663
0.1 0.191734
0.15 0.430908
0.2 0.764834
0.25 1.1926
0.3 1.71302
0.35 2.32469
0.4 3.02591
0.45 3.81477
0.5 4.68911
0.55 5.64653
0.6 6.68441
0.65 7.79989
0.7 8.98993
0.75 10.2513
0.8 11.5804
0.85 12.9738
0.9 14.4275
0.95 15.9376
1 17.5
1.05 19.1103
1.1 20.7642
1.15 22.4571
1.2 24.1844
1.25 25.9413
1.3 27.7231
1.35 29.5248
1.4 31.3415
1.45 33.1682
1.5 35
1.55 36.8318
1.6 38.6585
1.65 40.4752
1.7 42.2769
1.75 44.0587
1.8 45.8156
1.85 47.5429
1.9 49.2358
1.95 50.8897
2 52.5
2.05 54.0624
2.1 55.5725
2.15 57.0262
2.2 58.4196
2.25 59.7487
2.3 61.0101
2.35 62.2001
2.4 63.3156
2.45 64.3535
2.5 65.3109
2.55 66.1852
2.6 66.9741
2.65 67.6753
2.7 68.287
2.75 68.8074
2.8 69.2352
2.85 69.5691
2.9 69.8083
2.95 69.952
3 70
3.05 69.9383
3.1 69.7538
3.15 69.4474
3.2 69.0211
3.25 68.4776
3.3 67.8201
3.35 67.0528
3.4 66.1803
3.45 65.2081
3.5 64.1421
3.55 62.989
3.6 61.7557
3.65 60.45
3.7 59.0798
3.75 57.6537
3.8 56.1803
3.85 54.6689
3.9 53.1287
3.95 51.5692
4 50
4.05 48.4308
4.1 46.8713
4.15 45.3311
4.2 43.8197
4.25 42.3463
4.3 40.9202
4.35 39.55
4.4 38.2443
4.45 37.011
4.5 35.8579
4.55 34.7919
4.6 33.8197
4.65 32.9472
4.7 32.1799
4.75 31.5224
4.8 30.9789
4.85 30.5526
4.9 30.2462
4.95 30.0617
5 30
5.05 30.0385
5.1 30.1539
5.15 30.3454
5.2 30.6118
5.25 30.9515
5.3 31.3624
5.35 31.842
5.4 32.3873
5.45 32.9949
5.5 33.6612
5.55 34.3819
5.6 35.1527
5.65 35.9688
5.7 36.8251
5.75 37.7165
5.8 38.6373
5.85 39.5819
5.9 40.5446
5.95 41.5193
6 42.5
6.05 43.4807
6.1 44.4554
6.15 45.4181
6.2 46.3627
6.25 47.2835
6.3 48.1749
6.35 49.0312
6.4 49.8473
6.45 50.6181
6.5 51.3388
6.55 52.0051
6.6 52.6127
6.65 53.158
6.7 53.6376
6.75 54.0485
6.8 54.3882
6.85 54.6546
6.9 54.8461
6.95 54.9615
7 55
7.05 54.9349
7.1 54.7398
7.15 54.4152
7.2 53.962
7.25 53.3815
7.3 52.6752
7.35 51.8451
7.4 50.8934
7.45 49.8228
7.5 48.6362
7.55 47.3369
7.6 45.9283
7.65 44.4144
7.7 42.7994
7.75 41.0876
7.8 39.2837
7.85 37.3927
7.9 35.4198
7.95 33.3704
8 31.25
8.05 29.0645
8.1 26.82
8.15 24.5225
8.2 22.1783
8.25 19.7939
8.3 17.3758
8.35 14.9306
8.4 12.4651
8.45 9.98596
8.5 7.5
8.55 5.01404
8.6 2.5349
8.65 0.0693629
8.7 -2.37581
8.75 -4.7939
8.8 -7.17831
8.85 -9.52248
8.9 -11.82
8.95 -14.0645
9 -16.25
9.05 -18.3704
9.1 -20.4198
9.15 -22.3927
9.2 -24.2837
9.25 -26.0876
9.3 -27.7994
9.35 -29.4144
9.4 -30.9283
9.45 -32.3369
9.5 -33.6362
9.55 -34.8228
9.6 -35.8934
9.65 -36.8451
9.7 -37.6752
9.75 -38.3815
9.8 -38.962
9.85 -39.4152
9.9 -39.7398
9.95 -39.9349
10 -40
