t_us dC exp
0 1 1
1.56174 0.990135 0.99005
3.12348 0.980366 0.980199
4.68521 0.970693 0.970446
6.24695 0.961114 0.960789
7.80869 0.951629 0.951229
9.37043 0.942237 0.941765
10.9322 0.932937 0.932394
12.4939 0.923728 0.923116
14.0556 0.914609 0.913931
15.6174 0.90558 0.904837
17.1791 0.896639 0.895834
18.7409 0.887785 0.88692
20.3026 0.879019 0.878095
21.8643 0.870338 0.869358
23.4261 0.861742 0.860708
24.9878 0.853231 0.852144
26.5495 0.844803 0.843665
28.1113 0.836457 0.83527
29.673 0.828194 0.826959
31.2348 0.820011 0.818731
32.7965 0.811909 0.810584
34.3582 0.803886 0.802519
35.92 0.795942 0.794534
37.4817 0.788077 0.786628
39.0434 0.780288 0.778801
40.6052 0.772575 0.771052
42.1669 0.764939 0.763379
43.7287 0.757377 0.755784
45.2904 0.74989 0.748264
46.8521 0.742476 0.740818
48.4139 0.735135 0.733447
49.9756 0.727866 0.726149
51.5373 0.720669 0.718924
53.0991 0.713542 0.71177
54.6608 0.706485 0.704688
56.2226 0.699498 0.697676
57.7843 0.69258 0.690734
59.346 0.685729 0.683861
60.9078 0.678946 0.677057
62.4695 0.672229 0.67032
64.0312 0.665579 0.66365
65.593 0.658994 0.657047
67.1547 0.652474 0.650509
68.7165 0.646018 0.644036
70.2782 0.639625 0.637628
71.8399 0.633295 0.631284
73.4017 0.627028 0.625002
74.9634 0.620822 0.618783
76.5251 0.614678 0.612626
78.0869 0.608594 0.606531
79.6486 0.602569 0.600496
81.2104 0.596605 0.594521
82.7721 0.590699 0.588605
84.3338 0.584851 0.582748
85.8956 0.57906 0.57695
87.4573 0.573327 0.571209
89.019 0.56765 0.565525
90.5808 0.562029 0.559898
92.1425 0.556464 0.554327
93.7043 0.550953 0.548812
95.266 0.545497 0.543351
96.8277 0.540094 0.537944
98.3895 0.534745 0.532592
99.9512 0.529449 0.527292
101.513 0.524204 0.522046
103.075 0.519012 0.516851
104.636 0.51387 0.511709
106.198 0.50878 0.506617
107.76 0.503739 0.501576
109.322 0.498748 0.496585
110.883 0.493807 0.491644
112.445 0.488914 0.486752
114.007 0.48407 0.481909
115.569 0.479273 0.477114
117.13 0.474524 0.472367
118.692 0.469821 0.467666
120.254 0.465165 0.463013
121.816 0.460555 0.458406
123.377 0.45599 0.453845
124.939 0.451471 0.449329
126.501 0.446996 0.444858
128.062 0.442565 0.440432
129.624 0.438178 0.436049
131.186 0.433834 0.431711
132.748 0.429534 0.427415
134.309 0.425275 0.423162
135.871 0.421059 0.418952
137.433 0.416885 0.414783
138.995 0.412751 0.410656
140.556 0.408659 0.40657
142.118 0.404607 0.402524
143.68 0.400595 0.398519
145.242 0.396622 0.394554
146.803 0.392689 0.390628
148.365 0.388795 0.386741
149.927 0.384939 0.382893
151.489 0.381122 0.379083
153.05 0.377342 0.375311
154.612 0.373599 0.371577
156.174 0.369894 0.367879
157.735 0.366225 0.364219
159.297 0.362592 0.360595
160.859 0.358996 0.357007
162.421 0.355434 0.353455
163.982 0.351909 0.349938
165.544 0.348417 0.346456
167.106 0.344961 0.343009
168.668 0.341539 0.339596
170.229 0.33815 0.336216
171.791 0.334795 0.332871
173.353 0.331473 0.329559
174.915 0.328185 0.32628
176.476 0.324928 0.323033
178.038 0.321704 0.319819
179.6 0.318512 0.316637
181.162 0.315351 0.313486
182.723 0.312222 0.310367
184.285 0.309124 0.307279
185.847 0.306056 0.304221
187.409 0.303018 0.301194
188.97 0.300011 0.298197
190.532 0.297034 0.29523
192.094 0.294086 0.292293
193.655 0.291167 0.289384
195.217 0.288277 0.286505
196.779 0.285415 0.283654
198.341 0.282582 0.280832
199.902 0.279777 0.278037
201.464 0.277 0.275271
203.026 0.274251 0.272532
204.588 0.271528 0.26982
206.149 0.268833 0.267135
207.711 0.266164 0.264477
209.273 0.263521 0.261846
210.835 0.260905 0.25924
212.396 0.258315 0.256661
213.958 0.25575 0.254107
215.52 0.253211 0.251579
217.082 0.250697 0.249075
218.643 0.248208 0.246597
220.205 0.245743 0.244143
221.767 0.243303 0.241714
223.328 0.240888 0.239309
224.89 0.238496 0.236928
226.452 0.236127 0.23457
228.014 0.233783 0.232236
229.575 0.231461 0.229925
231.137 0.229163 0.227638
232.699 0.226887 0.225373
234.261 0.224634 0.22313
235.822 0.222403 0.22091
237.384 0.220194 0.218712
238.946 0.218007 0.216536
240.508 0.215842 0.214381
242.069 0.213698 0.212248
243.631 0.211576 0.210136
245.193 0.209474 0.208045
246.755 0.207394 0.205975
248.316 0.205334 0.203926
249.878 0.203294 0.201897
251.44 0.201275 0.199888
253.001 0.199276 0.197899
254.563 0.197296 0.19593
256.125 0.195336 0.19398
257.687 0.193396 0.19205
259.248 0.191475 0.190139
260.81 0.189573 0.188247
262.372 0.18769 0.186374
263.934 0.185825 0.18452
265.495 0.183979 0.182684
267.057 0.182151 0.180866
268.619 0.180342 0.179066
270.181 0.17855 0.177284
271.742 0.176776 0.17552
273.304 0.17502 0.173774
274.866 0.173281 0.172045
276.428 0.171559 0.170333
277.989 0.169855 0.168638
279.551 0.168167 0.16696
281.113 0.166496 0.165299
282.675 0.164842 0.163654
284.236 0.163204 0.162026
285.798 0.161582 0.160414
287.36 0.159977 0.158817
288.921 0.158387 0.157237
290.483 0.156813 0.155673
292.045 0.155255 0.154124
293.607 0.153712 0.15259
295.168 0.152185 0.151072
296.73 0.150673 0.149569
298.292 0.149175 0.14808
299.854 0.147693 0.146607
301.415 0.146225 0.145148
302.977 0.144772 0.143704
304.539 0.143333 0.142274
306.101 0.141909 0.140858
307.662 0.140498 0.139457
309.224 0.139102 0.138069
310.786 0.13772 0.136695
312.348 0.136351 0.135335
313.909 0.134996 0.133989
315.471 0.133654 0.132655
317.033 0.132326 0.131336
318.594 0.131011 0.130029
320.156 0.129708 0.128735
321.718 0.128419 0.127454
323.28 0.127143 0.126186
324.841 0.125879 0.12493
326.403 0.124628 0.123687
327.965 0.123389 0.122456
329.527 0.122163 0.121238
331.088 0.120949 0.120032
332.65 0.119746 0.118837
334.212 0.118556 0.117655
335.774 0.117378 0.116484
337.335 0.116211 0.115325
338.897 0.115056 0.114178
340.459 0.113912 0.113042
342.021 0.11278 0.111917
343.582 0.111659 0.110803
345.144 0.110549 0.109701
346.706 0.10945 0.108609
348.267 0.108362 0.107528
349.829 0.107284 0.106459
351.391 0.106218 0.105399
352.953 0.105162 0.10435
354.514 0.104116 0.103312
356.076 0.103081 0.102284
357.638 0.102057 0.101266
359.2 0.101042 0.100259
360.761 0.100038 0.0992613
362.323 0.099043 0.0982736
363.885 0.0980583 0.0972957
365.447 0.0970834 0.0963276
367.008 0.0961182 0.0953692
368.57 0.0951626 0.0944202
370.132 0.0942165 0.0934807
371.694 0.0932798 0.0925506
373.255 0.0923524 0.0916297
374.817 0.0914342 0.090718
376.379 0.0905251 0.0898153
377.941 0.0896251 0.0889216
379.502 0.088734 0.0880368
381.064 0.0878517 0.0871609
382.626 0.0869782 0.0862936
384.187 0.0861134 0.085435
385.749 0.0852572 0.0845849
387.311 0.0844095 0.0837432
388.873 0.0835702 0.08291
390.434 0.0827393 0.082085
391.996 0.0819166 0.0812682
393.558 0.0811021 0.0804596
395.12 0.0802957 0.079659
396.681 0.0794973 0.0788664
398.243 0.0787068 0.0780817
399.805 0.0779242 0.0773047
401.367 0.0771493 0.0765355
402.928 0.0763822 0.075774
404.49 0.0756227 0.07502
406.052 0.0748707 0.0742736
407.614 0.0741262 0.0735345
409.175 0.0733891 0.0728029
410.737 0.0726593 0.0720785
412.299 0.0719368 0.0713613
413.86 0.0712214 0.0706512
415.422 0.0705132 0.0699482
416.984 0.069812 0.0692522
418.546 0.0691178 0.0685632
420.107 0.0684304 0.0678809
421.669 0.06775 0.0672055
423.231 0.0670762 0.0665368
424.793 0.0664092 0.0658748
426.354 0.0657488 0.0652193
427.916 0.0650949 0.0645703
429.478 0.0644476 0.0639279
431.04 0.0638067 0.0632918
432.601 0.0631721 0.062662
434.163 0.0625439 0.0620385
435.725 0.0619219 0.0614212
437.287 0.0613061 0.0608101
438.848 0.0606964 0.060205
440.41 0.0600928 0.0596059
441.972 0.0594952 0.0590129
443.533 0.0589035 0.0584257
445.095 0.0583177 0.0578443
446.657 0.0577377 0.0572688
448.219 0.0571635 0.0566989
449.78 0.056595 0.0561348
451.342 0.0560321 0.0555762
452.904 0.0554748 0.0550232
454.466 0.0549231 0.0544757
456.027 0.0543769 0.0539337
457.589 0.0538361 0.053397
459.151 0.0533006 0.0528657
460.713 0.0527705 0.0523397
462.274 0.0522457 0.0518189
463.836 0.0517261 0.0513033
465.398 0.0512116 0.0507928
466.96 0.0507023 0.0502874
468.521 0.050198 0.0497871
470.083 0.0496987 0.0492917
471.645 0.0492044 0.0488012
473.206 0.048715 0.0483156
474.768 0.0482305 0.0478349
476.33 0.0477508 0.0473589
477.892 0.0472759 0.0468877
479.453 0.0468057 0.0464212
481.015 0.0463401 0.0459593
482.577 0.0458792 0.045502
484.139 0.0454229 0.0450492
485.7 0.0449711 0.044601
487.262 0.0445238 0.0441572
488.824 0.044081 0.0437178
490.386 0.0436425 0.0432828
491.947 0.0432084 0.0428521
493.509 0.0427786 0.0424257
495.071 0.0423531 0.0420036
496.633 0.0419319 0.0415857
498.194 0.0415148 0.0411719
499.756 0.0411019 0.0407622
501.318 0.040693 0.0403566
502.88 0.0402883 0.0399551
504.441 0.0398875 0.0395575
506.003 0.0394908 0.0391639
507.565 0.039098 0.0387742
509.126 0.0387091 0.0383884
510.688 0.038324 0.0380064
512.25 0.0379428 0.0376283
513.812 0.0375654 0.0372538
515.373 0.0371918 0.0368832
516.935 0.0368218 0.0365162
518.497 0.0364555 0.0361528
520.059 0.0360929 0.0357931
521.62 0.0357339 0.035437
523.182 0.0353784 0.0350844
524.744 0.0350265 0.0347353
526.306 0.0346781 0.0343896
527.867 0.0343332 0.0340475
529.429 0.0339916 0.0337087
530.991 0.0336535 0.0333733
532.553 0.0333188 0.0330412
534.114 0.0329873 0.0327124
535.676 0.0326592 0.0323869
537.238 0.0323343 0.0320647
538.799 0.0320127 0.0317456
540.361 0.0316942 0.0314298
541.923 0.0313789 0.031117
543.485 0.0310668 0.0308074
545.046 0.0307578 0.0305009
546.608 0.0304518 0.0301974
548.17 0.0301489 0.0298969
549.732 0.029849 0.0295994
551.293 0.029552 0.0293049
552.855 0.0292581 0.0290133
554.417 0.028967 0.0287246
555.979 0.0286789 0.0284388
557.54 0.0283936 0.0281559
559.102 0.0281111 0.0278757
560.664 0.0278315 0.0275983
562.226 0.0275546 0.0273237
563.787 0.0272805 0.0270518
565.349 0.0270091 0.0267827
566.911 0.0267404 0.0265162
568.472 0.0264744 0.0262523
570.034 0.0262111 0.0259911
571.596 0.0259503 0.0257325
573.158 0.0256922 0.0254765
574.719 0.0254366 0.025223
576.281 0.0251835 0.024972
577.843 0.024933 0.0247235
579.405 0.024685 0.0244775
580.966 0.0244394 0.024234
582.528 0.0241963 0.0239928
584.09 0.0239556 0.0237541
585.652 0.0237173 0.0235177
587.213 0.0234813 0.0232837
588.775 0.0232477 0.0230521
590.337 0.0230165 0.0228227
591.899 0.0227875 0.0225956
593.46 0.0225608 0.0223708
595.022 0.0223363 0.0221482
596.584 0.0221141 0.0219278
598.146 0.0218941 0.0217096
599.707 0.0216763 0.0214936
601.269 0.0214607 0.0212797
602.831 0.0212472 0.021068
604.392 0.0210358 0.0208584
605.954 0.0208265 0.0206508
607.516 0.0206193 0.0204453
609.078 0.0204142 0.0202419
610.639 0.0202111 0.0200405
612.201 0.0200101 0.0198411
613.763 0.019811 0.0196437
615.325 0.0196139 0.0194482
616.886 0.0194188 0.0192547
618.448 0.0192256 0.0190631
620.01 0.0190343 0.0188734
621.572 0.018845 0.0186856
623.133 0.0186575 0.0184997
624.695 0.0184719 0.0183156
626.257 0.0182881 0.0181334
627.819 0.0181061 0.017953
629.38 0.017926 0.0177743
630.942 0.0177477 0.0175975
632.504 0.0175711 0.0174224
634.065 0.0173963 0.017249
635.627 0.0172232 0.0170774
637.189 0.0170519 0.0169075
638.751 0.0168822 0.0167392
640.312 0.0167143 0.0165727
641.874 0.016548 0.0164078
643.436 0.0163834 0.0162445
644.998 0.0162204 0.0160829
646.559 0.016059 0.0159229
648.121 0.0158992 0.0157644
649.683 0.0157411 0.0156076
651.245 0.0155844 0.0154523
652.806 0.0154294 0.0152985
654.368 0.0152759 0.0151463
655.93 0.0151239 0.0149956
657.492 0.0149734 0.0148464
659.053 0.0148245 0.0146986
660.615 0.014677 0.0145524
662.177 0.014531 0.0144076
663.738 0.0143864 0.0142642
665.3 0.0142433 0.0141223
666.862 0.0141016 0.0139818
668.424 0.0139613 0.0138427
669.985 0.0138224 0.0137049
671.547 0.0136849 0.0135686
673.109 0.0135487 0.0134335
674.671 0.0134139 0.0132999
676.232 0.0132805 0.0131675
677.794 0.0131483 0.0130365
679.356 0.0130175 0.0129068
680.918 0.012888 0.0127784
682.479 0.0127598 0.0126512
684.041 0.0126328 0.0125254
685.603 0.0125071 0.0124007
687.165 0.0123827 0.0122773
688.726 0.0122595 0.0121552
690.288 0.0121375 0.0120342
691.85 0.0120168 0.0119145
693.412 0.0118972 0.0117959
694.973 0.0117789 0.0116786
696.535 0.0116617 0.0115624
698.097 0.0115456 0.0114473
699.658 0.0114308 0.0113334
701.22 0.011317 0.0112206
702.782 0.0112045 0.011109
704.344 0.011093 0.0109985
705.905 0.0109826 0.010889
707.467 0.0108733 0.0107807
709.029 0.0107652 0.0106734
710.591 0.0106581 0.0105672
712.152 0.010552 0.0104621
713.714 0.010447 0.010358
715.276 0.0103431 0.0102549
716.838 0.0102402 0.0101529
718.399 0.0101383 0.0100518
719.961 0.0100374 0.00995182
721.523 0.00993756 0.0098528
723.085 0.00983869 0.00975476
724.646 0.0097408 0.0096577
726.208 0.00964389 0.0095616
727.77 0.00954794 0.00946646
729.331 0.00945294 0.00937227
730.893 0.00935889 0.00927901
732.455 0.00926578 0.00918669
734.017 0.00917359 0.00909528
735.578 0.00908232 0.00900478
737.14 0.00899195 0.00891518
738.702 0.00890249 0.00882647
740.264 0.00881391 0.00873865
741.825 0.00872622 0.0086517
743.387 0.0086394 0.00856561
744.949 0.00855344 0.00848038
746.511 0.00846834 0.008396
748.072 0.00838409 0.00831246
749.634 0.00830067 0.00822975
751.196 0.00821808 0.00814786
752.758 0.00813632 0.00806679
754.319 0.00805536 0.00798652
755.881 0.00797522 0.00790705
757.443 0.00789587 0.00782838
759.004 0.00781731 0.00775048
760.566 0.00773953 0.00767337
762.128 0.00766253 0.00759701
763.69 0.00758629 0.00752142
765.251 0.00751081 0.00744658
766.813 0.00743608 0.00737249
768.375 0.00736209 0.00729913
769.937 0.00728884 0.0072265
771.498 0.00721632 0.0071546
773.06 0.00714452 0.00708341
774.622 0.00707344 0.00701293
776.184 0.00700306 0.00694315
777.745 0.00693338 0.00687406
779.307 0.0068644 0.00680566
780.869 0.0067961 0.00673795
