x v
0 0
0.005 17.013
0.01 24.9066
0.015 29.5273
0.02 32.6048
0.025 34.8331
0.03 36.5449
0.035 37.9196
0.04 39.0625
0.045 40.0394
0.05 40.8936
0.055 41.6548
0.06 42.3441
0.065 42.9767
0.07 43.5639
0.075 44.1146
0.08 44.6355
0.085 45.1317
0.09 45.6077
0.095 46.0667
0.1 46.5116
0.105 46.9448
0.11 47.368
0.115 47.7831
0.12 48.1913
0.125 48.5939
0.13 48.9919
0.135 49.3861
0.14 49.7775
0.145 50.1665
0.15 50.5539
0.155 50.9402
0.16 51.3259
0.165 51.7115
0.17 52.0972
0.175 52.4836
0.18 52.8709
0.185 53.2595
0.19 53.6496
0.195 54.0415
0.2 54.4355
0.205 54.8318
0.21 55.2306
0.215 55.6322
0.22 56.0367
0.225 56.4444
0.23 56.8554
0.235 57.2699
0.24 57.6882
0.245 58.1104
0.25 58.5366
0.255 58.967
0.26 59.4019
0.265 59.8414
0.27 60.2856
0.275 60.7346
0.28 61.1888
0.285 61.6482
0.29 62.113
0.295 62.5834
0.3 63.0596
0.305 63.5416
0.31 64.0297
0.315 64.5241
0.32 65.025
0.325 65.5325
0.33 66.0467
0.335 66.568
0.34 67.0964
0.345 67.6323
0.35 68.1757
0.355 68.7269
0.36 69.286
0.365 69.8534
0.37 70.4292
0.375 71.0137
0.38 71.607
0.385 72.2095
0.39 72.8213
0.395 73.4428
0.4 74.0741
0.405 74.7155
0.41 75.3674
0.415 76.03
0.42 76.7035
0.425 77.3884
0.43 78.0848
0.435 78.7932
0.44 79.5138
0.445 80.2471
0.45 80.9933
0.455 81.7528
0.46 82.526
0.465 83.3134
0.47 84.1152
0.475 84.932
0.48 85.7642
0.485 86.6122
0.49 87.4766
0.495 88.3577
0.5 89.2562
0.505 90.1725
0.51 91.1073
0.515 92.061
0.52 93.0344
0.525 94.0279
0.53 95.0423
0.535 96.0783
0.54 97.1365
0.545 98.2178
0.55 99.3228
0.555 100.452
0.56 101.607
0.565 102.789
0.57 103.997
0.575 105.234
0.58 106.5
0.585 107.796
0.59 109.124
0.595 110.484
0.6 111.878
0.605 113.308
0.61 114.773
0.615 116.277
0.62 117.819
0.625 119.403
0.63 121.029
0.635 122.7
0.64 124.417
0.645 126.182
0.65 127.997
0.655 129.865
0.66 131.787
0.665 133.767
0.67 135.806
0.675 137.908
0.68 140.076
0.685 142.312
0.69 144.62
0.695 147.003
0.7 149.466
0.705 152.012
0.71 154.646
0.715 157.372
0.72 160.195
0.725 163.121
0.73 166.155
0.735 169.303
0.74 172.572
0.745 175.969
0.75 179.501
0.755 183.178
0.76 187.008
0.765 191
0.77 195.166
0.775 199.517
0.78 204.066
0.785 208.826
0.79 213.812
0.795 219.042
0.8 224.532
0.805 230.304
0.81 236.38
0.815 242.784
0.82 249.544
0.825 256.689
0.83 264.255
0.835 272.279
0.84 280.804
0.845 289.879
0.85 299.559
0.855 309.907
0.86 320.993
0.865 332.9
0.87 345.723
0.875 359.572
0.88 374.574
0.885 390.881
0.89 408.67
0.895 428.153
0.9 449.584
