M k low high
1e-10 9.999e-08 1e-07 0.001
1.12202e-10 1.12189e-07 1.12202e-07 0.001
1.25893e-10 1.25877e-07 1.25893e-07 0.001
1.41254e-10 1.41234e-07 1.41254e-07 0.001
1.58489e-10 1.58464e-07 1.58489e-07 0.001
1.77828e-10 1.77796e-07 1.77828e-07 0.001
1.99526e-10 1.99486e-07 1.99526e-07 0.001
2.23872e-10 2.23822e-07 2.23872e-07 0.001
2.51189e-10 2.51126e-07 2.51189e-07 0.001
2.81838e-10 2.81759e-07 2.81838e-07 0.001
3.16228e-10 3.16128e-07 3.16228e-07 0.001
3.54813e-10 3.54688e-07 3.54813e-07 0.001
3.98107e-10 3.97949e-07 3.98107e-07 0.001
4.46684e-10 4.46484e-07 4.46684e-07 0.001
5.01187e-10 5.00936e-07 5.01187e-07 0.001
5.62341e-10 5.62025e-07 5.62341e-07 0.001
6.30957e-10 6.30559e-07 6.30957e-07 0.001
7.07946e-10 7.07445e-07 7.07946e-07 0.001
7.94328e-10 7.93698e-07 7.94328e-07 0.001
8.91251e-10 8.90457e-07 8.91251e-07 0.001
1e-09 9.99001e-07 1e-06 0.001
1.12202e-09 1.12076e-06 1.12202e-06 0.001
1.25893e-09 1.25734e-06 1.25893e-06 0.001
1.41254e-09 1.41055e-06 1.41254e-06 0.001
1.58489e-09 1.58239e-06 1.58489e-06 0.001
1.77828e-09 1.77512e-06 1.77828e-06 0.001
1.99526e-09 1.99129e-06 1.99526e-06 0.001
2.23872e-09 2.23372e-06 2.23872e-06 0.001
2.51189e-09 2.50559e-06 2.51189e-06 0.001
2.81838e-09 2.81046e-06 2.81838e-06 0.001
3.16228e-09 3.15231e-06 3.16228e-06 0.001
3.54813e-09 3.53559e-06 3.54813e-06 0.001
3.98107e-09 3.96529e-06 3.98107e-06 0.001
4.46684e-09 4.44697e-06 4.46684e-06 0.001
5.01187e-09 4.98688e-06 5.01187e-06 0.001
5.62341e-09 5.59197e-06 5.62341e-06 0.001
6.30957e-09 6.27001e-06 6.30957e-06 0.001
7.07946e-09 7.02969e-06 7.07946e-06 0.001
7.94328e-09 7.88068e-06 7.94328e-06 0.001
8.91251e-09 8.83378e-06 8.91251e-06 0.001
1e-08 9.90099e-06 1e-05 0.001
1.12202e-08 1.10957e-05 1.12202e-05 0.001
1.25893e-08 1.24327e-05 1.25893e-05 0.001
1.41254e-08 1.39286e-05 1.41254e-05 0.001
1.58489e-08 1.56017e-05 1.58489e-05 0.001
1.77828e-08 1.74721e-05 1.77828e-05 0.001
1.99526e-08 1.95623e-05 1.99526e-05 0.001
2.23872e-08 2.1897e-05 2.23872e-05 0.001
2.51189e-08 2.45034e-05 2.51189e-05 0.001
2.81838e-08 2.74113e-05 2.81838e-05 0.001
3.16228e-08 3.06534e-05 3.16228e-05 0.001
3.54813e-08 3.42656e-05 3.54813e-05 0.001
3.98107e-08 3.82865e-05 3.98107e-05 0.001
4.46684e-08 4.27584e-05 4.46684e-05 0.001
5.01187e-08 4.77267e-05 5.01187e-05 0.001
5.62341e-08 5.32402e-05 5.62341e-05 0.001
6.30957e-08 5.93509e-05 6.30957e-05 0.001
7.07946e-08 6.61141e-05 7.07946e-05 0.001
7.94328e-08 7.35876e-05 7.94328e-05 0.001
8.91251e-08 8.18318e-05 8.91251e-05 0.001
1e-07 9.09091e-05 0.0001 0.001
1.12202e-07 0.000100883 0.000112202 0.001
1.25893e-07 0.000111816 0.000125893 0.001
1.41254e-07 0.000123771 0.000141254 0.001
1.58489e-07 0.000136807 0.000158489 0.001
1.77828e-07 0.00015098 0.000177828 0.001
1.99526e-07 0.000166338 0.000199526 0.001
2.23872e-07 0.000182921 0.000223872 0.001
2.51189e-07 0.00020076 0.000251189 0.001
2.81838e-07 0.00021987 0.000281838 0.001
3.16228e-07 0.000240253 0.000316228 0.001
3.54813e-07 0.000261891 0.000354813 0.001
3.98107e-07 0.000284747 0.000398107 0.001
4.46684e-07 0.000308764 0.000446684 0.001
5.01187e-07 0.000333861 0.000501187 0.001
5.62341e-07 0.000359935 0.000562341 0.001
6.30957e-07 0.000386863 0.000630957 0.001
7.07946e-07 0.000414501 0.000707946 0.001
7.94328e-07 0.000442688 0.000794328 0.001
8.91251e-07 0.000471249 0.000891251 0.001
1e-06 0.0005 0.001 0.001
1.12202e-06 0.000528751 0.00112202 0.001
1.25893e-06 0.000557312 0.00125893 0.001
1.41254e-06 0.000585499 0.00141254 0.001
1.58489e-06 0.000613137 0.00158489 0.001
1.77828e-06 0.000640065 0.00177828 0.001
1.99526e-06 0.000666139 0.00199526 0.001
2.23872e-06 0.000691236 0.00223872 0.001
2.51189e-06 0.000715253 0.00251189 0.001
2.81838e-06 0.000738109 0.00281838 0.001
3.16228e-06 0.000759747 0.00316228 0.001
3.54813e-06 0.00078013 0.00354813 0.001
3.98107e-06 0.00079924 0.00398107 0.001
4.46684e-06 0.000817079 0.00446684 0.001
5.01187e-06 0.000833662 0.00501187 0.001
5.62341e-06 0.00084902 0.00562341 0.001
6.30957e-06 0.000863193 0.00630957 0.001
7.07946e-06 0.000876229 0.00707946 0.001
7.94328e-06 0.000888184 0.00794328 0.001
8.91251e-06 0.000899117 0.00891251 0.001
1e-05 0.000909091 0.01 0.001
1.12202e-05 0.000918168 0.0112202 0.001
1.25893e-05 0.000926412 0.0125893 0.001
1.41254e-05 0.000933886 0.0141254 0.001
1.58489e-05 0.000940649 0.0158489 0.001
1.77828e-05 0.00094676 0.0177828 0.001
1.99526e-05 0.000952273 0.0199526 0.001
2.23872e-05 0.000957242 0.0223872 0.001
2.51189e-05 0.000961713 0.0251189 0.001
2.81838e-05 0.000965734 0.0281838 0.001
3.16228e-05 0.000969347 0.0316228 0.001
3.54813e-05 0.000972589 0.0354813 0.001
3.98107e-05 0.000975497 0.0398107 0.001
4.46684e-05 0.000978103 0.0446684 0.001
5.01187e-05 0.000980438 0.0501187 0.001
5.62341e-05 0.000982528 0.0562341 0.001
6.30957e-05 0.000984398 0.0630957 0.001
7.07946e-05 0.000986071 0.0707946 0.001
7.94328e-05 0.000987567 0.0794328 0.001
8.91251e-05 0.000988904 0.0891251 0.001
0.0001 0.000990099 0.1 0.001
0.000112202 0.000991166 0.112202 0.001
0.000125893 0.000992119 0.125893 0.001
0.000141254 0.00099297 0.141254 0.001
0.000158489 0.00099373 0.158489 0.001
0.000177828 0.000994408 0.177828 0.001
0.000199526 0.000995013 0.199526 0.001
0.000223872 0.000995553 0.223872 0.001
0.000251189 0.000996035 0.251189 0.001
0.000281838 0.000996464 0.281838 0.001
0.000316228 0.000996848 0.316228 0.001
0.000354813 0.00099719 0.354813 0.001
0.000398107 0.000997494 0.398107 0.001
0.000446684 0.000997766 0.446684 0.001
0.000501187 0.000998009 0.501187 0.001
0.000562341 0.000998225 0.562341 0.001
0.000630957 0.000998418 0.630957 0.001
0.000707946 0.000998589 0.707946 0.001
0.000794328 0.000998743 0.794328 0.001
0.000891251 0.000998879 0.891251 0.001
0.001 0.000999001 1 0.001
0.00112202 0.00099911 1.12202 0.001
0.00125893 0.000999206 1.25893 0.001
0.00141254 0.000999293 1.41254 0.001
0.00158489 0.000999369 1.58489 0.001
0.00177828 0.000999438 1.77828 0.001
0.00199526 0.000999499 1.99526 0.001
0.00223872 0.000999554 2.23872 0.001
0.00251189 0.000999602 2.51189 0.001
0.00281838 0.000999645 2.81838 0.001
0.00316228 0.000999684 3.16228 0.001
0.00354813 0.000999718 3.54813 0.001
0.00398107 0.000999749 3.98107 0.001
0.00446684 0.000999776 4.46684 0.001
0.00501187 0.000999801 5.01187 0.001
0.00562341 0.000999822 5.62341 0.001
0.00630957 0.000999842 6.30957 0.001
0.00707946 0.000999859 7.07946 0.001
0.00794328 0.000999874 7.94328 0.001
0.00891251 0.000999888 8.91251 0.001
0.01 0.0009999 10 0.001
