invT chi
100 0.437673
83.3333 0.364727
71.4286 0.312623
62.5 0.273545
55.5556 0.243152
50 0.218836
45.4545 0.198942
41.6667 0.182364
38.4615 0.168336
35.7143 0.156312
33.3333 0.145891
31.25 0.136773
29.4118 0.128727
27.7778 0.121576
26.3158 0.115177
25 0.109418
23.8095 0.104208
22.7273 0.0994711
21.7391 0.0951463
20.8333 0.0911818
20 0.0875346
19.2308 0.0841678
18.5185 0.0810505
17.8571 0.0781559
17.2414 0.0754608
16.6667 0.0729455
16.129 0.0705924
15.625 0.0683864
15.1515 0.0663141
14.7059 0.0643636
14.2857 0.0625247
13.8889 0.0607879
13.5135 0.059145
13.1579 0.0575885
12.8205 0.0561119
12.5 0.0547091
12.1951 0.0533747
11.9048 0.0521039
11.6279 0.0508922
11.3636 0.0497355
11.1111 0.0486303
10.8696 0.0475731
10.6383 0.0465609
10.4167 0.0455909
10.2041 0.0446605
10 0.0437673
9.80392 0.0429091
9.61538 0.0420839
9.43396 0.0412899
9.25926 0.0405253
9.09091 0.0397884
8.92857 0.0390779
8.77193 0.0383923
8.62069 0.0377304
8.47458 0.0370909
8.33333 0.0364727
8.19672 0.0358748
8.06452 0.0352962
7.93651 0.0347359
7.8125 0.0341932
7.69231 0.0336671
7.57576 0.033157
7.46269 0.0326621
7.35294 0.0321818
7.24638 0.0317154
7.14286 0.0312623
7.04225 0.030822
6.94444 0.0303939
6.84932 0.0299776
6.75676 0.0295725
6.66667 0.0291782
6.57895 0.0287943
6.49351 0.0284203
6.41026 0.0280559
6.32911 0.0277008
6.25 0.0273545
6.17284 0.0270168
6.09756 0.0266874
6.0241 0.0263658
5.95238 0.026052
5.88235 0.0257455
5.81395 0.0254461
5.74713 0.0251536
5.68182 0.0248678
5.61798 0.0245884
5.55556 0.0243152
5.49451 0.024048
5.43478 0.0237866
5.37634 0.0235308
5.31915 0.0232805
5.26316 0.0230354
5.20833 0.0227955
5.15464 0.0225605
5.10204 0.0223302
5.05051 0.0221047
5 0.0218836
4.9505 0.021667
4.90196 0.0214545
4.85437 0.0212463
4.80769 0.021042
4.7619 0.0208416
4.71698 0.0206449
4.6729 0.020452
4.62963 0.0202626
4.58716 0.0200767
4.54545 0.0198942
4.5045 0.019715
4.46429 0.019539
4.42478 0.0193661
4.38596 0.0191962
4.34783 0.0190293
4.31034 0.0188652
4.2735 0.018704
4.23729 0.0185455
4.20168 0.0183896
4.16667 0.0182364
4.13223 0.0180857
4.09836 0.0179374
4.06504 0.0177916
4.03226 0.0176481
4 0.0175069
3.96825 0.017368
3.93701 0.0172312
3.90625 0.0170966
3.87597 0.0169641
3.84615 0.0168336
3.81679 0.0167051
3.78788 0.0165785
3.7594 0.0164539
3.73134 0.0163311
3.7037 0.0162101
3.67647 0.0160909
3.64964 0.0159735
3.62319 0.0158577
3.59712 0.0157436
3.57143 0.0156312
3.5461 0.0155203
3.52113 0.015411
3.4965 0.0153032
3.47222 0.015197
3.44828 0.0150922
3.42466 0.0149888
3.40136 0.0148868
3.37838 0.0147862
3.3557 0.014687
3.33333 0.0145891
3.31126 0.0144925
3.28947 0.0143971
3.26797 0.014303
3.24675 0.0142102
3.22581 0.0141185
3.20513 0.014028
3.18471 0.0139386
3.16456 0.0138504
3.14465 0.0137633
3.125 0.0136773
3.10559 0.0135923
3.08642 0.0135084
3.06748 0.0134255
3.04878 0.0133437
3.0303 0.0132628
3.01205 0.0131829
2.99401 0.013104
2.97619 0.013026
2.95858 0.0129489
2.94118 0.0128727
2.92398 0.0127974
2.90698 0.012723
2.89017 0.0126495
2.87356 0.0125768
2.85714 0.0125049
2.84091 0.0124339
2.82486 0.0123636
2.80899 0.0122942
2.7933 0.0122255
2.77778 0.0121576
2.76243 0.0120904
2.74725 0.012024
2.73224 0.0119583
2.71739 0.0118933
2.7027 0.011829
2.68817 0.0117654
2.6738 0.0117025
2.65957 0.0116402
2.6455 0.0115786
2.63158 0.0115177
2.6178 0.0114574
2.60417 0.0113977
2.59067 0.0113387
2.57732 0.0112802
2.5641 0.0112224
2.55102 0.0111651
2.53807 0.0111084
2.52525 0.0110523
2.51256 0.0109968
2.5 0.0109418
