V pH dpH
0 1 0
0.05 1.0022 0.0434
0.1 1.0043 0.0434
0.15 1.0065 0.0434
0.2 1.0087 0.0434
0.25 1.0109 0.0434
0.3 1.013 0.0434
0.35 1.0152 0.0434
0.4 1.0174 0.0434
0.45 1.0195 0.0435
0.5 1.0217 0.0435
0.55 1.0239 0.0435
0.6 1.0261 0.0435
0.65 1.0282 0.0435
0.7 1.0304 0.0435
0.75 1.0326 0.0435
0.8 1.0348 0.0435
0.85 1.0369 0.0435
0.9 1.0391 0.0435
0.95 1.0413 0.0435
1 1.0435 0.0435
1.05 1.0456 0.0435
1.1 1.0478 0.0436
1.15 1.05 0.0436
1.2 1.0522 0.0436
1.25 1.0544 0.0436
1.3 1.0565 0.0436
1.35 1.0587 0.0436
1.4 1.0609 0.0436
1.45 1.0631 0.0437
1.5 1.0653 0.0437
1.55 1.0675 0.0437
1.6 1.0696 0.0437
1.65 1.0718 0.0437
1.7 1.074 0.0437
1.75 1.0762 0.0438
1.8 1.0784 0.0438
1.85 1.0806 0.0438
1.9 1.0828 0.0438
1.95 1.085 0.0438
2 1.0872 0.0439
2.05 1.0893 0.0439
2.1 1.0915 0.0439
2.15 1.0937 0.0439
2.2 1.0959 0.044
2.25 1.0981 0.044
2.3 1.1003 0.044
2.35 1.1025 0.044
2.4 1.1047 0.0441
2.45 1.1069 0.0441
2.5 1.1091 0.0441
2.55 1.1114 0.0441
2.6 1.1136 0.0442
2.65 1.1158 0.0442
2.7 1.118 0.0442
2.75 1.1202 0.0443
2.8 1.1224 0.0443
2.85 1.1246 0.0443
2.9 1.1268 0.0444
2.95 1.1291 0.0444
3 1.1313 0.0444
3.05 1.1335 0.0445
3.1 1.1357 0.0445
3.15 1.138 0.0445
3.2 1.1402 0.0446
3.25 1.1424 0.0446
3.3 1.1446 0.0446
3.35 1.1469 0.0447
3.4 1.1491 0.0447
3.45 1.1513 0.0448
3.5 1.1536 0.0448
3.55 1.1558 0.0448
3.6 1.1581 0.0449
3.65 1.1603 0.0449
3.7 1.1626 0.045
3.75 1.1648 0.045
3.8 1.1671 0.0451
3.85 1.1693 0.0451
3.9 1.1716 0.0451
3.95 1.1738 0.0452
4 1.1761 0.0452
4.05 1.1784 0.0453
4.1 1.1806 0.0453
4.15 1.1829 0.0454
4.2 1.1852 0.0454
4.25 1.1874 0.0455
4.3 1.1897 0.0455
4.35 1.192 0.0456
4.4 1.1943 0.0456
4.45 1.1965 0.0457
4.5 1.1988 0.0457
4.55 1.2011 0.0458
4.6 1.2034 0.0459
4.65 1.2057 0.0459
4.7 1.208 0.046
4.75 1.2103 0.046
4.8 1.2126 0.0461
4.85 1.2149 0.0461
4.9 1.2172 0.0462
4.95 1.2195 0.0463
5 1.2218 0.0463
5.05 1.2242 0.0464
5.1 1.2265 0.0464
5.15 1.2288 0.0465
5.2 1.2311 0.0466
5.25 1.2335 0.0466
5.3 1.2358 0.0467
5.35 1.2381 0.0468
5.4 1.2405 0.0468
5.45 1.2428 0.0469
5.5 1.2452 0.047
5.55 1.2475 0.0471
5.6 1.2499 0.0471
5.65 1.2522 0.0472
5.7 1.2546 0.0473
5.75 1.257 0.0473
5.8 1.2593 0.0474
5.85 1.2617 0.0475
5.9 1.2641 0.0476
5.95 1.2665 0.0476
6 1.2688 0.0477
6.05 1.2712 0.0478
6.1 1.2736 0.0479
6.15 1.276 0.048
6.2 1.2784 0.048
6.25 1.2808 0.0481
6.3 1.2832 0.0482
6.35 1.2856 0.0483
6.4 1.2881 0.0484
6.45 1.2905 0.0485
6.5 1.2929 0.0486
6.55 1.2953 0.0486
6.6 1.2978 0.0487
6.65 1.3002 0.0488
6.7 1.3027 0.0489
6.75 1.3051 0.049
6.8 1.3076 0.0491
6.85 1.31 0.0492
6.9 1.3125 0.0493
6.95 1.3149 0.0494
7 1.3174 0.0495
7.05 1.3199 0.0496
7.1 1.3224 0.0497
7.15 1.3249 0.0498
7.2 1.3274 0.0499
7.25 1.3299 0.05
7.3 1.3324 0.0501
7.35 1.3349 0.0502
7.4 1.3374 0.0503
7.45 1.3399 0.0504
7.5 1.3424 0.0505
7.55 1.345 0.0506
7.6 1.3475 0.0508
7.65 1.35 0.0509
7.7 1.3526 0.051
7.75 1.3551 0.0511
7.8 1.3577 0.0512
7.85 1.3602 0.0513
7.9 1.3628 0.0515
7.95 1.3654 0.0516
8 1.368 0.0517
8.05 1.3706 0.0518
8.1 1.3732 0.052
8.15 1.3758 0.0521
8.2 1.3784 0.0522
8.25 1.381 0.0523
8.3 1.3836 0.0525
8.35 1.3862 0.0526
8.4 1.3889 0.0527
8.45 1.3915 0.0529
8.5 1.3941 0.053
8.55 1.3968 0.0531
8.6 1.3995 0.0533
8.65 1.4021 0.0534
8.7 1.4048 0.0536
8.75 1.4075 0.0537
8.8 1.4102 0.0539
8.85 1.4129 0.054
8.9 1.4156 0.0542
8.95 1.4183 0.0543
9 1.421 0.0545
9.05 1.4237 0.0546
9.1 1.4265 0.0548
9.15 1.4292 0.0549
9.2 1.432 0.0551
9.25 1.4347 0.0552
9.3 1.4375 0.0554
9.35 1.4403 0.0556
9.4 1.443 0.0557
9.45 1.4458 0.0559
9.5 1.4486 0.0561
9.55 1.4514 0.0563
9.6 1.4543 0.0564
9.65 1.4571 0.0566
9.7 1.4599 0.0568
9.75 1.4628 0.057
9.8 1.4656 0.0572
9.85 1.4685 0.0573
9.9 1.4713 0.0575
9.95 1.4742 0.0577
10 1.4771 0.0579
10.05 1.48 0.0581
10.1 1.4829 0.0583
10.15 1.4859 0.0585
10.2 1.4888 0.0587
10.25 1.4917 0.0589
10.3 1.4947 0.0591
10.35 1.4976 0.0593
10.4 1.5006 0.0595
10.45 1.5036 0.0597
10.5 1.5066 0.06
10.55 1.5096 0.0602
10.6 1.5126 0.0604
10.65 1.5156 0.0606
10.7 1.5187 0.0608
10.75 1.5217 0.0611
10.8 1.5248 0.0613
10.85 1.5278 0.0615
10.9 1.5309 0.0618
10.95 1.534 0.062
11 1.5371 0.0623
11.05 1.5402 0.0625
11.1 1.5434 0.0628
11.15 1.5465 0.063
11.2 1.5497 0.0633
11.25 1.5528 0.0635
11.3 1.556 0.0638
11.35 1.5592 0.0641
11.4 1.5624 0.0643
11.45 1.5657 0.0646
11.5 1.5689 0.0649
11.55 1.5721 0.0652
11.6 1.5754 0.0654
11.65 1.5787 0.0657
11.7 1.582 0.066
11.75 1.5853 0.0663
11.8 1.5886 0.0666
11.85 1.592 0.0669
11.9 1.5953 0.0672
11.95 1.5987 0.0675
12 1.6021 0.0679
12.05 1.6055 0.0682
12.1 1.6089 0.0685
12.15 1.6123 0.0688
12.2 1.6158 0.0692
12.25 1.6192 0.0695
12.3 1.6227 0.0698
12.35 1.6262 0.0702
12.4 1.6297 0.0705
12.45 1.6333 0.0709
12.5 1.6368 0.0713
12.55 1.6404 0.0716
12.6 1.644 0.072
12.65 1.6476 0.0724
12.7 1.6512 0.0728
12.75 1.6549 0.0732
12.8 1.6585 0.0736
12.85 1.6622 0.074
12.9 1.6659 0.0744
12.95 1.6697 0.0748
13 1.6734 0.0752
13.05 1.6772 0.0756
13.1 1.681 0.0761
13.15 1.6848 0.0765
13.2 1.6886 0.0769
13.25 1.6925 0.0774
13.3 1.6964 0.0779
13.35 1.7003 0.0783
13.4 1.7042 0.0788
13.45 1.7082 0.0793
13.5 1.7121 0.0798
13.55 1.7161 0.0803
13.6 1.7202 0.0808
13.65 1.7242 0.0813
13.7 1.7283 0.0818
13.75 1.7324 0.0824
13.8 1.7365 0.0829
13.85 1.7407 0.0834
13.9 1.7449 0.084
13.95 1.7491 0.0846
14 1.7533 0.0852
14.05 1.7576 0.0857
14.1 1.7619 0.0863
14.15 1.7662 0.087
14.2 1.7706 0.0876
14.25 1.775 0.0882
14.3 1.7794 0.0889
14.35 1.7839 0.0895
14.4 1.7884 0.0902
14.45 1.7929 0.0909
14.5 1.7975 0.0916
14.55 1.8021 0.0923
14.6 1.8067 0.093
14.65 1.8113 0.0937
14.7 1.8161 0.0945
14.75 1.8208 0.0952
14.8 1.8256 0.096
14.85 1.8304 0.0968
14.9 1.8353 0.0976
14.95 1.8402 0.0984
15 1.8451 0.0993
15.05 1.8501 0.1001
15.1 1.8551 0.101
15.15 1.8602 0.1019
15.2 1.8653 0.1028
15.25 1.8705 0.1038
15.3 1.8757 0.1047
15.35 1.8809 0.1057
15.4 1.8862 0.1067
15.45 1.8916 0.1077
15.5 1.897 0.1087
15.55 1.9025 0.1098
15.6 1.908 0.1109
15.65 1.9136 0.112
15.7 1.9192 0.1132
15.75 1.9249 0.1143
15.8 1.9306 0.1155
15.85 1.9364 0.1168
15.9 1.9423 0.118
15.95 1.9482 0.1193
16 1.9542 0.1206
16.05 1.9603 0.122
16.1 1.9664 0.1234
16.15 1.9726 0.1248
16.2 1.9789 0.1263
16.25 1.9853 0.1278
16.3 1.9917 0.1293
16.35 1.9982 0.1309
16.4 2.0048 0.1326
16.45 2.0115 0.1343
16.5 2.0182 0.136
16.55 2.0251 0.1378
16.6 2.032 0.1396
16.65 2.039 0.1415
16.7 2.0462 0.1434
16.75 2.0534 0.1455
16.8 2.0607 0.1475
16.85 2.0681 0.1497
16.9 2.0757 0.1519
16.95 2.0833 0.1542
17 2.0911 0.1565
17.05 2.099 0.159
17.1 2.107 0.1615
17.15 2.1151 0.1641
17.2 2.1234 0.1668
17.25 2.1318 0.1696
17.3 2.1403 0.1725
17.35 2.149 0.1755
17.4 2.1579 0.1787
17.45 2.1669 0.1819
17.5 2.1761 0.1853
17.55 2.1854 0.1889
17.6 2.195 0.1925
17.65 2.2047 0.1964
17.7 2.2146 0.2004
17.75 2.2247 0.2046
17.8 2.2351 0.2089
17.85 2.2456 0.2135
17.9 2.2564 0.2183
17.95 2.2675 0.2233
18 2.2788 0.2286
18.05 2.2903 0.2342
18.1 2.3022 0.24
18.15 2.3143 0.2462
18.2 2.3268 0.2527
18.25 2.3396 0.2596
18.3 2.3527 0.2669
18.35 2.3663 0.2746
18.4 2.3802 0.2828
18.45 2.3946 0.2916
18.5 2.4094 0.3009
18.55 2.4247 0.3109
18.6 2.4405 0.3216
18.65 2.4568 0.3331
18.7 2.4738 0.3455
18.75 2.4914 0.3588
18.8 2.5097 0.3733
18.85 2.5287 0.3891
18.9 2.5486 0.4062
18.95 2.5693 0.4251
19 2.5911 0.4458
19.05 2.6139 0.4687
19.1 2.6379 0.4942
19.15 2.6633 0.5226
19.2 2.6902 0.5547
19.25 2.7188 0.591
19.3 2.7493 0.6325
19.35 2.782 0.6805
19.4 2.8173 0.7365
19.45 2.8557 0.8028
19.5 2.8976 0.8825
19.55 2.9439 0.9801
19.6 2.9956 1.1024
19.65 3.0542 1.2603
19.7 3.1217 1.4722
19.75 3.2014 1.7718
19.8 3.2989 2.2294
19.85 3.4243 3.0212
19.9 3.601 4.7821
19.95 3.9025 33.9903
20 7 61.9382
20.05 10.0964 33.9686
20.1 10.3969 4.7604
20.15 10.5724 2.9995
20.2 10.6968 2.2077
20.25 10.7932 1.7501
20.3 10.8718 1.4505
20.35 10.9382 1.2386
20.4 10.9957 1.0807
20.45 11.0463 0.9584
20.5 11.0915 0.8608
20.55 11.1324 0.7811
20.6 11.1696 0.7148
20.65 11.2039 0.6588
20.7 11.2355 0.6108
20.75 11.2649 0.5693
20.8 11.2924 0.5329
20.85 11.3182 0.5009
20.9 11.3425 0.4724
20.95 11.3655 0.447
21 11.3872 0.4241
21.05 11.4079 0.4033
21.1 11.4276 0.3845
21.15 11.4463 0.3673
21.2 11.4643 0.3516
21.25 11.4815 0.3371
21.3 11.498 0.3237
21.35 11.5139 0.3113
21.4 11.5291 0.2999
21.45 11.5438 0.2892
21.5 11.558 0.2792
21.55 11.5718 0.2698
21.6 11.585 0.2611
21.65 11.5979 0.2529
21.7 11.6103 0.2451
21.75 11.6224 0.2378
21.8 11.6341 0.2309
21.85 11.6455 0.2244
21.9 11.6565 0.2183
21.95 11.6673 0.2124
22 11.6778 0.2069
22.05 11.688 0.2016
22.1 11.6979 0.1965
22.15 11.7076 0.1917
22.2 11.7171 0.1871
22.25 11.7264 0.1828
22.3 11.7354 0.1786
22.35 11.7442 0.1746
22.4 11.7528 0.1707
22.45 11.7613 0.1671
22.5 11.7696 0.1635
22.55 11.7776 0.1601
22.6 11.7856 0.1569
22.65 11.7933 0.1537
22.7 11.8009 0.1507
22.75 11.8084 0.1478
22.8 11.8157 0.145
22.85 11.8229 0.1423
22.9 11.8299 0.1396
22.95 11.8369 0.1371
23 11.8437 0.1347
23.05 11.8503 0.1323
23.1 11.8569 0.13
23.15 11.8633 0.1278
23.2 11.8697 0.1257
23.25 11.8759 0.1236
23.3 11.882 0.1216
23.35 11.8881 0.1196
23.4 11.894 0.1177
23.45 11.8998 0.1159
23.5 11.9056 0.1141
23.55 11.9112 0.1124
23.6 11.9168 0.1107
23.65 11.9223 0.109
23.7 11.9277 0.1074
23.75 11.9331 0.1059
23.8 11.9383 0.1044
23.85 11.9435 0.1029
23.9 11.9486 0.1015
23.95 11.9536 0.1001
24 11.9586 0.0987
24.05 11.9635 0.0974
24.1 11.9683 0.0961
24.15 11.9731 0.0948
24.2 11.9778 0.0936
24.25 11.9825 0.0924
24.3 11.9871 0.0912
24.35 11.9916 0.09
24.4 11.9961 0.0889
24.45 12.0005 0.0878
24.5 12.0049 0.0868
24.55 12.0092 0.0857
24.6 12.0134 0.0847
24.65 12.0176 0.0837
24.7 12.0218 0.0827
24.75 12.0259 0.0817
24.8 12.03 0.0808
24.85 12.034 0.0799
24.9 12.0379 0.079
24.95 12.0419 0.0781
25 12.0458 0.0772
25.05 12.0496 0.0764
25.1 12.0534 0.0755
25.15 12.0571 0.0747
25.2 12.0609 0.0739
25.25 12.0645 0.0731
25.3 12.0682 0.0724
25.35 12.0718 0.0716
25.4 12.0753 0.0709
25.45 12.0789 0.0701
25.5 12.0824 0.0694
25.55 12.0858 0.0687
25.6 12.0892 0.068
25.65 12.0926 0.0674
25.7 12.096 0.0667
25.75 12.0993 0.066
25.8 12.1026 0.0654
25.85 12.1058 0.0648
25.9 12.109 0.0641
25.95 12.1122 0.0635
26 12.1154 0.0629
26.05 12.1185 0.0624
26.1 12.1216 0.0618
26.15 12.1247 0.0612
26.2 12.1277 0.0606
26.25 12.1308 0.0601
26.3 12.1338 0.0596
26.35 12.1367 0.059
26.4 12.1397 0.0585
26.45 12.1426 0.058
26.5 12.1455 0.0575
26.55 12.1483 0.057
26.6 12.1512 0.0565
26.65 12.154 0.056
26.7 12.1568 0.0555
26.75 12.1595 0.0551
26.8 12.1623 0.0546
26.85 12.165 0.0541
26.9 12.1677 0.0537
26.95 12.1703 0.0532
27 12.173 0.0528
27.05 12.1756 0.0524
27.1 12.1782 0.0519
27.15 12.1808 0.0515
27.2 12.1834 0.0511
27.25 12.1859 0.0507
27.3 12.1885 0.0503
27.35 12.191 0.0499
27.4 12.1935 0.0495
27.45 12.1959 0.0491
27.5 12.1984 0.0488
27.55 12.2008 0.0484
27.6 12.2032 0.048
27.65 12.2056 0.0477
27.7 12.208 0.0473
27.75 12.2103 0.0469
27.8 12.2127 0.0466
27.85 12.215 0.0462
27.9 12.2173 0.0459
27.95 12.2196 0.0456
28 12.2218 0.0452
28.05 12.2241 0.0449
28.1 12.2263 0.0446
28.15 12.2286 0.0443
28.2 12.2308 0.044
28.25 12.233 0.0436
28.3 12.2351 0.0433
28.35 12.2373 0.043
28.4 12.2394 0.0427
28.45 12.2416 0.0424
28.5 12.2437 0.0421
28.55 12.2458 0.0419
28.6 12.2479 0.0416
28.65 12.2499 0.0413
28.7 12.252 0.041
28.75 12.254 0.0407
28.8 12.2561 0.0405
28.85 12.2581 0.0402
28.9 12.2601 0.0399
28.95 12.2621 0.0397
29 12.264 0.0394
29.05 12.266 0.0391
29.1 12.268 0.0389
29.15 12.2699 0.0386
29.2 12.2718 0.0384
29.25 12.2737 0.0381
29.3 12.2756 0.0379
29.35 12.2775 0.0376
29.4 12.2794 0.0374
29.45 12.2813 0.0372
29.5 12.2831 0.0369
29.55 12.285 0.0367
29.6 12.2868 0.0365
29.65 12.2886 0.0363
29.7 12.2904 0.036
29.75 12.2922 0.0358
29.8 12.294 0.0356
29.85 12.2958 0.0354
29.9 12.2975 0.0352
29.95 12.2993 0.035
30 12.301 0
