pH cation zwitterion anion
0 0.9956 0.0044 0
0.05 0.995 0.005 0
0.1 0.9944 0.0056 0
0.15 0.9937 0.0063 0
0.2 0.993 0.007 0
0.25 0.9921 0.0079 0
0.3 0.9912 0.0088 0
0.35 0.9901 0.0099 0
0.4 0.9889 0.0111 0
0.45 0.9876 0.0124 0
0.5 0.9861 0.0139 0
0.55 0.9844 0.0156 0
0.6 0.9825 0.0175 0
0.65 0.9804 0.0196 0
0.7 0.9781 0.0219 0
0.75 0.9755 0.0245 0
0.8 0.9726 0.0274 0
0.85 0.9693 0.0307 0
0.9 0.9657 0.0343 0
0.95 0.9617 0.0383 0
1 0.9572 0.0428 0
1.05 0.9523 0.0477 0
1.1 0.9468 0.0532 0
1.15 0.9406 0.0594 0
1.2 0.9339 0.0661 0
1.25 0.9264 0.0736 0
1.3 0.9182 0.0818 0
1.35 0.9091 0.0909 0
1.4 0.8991 0.1009 0
1.45 0.8882 0.1118 0
1.5 0.8762 0.1238 0
1.55 0.8632 0.1368 0
1.6 0.849 0.151 0
1.65 0.8337 0.1663 0
1.7 0.8171 0.1829 0
1.75 0.7992 0.2008 0
1.8 0.7801 0.2199 0
1.85 0.7597 0.2403 0
1.9 0.7381 0.2619 0
1.95 0.7153 0.2847 0
2 0.6912 0.3088 0
2.05 0.6661 0.3339 0
2.1 0.6401 0.3599 0
2.15 0.6131 0.3869 0
2.2 0.5855 0.4145 0
2.25 0.5573 0.4427 0
2.3 0.5288 0.4712 0
2.35 0.5 0.5 0
2.4 0.4712 0.5288 0
2.45 0.4427 0.5573 0
2.5 0.4145 0.5855 0
2.55 0.3869 0.6131 0
2.6 0.3599 0.6401 0
2.65 0.3339 0.6661 0
2.7 0.3088 0.6912 0
2.75 0.2847 0.7153 0
2.8 0.2619 0.7381 0
2.85 0.2403 0.7597 0
2.9 0.2199 0.7801 0
2.95 0.2008 0.7992 0
3 0.1829 0.8171 0
3.05 0.1663 0.8337 0
3.1 0.151 0.849 0
3.15 0.1368 0.8632 0
3.2 0.1238 0.8762 0
3.25 0.1118 0.8882 0
3.3 0.1009 0.8991 0
3.35 0.0909 0.9091 0
3.4 0.0818 0.9182 0
3.45 0.0736 0.9264 0
3.5 0.0661 0.9339 0
3.55 0.0594 0.9406 0
3.6 0.0532 0.9468 0
3.65 0.0477 0.9523 0
3.7 0.0428 0.9572 0
3.75 0.0383 0.9617 0
3.8 0.0343 0.9657 0
3.85 0.0307 0.9693 0
3.9 0.0274 0.9726 0
3.95 0.0245 0.9755 0
4 0.0219 0.9781 0
4.05 0.0196 0.9804 0
4.1 0.0175 0.9825 0
4.15 0.0156 0.9844 0
4.2 0.0139 0.9861 0
4.25 0.0124 0.9876 0
4.3 0.0111 0.9889 0
4.35 0.0099 0.9901 0
4.4 0.0088 0.9912 0
4.45 0.0079 0.9921 0
4.5 0.007 0.993 0
4.55 0.0063 0.9937 0
4.6 0.0056 0.9944 0
4.65 0.005 0.995 0
4.7 0.0044 0.9955 0
4.75 0.004 0.996 0
4.8 0.0035 0.9965 0
4.85 0.0032 0.9968 0
4.9 0.0028 0.9972 0
4.95 0.0025 0.9975 0
5 0.0022 0.9977 0
5.05 0.002 0.998 0
5.1 0.0018 0.9982 0
5.15 0.0016 0.9984 0
5.2 0.0014 0.9986 0
5.25 0.0013 0.9987 0
5.3 0.0011 0.9988 0
5.35 0.001 0.999 0
5.4 0.0009 0.9991 0
5.45 0.0008 0.9992 0
5.5 0.0007 0.9992 0.0001
5.55 0.0006 0.9993 0.0001
5.6 0.0006 0.9994 0.0001
5.65 0.0005 0.9994 0.0001
5.7 0.0004 0.9995 0.0001
5.75 0.0004 0.9995 0.0001
5.8 0.0004 0.9995 0.0001
5.85 0.0003 0.9996 0.0001
5.9 0.0003 0.9996 0.0001
5.95 0.0003 0.9996 0.0001
6 0.0002 0.9996 0.0002
6.05 0.0002 0.9996 0.0002
6.1 0.0002 0.9996 0.0002
6.15 0.0002 0.9996 0.0002
6.2 0.0001 0.9996 0.0003
6.25 0.0001 0.9996 0.0003
6.3 0.0001 0.9996 0.0003
6.35 0.0001 0.9995 0.0004
6.4 0.0001 0.9995 0.0004
6.45 0.0001 0.9995 0.0005
6.5 0.0001 0.9994 0.0005
6.55 0.0001 0.9993 0.0006
6.6 0.0001 0.9993 0.0007
6.65 0.0001 0.9992 0.0007
6.7 0 0.9991 0.0008
6.75 0 0.999 0.0009
6.8 0 0.9989 0.001
6.85 0 0.9988 0.0012
6.9 0 0.9987 0.0013
6.95 0 0.9985 0.0015
7 0 0.9983 0.0017
7.05 0 0.9981 0.0019
7.1 0 0.9979 0.0021
7.15 0 0.9976 0.0023
7.2 0 0.9974 0.0026
7.25 0 0.997 0.0029
7.3 0 0.9967 0.0033
7.35 0 0.9963 0.0037
7.4 0 0.9958 0.0042
7.45 0 0.9953 0.0047
7.5 0 0.9948 0.0052
7.55 0 0.9941 0.0059
7.6 0 0.9934 0.0066
7.65 0 0.9926 0.0074
7.7 0 0.9917 0.0082
7.75 0 0.9907 0.0092
7.8 0 0.9896 0.0104
7.85 0 0.9884 0.0116
7.9 0 0.987 0.013
7.95 0 0.9854 0.0146
8 0 0.9837 0.0163
8.05 0 0.9817 0.0183
8.1 0 0.9795 0.0205
8.15 0 0.9771 0.0229
8.2 0 0.9744 0.0256
8.25 0 0.9713 0.0287
8.3 0 0.9679 0.0321
8.35 0 0.9642 0.0358
8.4 0 0.96 0.04
8.45 0 0.9553 0.0447
8.5 0 0.9501 0.0499
8.55 0 0.9444 0.0556
8.6 0 0.938 0.062
8.65 0 0.931 0.069
8.7 0 0.9232 0.0768
8.75 0 0.9146 0.0854
8.8 0 0.9052 0.0948
8.85 0 0.8949 0.1051
8.9 0 0.8835 0.1165
8.95 0 0.8711 0.1289
9 0 0.8577 0.1423
9.05 0 0.843 0.157
9.1 0 0.8272 0.1728
9.15 0 0.8101 0.1899
9.2 0 0.7917 0.2083
9.25 0 0.7721 0.2279
9.3 0 0.7512 0.2488
9.35 0 0.7291 0.2709
9.4 0 0.7058 0.2942
9.45 0 0.6813 0.3187
9.5 0 0.6558 0.3442
9.55 0 0.6294 0.3706
9.6 0 0.6022 0.3978
9.65 0 0.5743 0.4257
9.7 0 0.5459 0.4541
9.75 0 0.5173 0.4827
9.8 0 0.4885 0.5115
9.85 0 0.4598 0.5402
9.9 0 0.4314 0.5686
9.95 0 0.4034 0.5966
10 0 0.376 0.624
10.05 0 0.3494 0.6506
10.1 0 0.3237 0.6763
10.15 0 0.299 0.701
10.2 0 0.2755 0.7245
10.25 0 0.2531 0.7469
10.3 0 0.2319 0.7681
10.35 0 0.2121 0.7879
10.4 0 0.1935 0.8065
10.45 0 0.1761 0.8239
10.5 0 0.16 0.84
10.55 0 0.1452 0.8548
10.6 0 0.1315 0.8685
10.65 0 0.1189 0.8811
10.7 0 0.1073 0.8927
10.75 0 0.0968 0.9032
10.8 0 0.0872 0.9128
10.85 0 0.0784 0.9216
10.9 0 0.0705 0.9295
10.95 0 0.0633 0.9367
11 0 0.0568 0.9432
11.05 0 0.051 0.949
11.1 0 0.0457 0.9543
11.15 0 0.0409 0.9591
11.2 0 0.0366 0.9634
11.25 0 0.0328 0.9672
11.3 0 0.0293 0.9707
11.35 0 0.0262 0.9738
11.4 0 0.0234 0.9766
11.45 0 0.0209 0.9791
11.5 0 0.0187 0.9813
11.55 0 0.0167 0.9833
11.6 0 0.0149 0.9851
11.65 0 0.0133 0.9867
11.7 0 0.0119 0.9881
11.75 0 0.0106 0.9894
11.8 0 0.0095 0.9905
11.85 0 0.0084 0.9916
11.9 0 0.0075 0.9925
11.95 0 0.0067 0.9933
12 0 0.006 0.994
12.05 0 0.0053 0.9947
12.1 0 0.0048 0.9952
12.15 0 0.0042 0.9958
12.2 0 0.0038 0.9962
12.25 0 0.0034 0.9966
12.3 0 0.003 0.997
12.35 0 0.0027 0.9973
12.4 0 0.0024 0.9976
12.45 0 0.0021 0.9979
12.5 0 0.0019 0.9981
12.55 0 0.0017 0.9983
12.6 0 0.0015 0.9985
12.65 0 0.0013 0.9987
12.7 0 0.0012 0.9988
12.75 0 0.0011 0.9989
12.8 0 0.001 0.999
12.85 0 0.0009 0.9991
12.9 0 0.0008 0.9992
12.95 0 0.0007 0.9993
13 0 0.0006 0.9994
13.05 0 0.0005 0.9995
13.1 0 0.0005 0.9995
13.15 0 0.0004 0.9996
13.2 0 0.0004 0.9996
13.25 0 0.0003 0.9997
13.3 0 0.0003 0.9997
13.35 0 0.0003 0.9997
13.4 0 0.0002 0.9998
13.45 0 0.0002 0.9998
13.5 0 0.0002 0.9998
13.55 0 0.0002 0.9998
13.6 0 0.0002 0.9998
13.65 0 0.0001 0.9999
13.7 0 0.0001 0.9999
13.75 0 0.0001 0.9999
13.8 0 0.0001 0.9999
13.85 0 0.0001 0.9999
13.9 0 0.0001 0.9999
13.95 0 0.0001 0.9999
14 0 0.0001 0.9999
