delta I integral
5 0 0
4.998 0 0
4.996 0 0
4.994 0 0
4.992 0 0
4.99 0 0
4.988 0 0
4.986 0 0
4.984 0 0
4.982 0 0
4.98 0 0
4.978 0 0
4.976 0 0
4.974 0 0
4.972 0 0
4.97 0 0
4.968 0 0
4.966 0 0
4.964 0 0
4.962 0 0
4.96 0 0
4.958 0 0
4.956 0 0
4.954 0 0
4.952 0 0
4.95 0 0
4.948 0 0
4.946 0 0
4.944 0 0
4.942 0 0
4.94 0 0
4.938 0 0
4.936 0 0
4.934 0 0
4.932 0 0
4.93 0 0
4.928 0 0
4.926 0 0
4.924 0 0
4.922 0 0
4.92 0 0
4.918 0 0
4.916 0 0
4.914 0 0
4.912 0 0
4.91 0 0
4.908 0 0
4.906 0 0
4.904 0 0
4.902 0 0
4.9 0 0
4.898 0 0
4.896 0 0
4.894 0 0
4.892 0 0
4.89 0 0
4.888 0 0
4.886 0 0
4.884 0 0
4.882 0 0
4.88 0 0
4.878 0 0
4.876 0 0
4.874 0 0
4.872 0 0
4.87 0 0
4.868 0 0
4.866 0 0
4.864 0 0
4.862 0 0
4.86 0 0
4.858 0 0
4.856 0 0
4.854 0 0
4.852 0 0
4.85 0 0
4.848 0 0.001
4.846 0 0.001
4.844 0 0.001
4.842 0 0.001
4.84 0 0.001
4.838 0 0.001
4.836 0 0.001
4.834 0 0.001
4.832 0 0.001
4.83 0 0.001
4.828 0 0.001
4.826 0 0.001
4.824 0 0.001
4.822 0 0.001
4.82 0 0.001
4.818 0 0.001
4.816 0 0.001
4.814 0 0.001
4.812 0 0.001
4.81 0 0.001
4.808 0 0.001
4.806 0 0.001
4.804 0 0.001
4.802 0 0.001
4.8 0 0.001
4.798 0 0.001
4.796 0.0001 0.001
4.794 0.0001 0.001
4.792 0.0001 0.001
4.79 0.0001 0.001
4.788 0.0001 0.001
4.786 0.0001 0.001
4.784 0.0001 0.001
4.782 0.0001 0.001
4.78 0.0001 0.001
4.778 0.0001 0.001
4.776 0.0001 0.001
4.774 0.0001 0.001
4.772 0.0001 0.001
4.77 0.0001 0.001
4.768 0.0001 0.001
4.766 0.0001 0.001
4.764 0.0001 0.001
4.762 0.0001 0.001
4.76 0.0001 0.001
4.758 0.0001 0.001
4.756 0.0001 0.001
4.754 0.0001 0.001
4.752 0.0001 0.001
4.75 0.0001 0.001
4.748 0.0001 0.001
4.746 0.0001 0.001
4.744 0.0001 0.001
4.742 0.0001 0.001
4.74 0.0001 0.001
4.738 0.0001 0.001
4.736 0.0001 0.001
4.734 0.0001 0.001
4.732 0.0001 0.001
4.73 0.0001 0.001
4.728 0.0001 0.001
4.726 0.0001 0.001
4.724 0.0001 0.001
4.722 0.0001 0.001
4.72 0.0001 0.001
4.718 0.0001 0.001
4.716 0.0001 0.001
4.714 0.0001 0.001
4.712 0.0001 0.001
4.71 0.0001 0.001
4.708 0.0001 0.001
4.706 0.0001 0.001
4.704 0.0001 0.001
4.702 0.0001 0.001
4.7 0.0001 0.001
4.698 0.0001 0.001
4.696 0.0001 0.001
4.694 0.0001 0.001
4.692 0.0001 0.001
4.69 0.0001 0.001
4.688 0.0001 0.001
4.686 0.0001 0.001
4.684 0.0001 0.001
4.682 0.0001 0.001
4.68 0.0001 0.001
4.678 0.0001 0.001
4.676 0.0001 0.001
4.674 0.0001 0.001
4.672 0.0001 0.001
4.67 0.0001 0.001
4.668 0.0001 0.001
4.666 0.0001 0.001
4.664 0.0001 0.001
4.662 0.0001 0.001
4.66 0.0001 0.001
4.658 0.0001 0.001
4.656 0.0001 0.001
4.654 0.0001 0.001
4.652 0.0001 0.001
4.65 0.0001 0.001
4.648 0.0001 0.001
4.646 0.0001 0.001
4.644 0.0001 0.001
4.642 0.0001 0.001
4.64 0.0001 0.001
4.638 0.0001 0.001
4.636 0.0001 0.001
4.634 0.0001 0.001
4.632 0.0001 0.001
4.63 0.0001 0.001
4.628 0.0001 0.001
4.626 0.0001 0.001
4.624 0.0001 0.002
4.622 0.0001 0.002
4.62 0.0001 0.002
4.618 0.0001 0.002
4.616 0.0001 0.002
4.614 0.0001 0.002
4.612 0.0001 0.002
4.61 0.0001 0.002
4.608 0.0001 0.002
4.606 0.0001 0.002
4.604 0.0001 0.002
4.602 0.0001 0.002
4.6 0.0001 0.002
4.598 0.0001 0.002
4.596 0.0001 0.002
4.594 0.0001 0.002
4.592 0.0001 0.002
4.59 0.0001 0.002
4.588 0.0001 0.002
4.586 0.0001 0.002
4.584 0.0001 0.002
4.582 0.0001 0.002
4.58 0.0001 0.002
4.578 0.0001 0.002
4.576 0.0001 0.002
4.574 0.0001 0.002
4.572 0.0001 0.002
4.57 0.0001 0.002
4.568 0.0001 0.002
4.566 0.0001 0.002
4.564 0.0001 0.002
4.562 0.0001 0.002
4.56 0.0001 0.002
4.558 0.0001 0.002
4.556 0.0001 0.002
4.554 0.0001 0.002
4.552 0.0001 0.002
4.55 0.0001 0.002
4.548 0.0001 0.002
4.546 0.0001 0.002
4.544 0.0001 0.002
4.542 0.0001 0.002
4.54 0.0001 0.002
4.538 0.0001 0.002
4.536 0.0001 0.002
4.534 0.0001 0.002
4.532 0.0001 0.002
4.53 0.0001 0.002
4.528 0.0001 0.002
4.526 0.0001 0.002
4.524 0.0001 0.002
4.522 0.0001 0.002
4.52 0.0001 0.002
4.518 0.0001 0.002
4.516 0.0001 0.002
4.514 0.0001 0.002
4.512 0.0001 0.002
4.51 0.0001 0.002
4.508 0.0001 0.002
4.506 0.0001 0.002
4.504 0.0001 0.002
4.502 0.0001 0.002
4.5 0.0001 0.002
4.498 0.0001 0.002
4.496 0.0001 0.002
4.494 0.0001 0.002
4.492 0.0001 0.002
4.49 0.0001 0.002
4.488 0.0001 0.002
4.486 0.0001 0.002
4.484 0.0001 0.002
4.482 0.0001 0.002
4.48 0.0001 0.002
4.478 0.0001 0.002
4.476 0.0001 0.002
4.474 0.0001 0.002
4.472 0.0001 0.002
4.47 0.0001 0.002
4.468 0.0001 0.003
4.466 0.0001 0.003
4.464 0.0001 0.003
4.462 0.0001 0.003
4.46 0.0001 0.003
4.458 0.0001 0.003
4.456 0.0001 0.003
4.454 0.0001 0.003
4.452 0.0001 0.003
4.45 0.0001 0.003
4.448 0.0001 0.003
4.446 0.0001 0.003
4.444 0.0001 0.003
4.442 0.0001 0.003
4.44 0.0001 0.003
4.438 0.0001 0.003
4.436 0.0001 0.003
4.434 0.0001 0.003
4.432 0.0001 0.003
4.43 0.0001 0.003
4.428 0.0001 0.003
4.426 0.0001 0.003
4.424 0.0001 0.003
4.422 0.0001 0.003
4.42 0.0001 0.003
4.418 0.0001 0.003
4.416 0.0001 0.003
4.414 0.0001 0.003
4.412 0.0001 0.003
4.41 0.0001 0.003
4.408 0.0001 0.003
4.406 0.0001 0.003
4.404 0.0001 0.003
4.402 0.0001 0.003
4.4 0.0001 0.003
4.398 0.0001 0.003
4.396 0.0001 0.003
4.394 0.0001 0.003
4.392 0.0001 0.003
4.39 0.0001 0.003
4.388 0.0001 0.003
4.386 0.0001 0.003
4.384 0.0001 0.003
4.382 0.0001 0.003
4.38 0.0001 0.003
4.378 0.0001 0.003
4.376 0.0001 0.003
4.374 0.0001 0.003
4.372 0.0001 0.003
4.37 0.0001 0.003
4.368 0.0001 0.003
4.366 0.0001 0.003
4.364 0.0001 0.003
4.362 0.0001 0.003
4.36 0.0001 0.003
4.358 0.0001 0.003
4.356 0.0001 0.003
4.354 0.0001 0.004
4.352 0.0001 0.004
4.35 0.0001 0.004
4.348 0.0001 0.004
4.346 0.0001 0.004
4.344 0.0001 0.004
4.342 0.0001 0.004
4.34 0.0001 0.004
4.338 0.0001 0.004
4.336 0.0001 0.004
4.334 0.0001 0.004
4.332 0.0001 0.004
4.33 0.0001 0.004
4.328 0.0001 0.004
4.326 0.0001 0.004
4.324 0.0001 0.004
4.322 0.0001 0.004
4.32 0.0001 0.004
4.318 0.0001 0.004
4.316 0.0001 0.004
4.314 0.0001 0.004
4.312 0.0001 0.004
4.31 0.0001 0.004
4.308 0.0001 0.004
4.306 0.0001 0.004
4.304 0.0001 0.004
4.302 0.0001 0.004
4.3 0.0001 0.004
4.298 0.0002 0.004
4.296 0.0002 0.004
4.294 0.0002 0.004
4.292 0.0002 0.004
4.29 0.0002 0.004
4.288 0.0002 0.004
4.286 0.0002 0.004
4.284 0.0002 0.004
4.282 0.0002 0.004
4.28 0.0002 0.004
4.278 0.0002 0.004
4.276 0.0002 0.004
4.274 0.0002 0.004
4.272 0.0002 0.004
4.27 0.0002 0.004
4.268 0.0002 0.004
4.266 0.0002 0.005
4.264 0.0002 0.005
4.262 0.0002 0.005
4.26 0.0002 0.005
4.258 0.0002 0.005
4.256 0.0002 0.005
4.254 0.0002 0.005
4.252 0.0002 0.005
4.25 0.0002 0.005
4.248 0.0002 0.005
4.246 0.0002 0.005
4.244 0.0002 0.005
4.242 0.0002 0.005
4.24 0.0002 0.005
4.238 0.0002 0.005
4.236 0.0002 0.005
4.234 0.0002 0.005
4.232 0.0002 0.005
4.23 0.0002 0.005
4.228 0.0002 0.005
4.226 0.0002 0.005
4.224 0.0002 0.005
4.222 0.0002 0.005
4.22 0.0002 0.005
4.218 0.0002 0.005
4.216 0.0002 0.005
4.214 0.0002 0.005
4.212 0.0002 0.005
4.21 0.0002 0.005
4.208 0.0002 0.005
4.206 0.0002 0.005
4.204 0.0002 0.005
4.202 0.0002 0.005
4.2 0.0002 0.006
4.198 0.0002 0.006
4.196 0.0002 0.006
4.194 0.0002 0.006
4.192 0.0002 0.006
4.19 0.0002 0.006
4.188 0.0002 0.006
4.186 0.0002 0.006
4.184 0.0002 0.006
4.182 0.0002 0.006
4.18 0.0002 0.006
4.178 0.0002 0.006
4.176 0.0002 0.006
4.174 0.0002 0.006
4.172 0.0002 0.006
4.17 0.0002 0.006
4.168 0.0002 0.006
4.166 0.0002 0.006
4.164 0.0002 0.006
4.162 0.0002 0.006
4.16 0.0002 0.006
4.158 0.0003 0.006
4.156 0.0003 0.006
4.154 0.0003 0.006
4.152 0.0003 0.006
4.15 0.0003 0.006
4.148 0.0003 0.006
4.146 0.0003 0.007
4.144 0.0003 0.007
4.142 0.0003 0.007
4.14 0.0003 0.007
4.138 0.0003 0.007
4.136 0.0003 0.007
4.134 0.0003 0.007
4.132 0.0003 0.007
4.13 0.0003 0.007
4.128 0.0003 0.007
4.126 0.0003 0.007
4.124 0.0003 0.007
4.122 0.0003 0.007
4.12 0.0003 0.007
4.118 0.0003 0.007
4.116 0.0003 0.007
4.114 0.0003 0.007
4.112 0.0003 0.007
4.11 0.0003 0.007
4.108 0.0003 0.007
4.106 0.0003 0.007
4.104 0.0003 0.008
4.102 0.0003 0.008
4.1 0.0003 0.008
4.098 0.0003 0.008
4.096 0.0003 0.008
4.094 0.0003 0.008
4.092 0.0003 0.008
4.09 0.0003 0.008
4.088 0.0003 0.008
4.086 0.0004 0.008
4.084 0.0004 0.008
4.082 0.0004 0.008
4.08 0.0004 0.008
4.078 0.0004 0.008
4.076 0.0004 0.008
4.074 0.0004 0.008
4.072 0.0004 0.008
4.07 0.0004 0.008
4.068 0.0004 0.009
4.066 0.0004 0.009
4.064 0.0004 0.009
4.062 0.0004 0.009
4.06 0.0004 0.009
4.058 0.0004 0.009
4.056 0.0004 0.009
4.054 0.0004 0.009
4.052 0.0004 0.009
4.05 0.0004 0.009
4.048 0.0004 0.009
4.046 0.0004 0.009
4.044 0.0004 0.009
4.042 0.0005 0.009
4.04 0.0005 0.009
4.038 0.0005 0.01
4.036 0.0005 0.01
4.034 0.0005 0.01
4.032 0.0005 0.01
4.03 0.0005 0.01
4.028 0.0005 0.01
4.026 0.0005 0.01
4.024 0.0005 0.01
4.022 0.0005 0.01
4.02 0.0005 0.01
4.018 0.0005 0.01
4.016 0.0005 0.01
4.014 0.0005 0.011
4.012 0.0006 0.011
4.01 0.0006 0.011
4.008 0.0006 0.011
4.006 0.0006 0.011
4.004 0.0006 0.011
4.002 0.0006 0.011
4 0.0006 0.011
3.998 0.0006 0.011
3.996 0.0006 0.011
3.994 0.0006 0.011
3.992 0.0006 0.012
3.99 0.0007 0.012
3.988 0.0007 0.012
3.986 0.0007 0.012
3.984 0.0007 0.012
3.982 0.0007 0.012
3.98 0.0007 0.012
3.978 0.0007 0.012
3.976 0.0007 0.012
3.974 0.0007 0.013
3.972 0.0008 0.013
3.97 0.0008 0.013
3.968 0.0008 0.013
3.966 0.0008 0.013
3.964 0.0008 0.013
3.962 0.0008 0.013
3.96 0.0008 0.013
3.958 0.0009 0.014
3.956 0.0009 0.014
3.954 0.0009 0.014
3.952 0.0009 0.014
3.95 0.0009 0.014
3.948 0.0009 0.014
3.946 0.001 0.014
3.944 0.001 0.015
3.942 0.001 0.015
3.94 0.001 0.015
3.938 0.001 0.015
3.936 0.0011 0.015
3.934 0.0011 0.015
3.932 0.0011 0.016
3.93 0.0011 0.016
3.928 0.0012 0.016
3.926 0.0012 0.016
3.924 0.0012 0.016
3.922 0.0012 0.017
3.92 0.0013 0.017
3.918 0.0013 0.017
3.916 0.0013 0.017
3.914 0.0014 0.017
3.912 0.0014 0.018
3.91 0.0014 0.018
3.908 0.0015 0.018
3.906 0.0015 0.018
3.904 0.0016 0.019
3.902 0.0016 0.019
3.9 0.0017 0.019
3.898 0.0017 0.019
3.896 0.0018 0.02
3.894 0.0018 0.02
3.892 0.0019 0.02
3.89 0.0019 0.021
3.888 0.002 0.021
3.886 0.0021 0.021
3.884 0.0022 0.021
3.882 0.0022 0.022
3.88 0.0023 0.022
3.878 0.0024 0.023
3.876 0.0025 0.023
3.874 0.0026 0.023
3.872 0.0027 0.024
3.87 0.0028 0.024
3.868 0.003 0.025
3.866 0.0031 0.025
3.864 0.0033 0.026
3.862 0.0034 0.026
3.86 0.0036 0.027
3.858 0.0038 0.027
3.856 0.004 0.028
3.854 0.0043 0.029
3.852 0.0046 0.029
3.85 0.0049 0.03
3.848 0.0052 0.031
3.846 0.0056 0.032
3.844 0.0061 0.033
3.842 0.0066 0.034
3.84 0.0073 0.035
3.838 0.008 0.036
3.836 0.0088 0.038
3.834 0.0099 0.039
3.832 0.0111 0.041
3.83 0.0127 0.043
3.828 0.0146 0.045
3.826 0.0172 0.047
3.824 0.0204 0.05
3.822 0.0248 0.054
3.82 0.0308 0.058
3.818 0.0393 0.064
3.816 0.0516 0.071
3.814 0.0697 0.081
3.812 0.096 0.094
3.81 0.1302 0.112
3.808 0.1616 0.136
3.806 0.1675 0.162
3.804 0.1424 0.187
3.802 0.1075 0.207
3.8 0.0786 0.222
3.798 0.0584 0.233
3.796 0.0448 0.241
3.794 0.0356 0.247
3.792 0.0293 0.253
3.79 0.0248 0.257
3.788 0.0217 0.261
3.786 0.0194 0.264
3.784 0.0178 0.267
3.782 0.0167 0.27
3.78 0.016 0.272
3.778 0.0155 0.275
3.776 0.0154 0.277
3.774 0.0154 0.28
3.772 0.0157 0.282
3.77 0.0161 0.285
3.768 0.0168 0.287
3.766 0.0177 0.29
3.764 0.0189 0.293
3.762 0.0204 0.296
3.76 0.0222 0.3
3.758 0.0245 0.303
3.756 0.0273 0.308
3.754 0.0309 0.312
3.752 0.0353 0.318
3.75 0.041 0.324
3.748 0.0484 0.331
3.746 0.0582 0.339
3.744 0.0715 0.35
3.742 0.0899 0.363
3.74 0.116 0.379
3.738 0.1542 0.401
3.736 0.2106 0.43
3.734 0.292 0.47
3.732 0.3958 0.525
3.73 0.4847 0.596
3.728 0.4906 0.674
3.726 0.4079 0.746
3.724 0.3032 0.803
3.722 0.2191 0.845
3.72 0.1604 0.875
3.718 0.1208 0.897
3.716 0.0938 0.915
3.714 0.0749 0.928
3.712 0.0615 0.939
3.71 0.0516 0.948
3.708 0.0443 0.956
3.706 0.0388 0.962
3.704 0.0346 0.968
3.702 0.0313 0.974
3.7 0.0289 0.978
3.698 0.027 0.983
3.696 0.0256 0.987
3.694 0.0247 0.991
3.692 0.0242 0.995
3.69 0.024 0.999
3.688 0.0242 1.003
3.686 0.0247 1.007
3.684 0.0256 1.011
3.682 0.027 1.015
3.68 0.0289 1.019
3.678 0.0313 1.024
3.676 0.0346 1.029
3.674 0.0388 1.035
3.672 0.0443 1.042
3.67 0.0517 1.05
3.668 0.0615 1.059
3.666 0.075 1.07
3.664 0.0938 1.083
3.662 0.1208 1.1
3.66 0.1604 1.123
3.658 0.2191 1.153
3.656 0.3032 1.195
3.654 0.4079 1.252
3.652 0.4906 1.324
3.65 0.4847 1.402
3.648 0.3958 1.472
3.646 0.292 1.527
3.644 0.2106 1.568
3.642 0.1542 1.597
3.64 0.1161 1.619
3.638 0.0899 1.635
3.636 0.0715 1.648
3.634 0.0582 1.658
3.632 0.0484 1.667
3.63 0.041 1.674
3.628 0.0353 1.68
3.626 0.0309 1.685
3.624 0.0273 1.69
3.622 0.0245 1.694
3.62 0.0222 1.698
3.618 0.0204 1.701
3.616 0.0189 1.705
3.614 0.0177 1.708
3.612 0.0168 1.71
3.61 0.0161 1.713
3.608 0.0157 1.715
3.606 0.0154 1.718
3.604 0.0154 1.72
3.602 0.0156 1.723
3.6 0.016 1.725
3.598 0.0167 1.728
3.596 0.0179 1.731
3.594 0.0195 1.734
3.592 0.0217 1.737
3.59 0.0248 1.741
3.588 0.0293 1.745
3.586 0.0356 1.75
3.584 0.0448 1.757
3.582 0.0584 1.765
3.58 0.0786 1.776
3.578 0.1075 1.791
3.576 0.1424 1.811
3.574 0.1675 1.836
3.572 0.1616 1.862
3.57 0.1302 1.885
3.568 0.096 1.904
3.566 0.0697 1.917
3.564 0.0516 1.926
3.562 0.0393 1.934
3.56 0.0308 1.939
3.558 0.0248 1.944
3.556 0.0204 1.947
3.554 0.0172 1.95
3.552 0.0147 1.953
3.55 0.0127 1.955
3.548 0.0112 1.957
3.546 0.0099 1.959
3.544 0.0089 1.96
3.542 0.008 1.962
3.54 0.0073 1.963
3.538 0.0067 1.964
3.536 0.0061 1.965
3.534 0.0057 1.966
3.532 0.0053 1.967
3.53 0.0049 1.968
3.528 0.0046 1.968
3.526 0.0043 1.969
3.524 0.0041 1.97
3.522 0.0038 1.97
3.52 0.0036 1.971
3.518 0.0034 1.972
3.516 0.0033 1.972
3.514 0.0031 1.973
3.512 0.003 1.973
3.51 0.0029 1.974
3.508 0.0027 1.974
3.506 0.0026 1.974
3.504 0.0025 1.975
3.502 0.0024 1.975
3.5 0.0023 1.976
3.498 0.0022 1.976
3.496 0.0022 1.976
3.494 0.0021 1.977
3.492 0.002 1.977
3.49 0.002 1.977
3.488 0.0019 1.978
3.486 0.0018 1.978
3.484 0.0018 1.978
3.482 0.0017 1.979
3.48 0.0017 1.979
3.478 0.0016 1.979
3.476 0.0016 1.979
3.474 0.0015 1.98
3.472 0.0015 1.98
3.47 0.0015 1.98
3.468 0.0014 1.98
3.466 0.0014 1.981
3.464 0.0014 1.981
3.462 0.0013 1.981
3.46 0.0013 1.981
3.458 0.0013 1.981
3.456 0.0012 1.982
3.454 0.0012 1.982
3.452 0.0012 1.982
3.45 0.0012 1.982
3.448 0.0011 1.982
3.446 0.0011 1.983
3.444 0.0011 1.983
3.442 0.0011 1.983
3.44 0.001 1.983
3.438 0.001 1.983
3.436 0.001 1.983
3.434 0.001 1.984
3.432 0.001 1.984
3.43 0.0009 1.984
3.428 0.0009 1.984
3.426 0.0009 1.984
3.424 0.0009 1.984
3.422 0.0009 1.984
3.42 0.0009 1.985
3.418 0.0009 1.985
3.416 0.0008 1.985
3.414 0.0008 1.985
3.412 0.0008 1.985
3.41 0.0008 1.985
3.408 0.0008 1.985
3.406 0.0008 1.985
3.404 0.0008 1.986
3.402 0.0007 1.986
3.4 0.0007 1.986
3.398 0.0007 1.986
3.396 0.0007 1.986
3.394 0.0007 1.986
3.392 0.0007 1.986
3.39 0.0007 1.986
3.388 0.0007 1.987
3.386 0.0007 1.987
3.384 0.0007 1.987
3.382 0.0006 1.987
3.38 0.0006 1.987
3.378 0.0006 1.987
3.376 0.0006 1.987
3.374 0.0006 1.987
3.372 0.0006 1.987
3.37 0.0006 1.987
3.368 0.0006 1.988
3.366 0.0006 1.988
3.364 0.0006 1.988
3.362 0.0006 1.988
3.36 0.0006 1.988
3.358 0.0006 1.988
3.356 0.0005 1.988
3.354 0.0005 1.988
3.352 0.0005 1.988
3.35 0.0005 1.988
3.348 0.0005 1.988
3.346 0.0005 1.988
3.344 0.0005 1.989
3.342 0.0005 1.989
3.34 0.0005 1.989
3.338 0.0005 1.989
3.336 0.0005 1.989
3.334 0.0005 1.989
3.332 0.0005 1.989
3.33 0.0005 1.989
3.328 0.0005 1.989
3.326 0.0005 1.989
3.324 0.0005 1.989
3.322 0.0005 1.989
3.32 0.0005 1.989
3.318 0.0004 1.99
3.316 0.0004 1.99
3.314 0.0004 1.99
3.312 0.0004 1.99
3.31 0.0004 1.99
3.308 0.0004 1.99
3.306 0.0004 1.99
3.304 0.0004 1.99
3.302 0.0004 1.99
3.3 0.0004 1.99
3.298 0.0004 1.99
3.296 0.0004 1.99
3.294 0.0004 1.99
3.292 0.0004 1.99
3.29 0.0004 1.991
3.288 0.0004 1.991
3.286 0.0004 1.991
3.284 0.0004 1.991
3.282 0.0004 1.991
3.28 0.0004 1.991
3.278 0.0004 1.991
3.276 0.0004 1.991
3.274 0.0004 1.991
3.272 0.0004 1.991
3.27 0.0004 1.991
3.268 0.0004 1.991
3.266 0.0004 1.991
3.264 0.0004 1.991
3.262 0.0004 1.991
3.26 0.0004 1.991
3.258 0.0004 1.991
3.256 0.0003 1.992
3.254 0.0003 1.992
3.252 0.0003 1.992
3.25 0.0003 1.992
3.248 0.0003 1.992
3.246 0.0003 1.992
3.244 0.0003 1.992
3.242 0.0003 1.992
3.24 0.0003 1.992
3.238 0.0003 1.992
3.236 0.0003 1.992
3.234 0.0003 1.992
3.232 0.0003 1.992
3.23 0.0003 1.992
3.228 0.0003 1.992
3.226 0.0003 1.992
3.224 0.0003 1.992
3.222 0.0003 1.992
3.22 0.0003 1.992
3.218 0.0003 1.993
3.216 0.0003 1.993
3.214 0.0003 1.993
3.212 0.0003 1.993
3.21 0.0003 1.993
3.208 0.0003 1.993
3.206 0.0003 1.993
3.204 0.0003 1.993
3.202 0.0003 1.993
3.2 0.0003 1.993
3.198 0.0003 1.993
3.196 0.0003 1.993
3.194 0.0003 1.993
3.192 0.0003 1.993
3.19 0.0003 1.993
3.188 0.0003 1.993
3.186 0.0003 1.993
3.184 0.0003 1.993
3.182 0.0003 1.993
3.18 0.0003 1.993
3.178 0.0003 1.993
3.176 0.0003 1.994
3.174 0.0003 1.994
3.172 0.0003 1.994
3.17 0.0003 1.994
3.168 0.0003 1.994
3.166 0.0003 1.994
3.164 0.0003 1.994
3.162 0.0003 1.994
3.16 0.0003 1.994
3.158 0.0003 1.994
3.156 0.0003 1.994
3.154 0.0003 1.994
3.152 0.0003 1.994
3.15 0.0003 1.994
3.148 0.0003 1.994
3.146 0.0003 1.994
3.144 0.0003 1.994
3.142 0.0003 1.994
3.14 0.0003 1.994
3.138 0.0003 1.994
3.136 0.0003 1.994
3.134 0.0003 1.994
3.132 0.0003 1.994
3.13 0.0003 1.995
3.128 0.0003 1.995
3.126 0.0003 1.995
3.124 0.0003 1.995
3.122 0.0003 1.995
3.12 0.0003 1.995
3.118 0.0003 1.995
3.116 0.0003 1.995
3.114 0.0003 1.995
3.112 0.0003 1.995
3.11 0.0003 1.995
3.108 0.0003 1.995
3.106 0.0003 1.995
3.104 0.0003 1.995
3.102 0.0003 1.995
3.1 0.0003 1.995
3.098 0.0003 1.995
3.096 0.0003 1.995
3.094 0.0003 1.995
3.092 0.0003 1.995
3.09 0.0003 1.995
3.088 0.0003 1.995
3.086 0.0003 1.995
3.084 0.0003 1.995
3.082 0.0003 1.996
3.08 0.0003 1.996
3.078 0.0003 1.996
3.076 0.0003 1.996
3.074 0.0003 1.996
3.072 0.0003 1.996
3.07 0.0003 1.996
3.068 0.0003 1.996
3.066 0.0003 1.996
3.064 0.0003 1.996
3.062 0.0003 1.996
3.06 0.0003 1.996
3.058 0.0003 1.996
3.056 0.0003 1.996
3.054 0.0003 1.996
3.052 0.0003 1.996
3.05 0.0003 1.996
3.048 0.0003 1.996
3.046 0.0003 1.996
3.044 0.0003 1.996
3.042 0.0003 1.996
3.04 0.0003 1.996
3.038 0.0003 1.996
3.036 0.0003 1.997
3.034 0.0003 1.997
3.032 0.0003 1.997
3.03 0.0003 1.997
3.028 0.0003 1.997
3.026 0.0003 1.997
3.024 0.0003 1.997
3.022 0.0003 1.997
3.02 0.0003 1.997
3.018 0.0003 1.997
3.016 0.0003 1.997
3.014 0.0003 1.997
3.012 0.0003 1.997
3.01 0.0003 1.997
3.008 0.0003 1.997
3.006 0.0003 1.997
3.004 0.0003 1.997
3.002 0.0003 1.997
3 0.0003 1.997
2.998 0.0003 1.997
2.996 0.0003 1.997
2.994 0.0003 1.997
2.992 0.0003 1.997
2.99 0.0003 1.998
2.988 0.0003 1.998
2.986 0.0003 1.998
2.984 0.0003 1.998
2.982 0.0003 1.998
2.98 0.0003 1.998
2.978 0.0003 1.998
2.976 0.0003 1.998
2.974 0.0003 1.998
2.972 0.0003 1.998
2.97 0.0003 1.998
2.968 0.0003 1.998
2.966 0.0003 1.998
2.964 0.0003 1.998
2.962 0.0003 1.998
2.96 0.0003 1.998
2.958 0.0003 1.998
2.956 0.0003 1.998
2.954 0.0003 1.998
2.952 0.0003 1.998
2.95 0.0003 1.999
2.948 0.0003 1.999
2.946 0.0003 1.999
2.944 0.0003 1.999
2.942 0.0003 1.999
2.94 0.0003 1.999
2.938 0.0003 1.999
2.936 0.0003 1.999
2.934 0.0003 1.999
2.932 0.0003 1.999
2.93 0.0003 1.999
2.928 0.0003 1.999
2.926 0.0003 1.999
2.924 0.0004 1.999
2.922 0.0004 1.999
2.92 0.0004 1.999
2.918 0.0004 1.999
2.916 0.0004 1.999
2.914 0.0004 1.999
2.912 0.0004 2
2.91 0.0004 2
2.908 0.0004 2
2.906 0.0004 2
2.904 0.0004 2
2.902 0.0004 2
2.9 0.0004 2
2.898 0.0004 2
2.896 0.0004 2
2.894 0.0004 2
2.892 0.0004 2
2.89 0.0004 2
2.888 0.0004 2
2.886 0.0004 2
2.884 0.0004 2
2.882 0.0004 2
2.88 0.0004 2.001
2.878 0.0004 2.001
2.876 0.0004 2.001
2.874 0.0004 2.001
2.872 0.0004 2.001
2.87 0.0005 2.001
2.868 0.0005 2.001
2.866 0.0005 2.001
2.864 0.0005 2.001
2.862 0.0005 2.001
2.86 0.0005 2.001
2.858 0.0005 2.001
2.856 0.0005 2.001
2.854 0.0005 2.002
2.852 0.0005 2.002
2.85 0.0005 2.002
2.848 0.0005 2.002
2.846 0.0005 2.002
2.844 0.0005 2.002
2.842 0.0005 2.002
2.84 0.0005 2.002
2.838 0.0006 2.002
2.836 0.0006 2.002
2.834 0.0006 2.002
2.832 0.0006 2.002
2.83 0.0006 2.003
2.828 0.0006 2.003
2.826 0.0006 2.003
2.824 0.0006 2.003
2.822 0.0006 2.003
2.82 0.0006 2.003
2.818 0.0006 2.003
2.816 0.0007 2.003
2.814 0.0007 2.003
2.812 0.0007 2.003
2.81 0.0007 2.004
2.808 0.0007 2.004
2.806 0.0007 2.004
2.804 0.0007 2.004
2.802 0.0007 2.004
2.8 0.0008 2.004
2.798 0.0008 2.004
2.796 0.0008 2.004
2.794 0.0008 2.005
2.792 0.0008 2.005
2.79 0.0008 2.005
2.788 0.0008 2.005
2.786 0.0009 2.005
2.784 0.0009 2.005
2.782 0.0009 2.005
2.78 0.0009 2.005
2.778 0.0009 2.006
2.776 0.001 2.006
2.774 0.001 2.006
2.772 0.001 2.006
2.77 0.001 2.006
2.768 0.001 2.006
2.766 0.0011 2.007
2.764 0.0011 2.007
2.762 0.0011 2.007
2.76 0.0011 2.007
2.758 0.0012 2.007
2.756 0.0012 2.007
2.754 0.0012 2.008
2.752 0.0013 2.008
2.75 0.0013 2.008
2.748 0.0013 2.008
2.746 0.0014 2.009
2.744 0.0014 2.009
2.742 0.0015 2.009
2.74 0.0015 2.009
2.738 0.0015 2.009
2.736 0.0016 2.01
2.734 0.0016 2.01
2.732 0.0017 2.01
2.73 0.0017 2.01
2.728 0.0018 2.011
2.726 0.0019 2.011
2.724 0.0019 2.011
2.722 0.002 2.012
2.72 0.002 2.012
2.718 0.0021 2.012
2.716 0.0022 2.013
2.714 0.0023 2.013
2.712 0.0024 2.013
2.71 0.0025 2.014
2.708 0.0026 2.014
2.706 0.0027 2.015
2.704 0.0028 2.015
2.702 0.0029 2.016
2.7 0.003 2.016
2.698 0.0031 2.016
2.696 0.0033 2.017
2.694 0.0034 2.018
2.692 0.0036 2.018
2.69 0.0038 2.019
2.688 0.004 2.019
2.686 0.0042 2.02
2.684 0.0044 2.021
2.682 0.0047 2.021
2.68 0.0049 2.022
2.678 0.0052 2.023
2.676 0.0055 2.024
2.674 0.0059 2.025
2.672 0.0062 2.026
2.67 0.0066 2.027
2.668 0.0071 2.028
2.666 0.0076 2.029
2.664 0.0082 2.03
2.662 0.0088 2.032
2.66 0.0095 2.033
2.658 0.0103 2.035
2.656 0.0112 2.036
2.654 0.0122 2.038
2.652 0.0133 2.04
2.65 0.0147 2.043
2.648 0.0162 2.045
2.646 0.018 2.048
2.644 0.0201 2.051
2.642 0.0226 2.054
2.64 0.0256 2.058
2.638 0.0292 2.062
2.636 0.0336 2.067
2.634 0.0391 2.073
2.632 0.046 2.08
2.63 0.0548 2.088
2.628 0.0664 2.098
2.626 0.0818 2.11
2.624 0.1029 2.124
2.622 0.1326 2.143
2.62 0.1755 2.168
2.618 0.2387 2.201
2.616 0.3314 2.247
2.614 0.4589 2.31
2.612 0.5965 2.395
2.61 0.6628 2.495
2.608 0.5965 2.596
2.606 0.4589 2.681
2.604 0.3314 2.744
2.602 0.2387 2.79
2.6 0.1755 2.823
2.598 0.1326 2.847
2.596 0.1029 2.866
2.594 0.0818 2.881
2.592 0.0664 2.893
2.59 0.0548 2.903
2.588 0.046 2.911
2.586 0.0391 2.917
2.584 0.0336 2.923
2.582 0.0292 2.928
2.58 0.0256 2.933
2.578 0.0226 2.937
2.576 0.0201 2.94
2.574 0.018 2.943
2.572 0.0162 2.946
2.57 0.0147 2.948
2.568 0.0133 2.95
2.566 0.0122 2.952
2.564 0.0112 2.954
2.562 0.0103 2.956
2.56 0.0095 2.958
2.558 0.0088 2.959
2.556 0.0082 2.96
2.554 0.0076 2.962
2.552 0.0071 2.963
2.55 0.0066 2.964
2.548 0.0062 2.965
2.546 0.0059 2.966
2.544 0.0055 2.967
2.542 0.0052 2.968
2.54 0.0049 2.969
2.538 0.0046 2.969
2.536 0.0044 2.97
2.534 0.0042 2.971
2.532 0.004 2.971
2.53 0.0038 2.972
2.528 0.0036 2.973
2.526 0.0034 2.973
2.524 0.0033 2.974
2.522 0.0031 2.974
2.52 0.003 2.975
2.518 0.0029 2.975
2.516 0.0028 2.976
2.514 0.0027 2.976
2.512 0.0026 2.977
2.51 0.0025 2.977
2.508 0.0024 2.977
2.506 0.0023 2.978
2.504 0.0022 2.978
2.502 0.0021 2.978
2.5 0.002 2.979
2.498 0.002 2.979
2.496 0.0019 2.979
2.494 0.0018 2.98
2.492 0.0018 2.98
2.49 0.0017 2.98
2.488 0.0017 2.98
2.486 0.0016 2.981
2.484 0.0016 2.981
2.482 0.0015 2.981
2.48 0.0015 2.982
2.478 0.0014 2.982
2.476 0.0014 2.982
2.474 0.0014 2.982
2.472 0.0013 2.982
2.47 0.0013 2.983
2.468 0.0013 2.983
2.466 0.0012 2.983
2.464 0.0012 2.983
2.462 0.0012 2.983
2.46 0.0011 2.984
2.458 0.0011 2.984
2.456 0.0011 2.984
2.454 0.0011 2.984
2.452 0.001 2.984
2.45 0.001 2.984
2.448 0.001 2.985
2.446 0.001 2.985
2.444 0.0009 2.985
2.442 0.0009 2.985
2.44 0.0009 2.985
2.438 0.0009 2.985
2.436 0.0009 2.985
2.434 0.0008 2.986
2.432 0.0008 2.986
2.43 0.0008 2.986
2.428 0.0008 2.986
2.426 0.0008 2.986
2.424 0.0008 2.986
2.422 0.0008 2.986
2.42 0.0007 2.987
2.418 0.0007 2.987
2.416 0.0007 2.987
2.414 0.0007 2.987
2.412 0.0007 2.987
2.41 0.0007 2.987
2.408 0.0007 2.987
2.406 0.0007 2.987
2.404 0.0006 2.987
2.402 0.0006 2.988
2.4 0.0006 2.988
2.398 0.0006 2.988
2.396 0.0006 2.988
2.394 0.0006 2.988
2.392 0.0006 2.988
2.39 0.0006 2.988
2.388 0.0006 2.988
2.386 0.0006 2.988
2.384 0.0005 2.988
2.382 0.0005 2.988
2.38 0.0005 2.989
2.378 0.0005 2.989
2.376 0.0005 2.989
2.374 0.0005 2.989
2.372 0.0005 2.989
2.37 0.0005 2.989
2.368 0.0005 2.989
2.366 0.0005 2.989
2.364 0.0005 2.989
2.362 0.0005 2.989
2.36 0.0005 2.989
2.358 0.0005 2.989
2.356 0.0005 2.989
2.354 0.0004 2.99
2.352 0.0004 2.99
2.35 0.0004 2.99
2.348 0.0004 2.99
2.346 0.0004 2.99
2.344 0.0004 2.99
2.342 0.0004 2.99
2.34 0.0004 2.99
2.338 0.0004 2.99
2.336 0.0004 2.99
2.334 0.0004 2.99
2.332 0.0004 2.99
2.33 0.0004 2.99
2.328 0.0004 2.99
2.326 0.0004 2.99
2.324 0.0004 2.991
2.322 0.0004 2.991
2.32 0.0004 2.991
2.318 0.0004 2.991
2.316 0.0004 2.991
2.314 0.0004 2.991
2.312 0.0004 2.991
2.31 0.0004 2.991
2.308 0.0003 2.991
2.306 0.0003 2.991
2.304 0.0003 2.991
2.302 0.0003 2.991
2.3 0.0003 2.991
2.298 0.0003 2.991
2.296 0.0003 2.991
2.294 0.0003 2.991
2.292 0.0003 2.991
2.29 0.0003 2.991
2.288 0.0003 2.992
2.286 0.0003 2.992
2.284 0.0003 2.992
2.282 0.0003 2.992
2.28 0.0003 2.992
2.278 0.0003 2.992
2.276 0.0003 2.992
2.274 0.0003 2.992
2.272 0.0003 2.992
2.27 0.0003 2.992
2.268 0.0003 2.992
2.266 0.0003 2.992
2.264 0.0003 2.992
2.262 0.0003 2.992
2.26 0.0003 2.992
2.258 0.0003 2.992
2.256 0.0003 2.992
2.254 0.0003 2.992
2.252 0.0003 2.992
2.25 0.0003 2.992
2.248 0.0003 2.992
2.246 0.0003 2.993
2.244 0.0003 2.993
2.242 0.0003 2.993
2.24 0.0003 2.993
2.238 0.0003 2.993
2.236 0.0003 2.993
2.234 0.0003 2.993
2.232 0.0003 2.993
2.23 0.0003 2.993
2.228 0.0003 2.993
2.226 0.0003 2.993
2.224 0.0003 2.993
2.222 0.0003 2.993
2.22 0.0003 2.993
2.218 0.0003 2.993
2.216 0.0003 2.993
2.214 0.0002 2.993
2.212 0.0002 2.993
2.21 0.0002 2.993
2.208 0.0002 2.993
2.206 0.0002 2.993
2.204 0.0002 2.993
2.202 0.0002 2.993
2.2 0.0002 2.993
2.198 0.0002 2.993
2.196 0.0002 2.994
2.194 0.0002 2.994
2.192 0.0002 2.994
2.19 0.0002 2.994
2.188 0.0002 2.994
2.186 0.0002 2.994
2.184 0.0002 2.994
2.182 0.0002 2.994
2.18 0.0002 2.994
2.178 0.0002 2.994
2.176 0.0002 2.994
2.174 0.0002 2.994
2.172 0.0002 2.994
2.17 0.0002 2.994
2.168 0.0002 2.994
2.166 0.0002 2.994
2.164 0.0002 2.994
2.162 0.0002 2.994
2.16 0.0002 2.994
2.158 0.0002 2.994
2.156 0.0002 2.994
2.154 0.0002 2.994
2.152 0.0002 2.994
2.15 0.0002 2.994
2.148 0.0002 2.994
2.146 0.0002 2.994
2.144 0.0002 2.994
2.142 0.0002 2.995
2.14 0.0002 2.995
2.138 0.0002 2.995
2.136 0.0002 2.995
2.134 0.0002 2.995
2.132 0.0002 2.995
2.13 0.0002 2.995
2.128 0.0002 2.995
2.126 0.0002 2.995
2.124 0.0002 2.995
2.122 0.0002 2.995
2.12 0.0002 2.995
2.118 0.0002 2.995
2.116 0.0002 2.995
2.114 0.0002 2.995
2.112 0.0002 2.995
2.11 0.0002 2.995
2.108 0.0002 2.995
2.106 0.0002 2.995
2.104 0.0002 2.995
2.102 0.0002 2.995
2.1 0.0002 2.995
2.098 0.0002 2.995
2.096 0.0002 2.995
2.094 0.0002 2.995
2.092 0.0002 2.995
2.09 0.0002 2.995
2.088 0.0002 2.995
2.086 0.0002 2.995
2.084 0.0002 2.995
2.082 0.0002 2.996
2.08 0.0002 2.996
2.078 0.0002 2.996
2.076 0.0002 2.996
2.074 0.0002 2.996
2.072 0.0002 2.996
2.07 0.0002 2.996
2.068 0.0002 2.996
2.066 0.0002 2.996
2.064 0.0002 2.996
2.062 0.0002 2.996
2.06 0.0002 2.996
2.058 0.0002 2.996
2.056 0.0002 2.996
2.054 0.0002 2.996
2.052 0.0002 2.996
2.05 0.0002 2.996
2.048 0.0002 2.996
2.046 0.0002 2.996
2.044 0.0002 2.996
2.042 0.0002 2.996
2.04 0.0002 2.996
2.038 0.0002 2.996
2.036 0.0002 2.996
2.034 0.0002 2.996
2.032 0.0002 2.996
2.03 0.0002 2.996
2.028 0.0002 2.996
2.026 0.0002 2.996
2.024 0.0002 2.996
2.022 0.0002 2.996
2.02 0.0002 2.997
2.018 0.0002 2.997
2.016 0.0002 2.997
2.014 0.0002 2.997
2.012 0.0002 2.997
2.01 0.0002 2.997
2.008 0.0002 2.997
2.006 0.0002 2.997
2.004 0.0002 2.997
2.002 0.0002 2.997
2 0.0002 2.997
1.998 0.0002 2.997
1.996 0.0002 2.997
1.994 0.0002 2.997
1.992 0.0002 2.997
1.99 0.0002 2.997
1.988 0.0002 2.997
1.986 0.0002 2.997
1.984 0.0002 2.997
1.982 0.0002 2.997
1.98 0.0002 2.997
1.978 0.0002 2.997
1.976 0.0002 2.997
1.974 0.0002 2.997
1.972 0.0002 2.997
1.97 0.0002 2.997
1.968 0.0002 2.997
1.966 0.0002 2.997
1.964 0.0002 2.997
1.962 0.0002 2.997
1.96 0.0002 2.998
1.958 0.0002 2.998
1.956 0.0002 2.998
1.954 0.0002 2.998
1.952 0.0002 2.998
1.95 0.0002 2.998
1.948 0.0002 2.998
1.946 0.0002 2.998
1.944 0.0002 2.998
1.942 0.0002 2.998
1.94 0.0002 2.998
1.938 0.0002 2.998
1.936 0.0002 2.998
1.934 0.0002 2.998
1.932 0.0002 2.998
1.93 0.0002 2.998
1.928 0.0002 2.998
1.926 0.0002 2.998
1.924 0.0002 2.998
1.922 0.0002 2.998
1.92 0.0002 2.998
1.918 0.0002 2.998
1.916 0.0002 2.998
1.914 0.0002 2.998
1.912 0.0002 2.998
1.91 0.0002 2.998
1.908 0.0002 2.998
1.906 0.0002 2.998
1.904 0.0002 2.998
1.902 0.0002 2.999
1.9 0.0002 2.999
1.898 0.0002 2.999
1.896 0.0002 2.999
1.894 0.0002 2.999
1.892 0.0002 2.999
1.89 0.0002 2.999
1.888 0.0002 2.999
1.886 0.0002 2.999
1.884 0.0002 2.999
1.882 0.0002 2.999
1.88 0.0002 2.999
1.878 0.0002 2.999
1.876 0.0002 2.999
1.874 0.0002 2.999
1.872 0.0002 2.999
1.87 0.0002 2.999
1.868 0.0002 2.999
1.866 0.0002 2.999
1.864 0.0002 2.999
1.862 0.0002 2.999
1.86 0.0002 2.999
1.858 0.0002 2.999
1.856 0.0002 2.999
1.854 0.0002 2.999
1.852 0.0002 2.999
1.85 0.0002 2.999
1.848 0.0002 3
1.846 0.0002 3
1.844 0.0002 3
1.842 0.0003 3
1.84 0.0003 3
1.838 0.0003 3
1.836 0.0003 3
1.834 0.0003 3
1.832 0.0003 3
1.83 0.0003 3
1.828 0.0003 3
1.826 0.0003 3
1.824 0.0003 3
1.822 0.0003 3
1.82 0.0003 3
1.818 0.0003 3
1.816 0.0003 3
1.814 0.0003 3
1.812 0.0003 3
1.81 0.0003 3
1.808 0.0003 3
1.806 0.0003 3
1.804 0.0003 3
1.802 0.0003 3
1.8 0.0003 3.001
1.798 0.0003 3.001
1.796 0.0003 3.001
1.794 0.0003 3.001
1.792 0.0003 3.001
1.79 0.0003 3.001
1.788 0.0003 3.001
1.786 0.0003 3.001
1.784 0.0003 3.001
1.782 0.0003 3.001
1.78 0.0003 3.001
1.778 0.0003 3.001
1.776 0.0003 3.001
1.774 0.0003 3.001
1.772 0.0003 3.001
1.77 0.0003 3.001
1.768 0.0003 3.001
1.766 0.0003 3.001
1.764 0.0003 3.001
1.762 0.0003 3.001
1.76 0.0003 3.001
1.758 0.0003 3.002
1.756 0.0003 3.002
1.754 0.0003 3.002
1.752 0.0003 3.002
1.75 0.0003 3.002
1.748 0.0003 3.002
1.746 0.0003 3.002
1.744 0.0003 3.002
1.742 0.0003 3.002
1.74 0.0003 3.002
1.738 0.0003 3.002
1.736 0.0003 3.002
1.734 0.0003 3.002
1.732 0.0003 3.002
1.73 0.0003 3.002
1.728 0.0003 3.002
1.726 0.0003 3.002
1.724 0.0003 3.002
1.722 0.0003 3.002
1.72 0.0004 3.003
1.718 0.0004 3.003
1.716 0.0004 3.003
1.714 0.0004 3.003
1.712 0.0004 3.003
1.71 0.0004 3.003
1.708 0.0004 3.003
1.706 0.0004 3.003
1.704 0.0004 3.003
1.702 0.0004 3.003
1.7 0.0004 3.003
1.698 0.0004 3.003
1.696 0.0004 3.003
1.694 0.0004 3.003
1.692 0.0004 3.003
1.69 0.0004 3.003
1.688 0.0004 3.003
1.686 0.0004 3.004
1.684 0.0004 3.004
1.682 0.0004 3.004
1.68 0.0004 3.004
1.678 0.0004 3.004
1.676 0.0004 3.004
1.674 0.0004 3.004
1.672 0.0004 3.004
1.67 0.0004 3.004
1.668 0.0004 3.004
1.666 0.0004 3.004
1.664 0.0004 3.004
1.662 0.0004 3.004
1.66 0.0004 3.004
1.658 0.0004 3.004
1.656 0.0005 3.005
1.654 0.0005 3.005
1.652 0.0005 3.005
1.65 0.0005 3.005
1.648 0.0005 3.005
1.646 0.0005 3.005
1.644 0.0005 3.005
1.642 0.0005 3.005
1.64 0.0005 3.005
1.638 0.0005 3.005
1.636 0.0005 3.005
1.634 0.0005 3.005
1.632 0.0005 3.005
1.63 0.0005 3.006
1.628 0.0005 3.006
1.626 0.0005 3.006
1.624 0.0005 3.006
1.622 0.0005 3.006
1.62 0.0005 3.006
1.618 0.0005 3.006
1.616 0.0005 3.006
1.614 0.0006 3.006
1.612 0.0006 3.006
1.61 0.0006 3.006
1.608 0.0006 3.007
1.606 0.0006 3.007
1.604 0.0006 3.007
1.602 0.0006 3.007
1.6 0.0006 3.007
1.598 0.0006 3.007
1.596 0.0006 3.007
1.594 0.0006 3.007
1.592 0.0006 3.007
1.59 0.0006 3.007
1.588 0.0006 3.007
1.586 0.0006 3.008
1.584 0.0006 3.008
1.582 0.0007 3.008
1.58 0.0007 3.008
1.578 0.0007 3.008
1.576 0.0007 3.008
1.574 0.0007 3.008
1.572 0.0007 3.008
1.57 0.0007 3.008
1.568 0.0007 3.009
1.566 0.0007 3.009
1.564 0.0007 3.009
1.562 0.0007 3.009
1.56 0.0007 3.009
1.558 0.0008 3.009
1.556 0.0008 3.009
1.554 0.0008 3.009
1.552 0.0008 3.01
1.55 0.0008 3.01
1.548 0.0008 3.01
1.546 0.0008 3.01
1.544 0.0008 3.01
1.542 0.0008 3.01
1.54 0.0009 3.01
1.538 0.0009 3.01
1.536 0.0009 3.011
1.534 0.0009 3.011
1.532 0.0009 3.011
1.53 0.0009 3.011
1.528 0.0009 3.011
1.526 0.0009 3.011
1.524 0.001 3.011
1.522 0.001 3.012
1.52 0.001 3.012
1.518 0.001 3.012
1.516 0.001 3.012
1.514 0.001 3.012
1.512 0.001 3.012
1.51 0.0011 3.013
1.508 0.0011 3.013
1.506 0.0011 3.013
1.504 0.0011 3.013
1.502 0.0011 3.013
1.5 0.0012 3.013
1.498 0.0012 3.014
1.496 0.0012 3.014
1.494 0.0012 3.014
1.492 0.0012 3.014
1.49 0.0013 3.014
1.488 0.0013 3.015
1.486 0.0013 3.015
1.484 0.0013 3.015
1.482 0.0013 3.015
1.48 0.0014 3.015
1.478 0.0014 3.016
1.476 0.0014 3.016
1.474 0.0014 3.016
1.472 0.0015 3.016
1.47 0.0015 3.017
1.468 0.0015 3.017
1.466 0.0016 3.017
1.464 0.0016 3.017
1.462 0.0016 3.018
1.46 0.0017 3.018
1.458 0.0017 3.018
1.456 0.0017 3.018
1.454 0.0018 3.019
1.452 0.0018 3.019
1.45 0.0019 3.019
1.448 0.0019 3.02
1.446 0.0019 3.02
1.444 0.002 3.02
1.442 0.002 3.021
1.44 0.0021 3.021
1.438 0.0021 3.021
1.436 0.0022 3.022
1.434 0.0022 3.022
1.432 0.0023 3.022
1.43 0.0023 3.023
1.428 0.0024 3.023
1.426 0.0025 3.023
1.424 0.0025 3.024
1.422 0.0026 3.024
1.42 0.0027 3.025
1.418 0.0028 3.025
1.416 0.0028 3.026
1.414 0.0029 3.026
1.412 0.003 3.026
1.41 0.0031 3.027
1.408 0.0032 3.027
1.406 0.0033 3.028
1.404 0.0034 3.029
1.402 0.0035 3.029
1.4 0.0036 3.03
1.398 0.0038 3.03
1.396 0.0039 3.031
1.394 0.0041 3.031
1.392 0.0042 3.032
1.39 0.0044 3.033
1.388 0.0045 3.034
1.386 0.0047 3.034
1.384 0.0049 3.035
1.382 0.0051 3.036
1.38 0.0054 3.037
1.378 0.0056 3.038
1.376 0.0059 3.039
1.374 0.0062 3.039
1.372 0.0065 3.04
1.37 0.0068 3.042
1.368 0.0072 3.043
1.366 0.0076 3.044
1.364 0.008 3.045
1.362 0.0085 3.046
1.36 0.009 3.048
1.358 0.0096 3.049
1.356 0.0103 3.051
1.354 0.011 3.053
1.352 0.0119 3.054
1.35 0.0128 3.056
1.348 0.0139 3.059
1.346 0.0151 3.061
1.344 0.0165 3.063
1.342 0.0182 3.066
1.34 0.0201 3.069
1.338 0.0224 3.073
1.336 0.0252 3.076
1.334 0.0286 3.081
1.332 0.0327 3.086
1.33 0.0379 3.091
1.328 0.0445 3.098
1.326 0.0531 3.106
1.324 0.0645 3.115
1.322 0.08 3.127
1.32 0.1016 3.141
1.318 0.1326 3.16
1.316 0.1782 3.185
1.314 0.2452 3.219
1.312 0.3384 3.266
1.31 0.4434 3.328
1.308 0.503 3.404
1.306 0.4639 3.481
1.304 0.3632 3.547
1.302 0.2656 3.598
1.3 0.1935 3.635
1.298 0.1445 3.662
1.296 0.1115 3.682
1.294 0.0888 3.698
1.292 0.073 3.711
1.29 0.0616 3.722
1.288 0.0534 3.731
1.286 0.0474 3.739
1.284 0.0429 3.746
1.282 0.0397 3.753
1.28 0.0374 3.759
1.278 0.0358 3.765
1.276 0.0349 3.771
1.274 0.0346 3.776
1.272 0.0347 3.782
1.27 0.0354 3.787
1.268 0.0366 3.793
1.266 0.0383 3.799
1.264 0.0406 3.805
1.262 0.0437 3.812
1.26 0.0475 3.82
1.258 0.0524 3.828
1.256 0.0585 3.836
1.254 0.0663 3.846
1.252 0.0763 3.858
1.25 0.0893 3.871
1.248 0.1063 3.887
1.246 0.1293 3.906
1.244 0.1608 3.929
1.242 0.2052 3.958
1.24 0.2693 3.996
1.238 0.364 4.047
1.236 0.5031 4.116
1.234 0.6942 4.212
1.232 0.9006 4.34
1.23 1 4.492
1.228 0.9006 4.644
1.226 0.6942 4.772
1.224 0.5031 4.867
1.222 0.364 4.937
1.22 0.2693 4.988
1.218 0.2052 5.026
1.216 0.1608 5.055
1.214 0.1293 5.078
1.212 0.1063 5.097
1.21 0.0893 5.113
1.208 0.0763 5.126
1.206 0.0663 5.137
1.204 0.0585 5.147
1.202 0.0524 5.156
1.2 0.0475 5.164
1.198 0.0437 5.171
1.196 0.0406 5.178
1.194 0.0383 5.184
1.192 0.0366 5.19
1.19 0.0354 5.196
1.188 0.0347 5.202
1.186 0.0346 5.207
1.184 0.0349 5.213
1.182 0.0358 5.219
1.18 0.0374 5.224
1.178 0.0397 5.231
1.176 0.0429 5.237
1.174 0.0474 5.244
1.172 0.0534 5.253
1.17 0.0616 5.262
1.168 0.073 5.273
1.166 0.0888 5.285
1.164 0.1114 5.302
1.162 0.1445 5.322
1.16 0.1935 5.349
1.158 0.2656 5.386
1.156 0.3632 5.436
1.154 0.4639 5.502
1.152 0.503 5.58
1.15 0.4434 5.656
1.148 0.3384 5.718
1.146 0.2452 5.765
1.144 0.1782 5.799
1.142 0.1326 5.824
1.14 0.1016 5.842
1.138 0.0799 5.857
1.136 0.0645 5.868
1.134 0.0531 5.878
1.132 0.0445 5.886
1.13 0.0379 5.892
1.128 0.0327 5.898
1.126 0.0286 5.903
1.124 0.0252 5.907
1.122 0.0224 5.911
1.12 0.0201 5.914
1.118 0.0182 5.917
1.116 0.0165 5.92
1.114 0.0151 5.923
1.112 0.0139 5.925
1.11 0.0128 5.927
1.108 0.0118 5.929
1.106 0.011 5.931
1.104 0.0103 5.933
1.102 0.0096 5.934
1.1 0.009 5.936
1.098 0.0085 5.937
1.096 0.008 5.939
1.094 0.0076 5.94
1.092 0.0072 5.941
1.09 0.0068 5.942
1.088 0.0065 5.943
1.086 0.0062 5.944
1.084 0.0059 5.945
1.082 0.0056 5.946
1.08 0.0054 5.947
1.078 0.0051 5.948
1.076 0.0049 5.949
1.074 0.0047 5.949
1.072 0.0045 5.95
1.07 0.0044 5.951
1.068 0.0042 5.951
1.066 0.004 5.952
1.064 0.0039 5.953
1.062 0.0038 5.953
1.06 0.0036 5.954
1.058 0.0035 5.955
1.056 0.0034 5.955
1.054 0.0033 5.956
1.052 0.0032 5.956
1.05 0.0031 5.957
1.048 0.003 5.957
1.046 0.0029 5.958
1.044 0.0028 5.958
1.042 0.0027 5.958
1.04 0.0027 5.959
1.038 0.0026 5.959
1.036 0.0025 5.96
1.034 0.0025 5.96
1.032 0.0024 5.961
1.03 0.0023 5.961
1.028 0.0023 5.961
1.026 0.0022 5.962
1.024 0.0022 5.962
1.022 0.0021 5.962
1.02 0.0021 5.963
1.018 0.002 5.963
1.016 0.002 5.963
1.014 0.0019 5.964
1.012 0.0019 5.964
1.01 0.0018 5.964
1.008 0.0018 5.965
1.006 0.0018 5.965
1.004 0.0017 5.965
1.002 0.0017 5.965
1 0.0017 5.966
0.998 0.0016 5.966
0.996 0.0016 5.966
0.994 0.0016 5.966
0.992 0.0015 5.967
0.99 0.0015 5.967
0.988 0.0015 5.967
0.986 0.0014 5.967
0.984 0.0014 5.968
0.982 0.0014 5.968
0.98 0.0014 5.968
0.978 0.0013 5.968
0.976 0.0013 5.968
0.974 0.0013 5.969
0.972 0.0013 5.969
0.97 0.0012 5.969
0.968 0.0012 5.969
0.966 0.0012 5.969
0.964 0.0012 5.97
0.962 0.0012 5.97
0.96 0.0011 5.97
0.958 0.0011 5.97
0.956 0.0011 5.97
0.954 0.0011 5.971
0.952 0.0011 5.971
0.95 0.001 5.971
0.948 0.001 5.971
0.946 0.001 5.971
0.944 0.001 5.971
0.942 0.001 5.972
0.94 0.001 5.972
0.938 0.001 5.972
0.936 0.0009 5.972
0.934 0.0009 5.972
0.932 0.0009 5.972
0.93 0.0009 5.972
0.928 0.0009 5.973
0.926 0.0009 5.973
0.924 0.0009 5.973
0.922 0.0008 5.973
0.92 0.0008 5.973
0.918 0.0008 5.973
0.916 0.0008 5.973
0.914 0.0008 5.974
0.912 0.0008 5.974
0.91 0.0008 5.974
0.908 0.0008 5.974
0.906 0.0008 5.974
0.904 0.0008 5.974
0.902 0.0007 5.974
0.9 0.0007 5.974
0.898 0.0007 5.975
0.896 0.0007 5.975
0.894 0.0007 5.975
0.892 0.0007 5.975
0.89 0.0007 5.975
0.888 0.0007 5.975
0.886 0.0007 5.975
0.884 0.0007 5.975
0.882 0.0007 5.975
0.88 0.0006 5.975
0.878 0.0006 5.976
0.876 0.0006 5.976
0.874 0.0006 5.976
0.872 0.0006 5.976
0.87 0.0006 5.976
0.868 0.0006 5.976
0.866 0.0006 5.976
0.864 0.0006 5.976
0.862 0.0006 5.976
0.86 0.0006 5.976
0.858 0.0006 5.977
0.856 0.0006 5.977
0.854 0.0006 5.977
0.852 0.0005 5.977
0.85 0.0005 5.977
0.848 0.0005 5.977
0.846 0.0005 5.977
0.844 0.0005 5.977
0.842 0.0005 5.977
0.84 0.0005 5.977
0.838 0.0005 5.977
0.836 0.0005 5.978
0.834 0.0005 5.978
0.832 0.0005 5.978
0.83 0.0005 5.978
0.828 0.0005 5.978
0.826 0.0005 5.978
0.824 0.0005 5.978
0.822 0.0005 5.978
0.82 0.0005 5.978
0.818 0.0005 5.978
0.816 0.0005 5.978
0.814 0.0004 5.978
0.812 0.0004 5.978
0.81 0.0004 5.978
0.808 0.0004 5.979
0.806 0.0004 5.979
0.804 0.0004 5.979
0.802 0.0004 5.979
0.8 0.0004 5.979
0.798 0.0004 5.979
0.796 0.0004 5.979
0.794 0.0004 5.979
0.792 0.0004 5.979
0.79 0.0004 5.979
0.788 0.0004 5.979
0.786 0.0004 5.979
0.784 0.0004 5.979
0.782 0.0004 5.979
0.78 0.0004 5.979
0.778 0.0004 5.98
0.776 0.0004 5.98
0.774 0.0004 5.98
0.772 0.0004 5.98
0.77 0.0004 5.98
0.768 0.0004 5.98
0.766 0.0004 5.98
0.764 0.0004 5.98
0.762 0.0004 5.98
0.76 0.0004 5.98
0.758 0.0003 5.98
0.756 0.0003 5.98
0.754 0.0003 5.98
0.752 0.0003 5.98
0.75 0.0003 5.98
0.748 0.0003 5.98
0.746 0.0003 5.98
0.744 0.0003 5.98
0.742 0.0003 5.981
0.74 0.0003 5.981
0.738 0.0003 5.981
0.736 0.0003 5.981
0.734 0.0003 5.981
0.732 0.0003 5.981
0.73 0.0003 5.981
0.728 0.0003 5.981
0.726 0.0003 5.981
0.724 0.0003 5.981
0.722 0.0003 5.981
0.72 0.0003 5.981
0.718 0.0003 5.981
0.716 0.0003 5.981
0.714 0.0003 5.981
0.712 0.0003 5.981
0.71 0.0003 5.981
0.708 0.0003 5.981
0.706 0.0003 5.981
0.704 0.0003 5.981
0.702 0.0003 5.982
0.7 0.0003 5.982
0.698 0.0003 5.982
0.696 0.0003 5.982
0.694 0.0003 5.982
0.692 0.0003 5.982
0.69 0.0003 5.982
0.688 0.0003 5.982
0.686 0.0003 5.982
0.684 0.0003 5.982
0.682 0.0003 5.982
0.68 0.0003 5.982
0.678 0.0003 5.982
0.676 0.0003 5.982
0.674 0.0003 5.982
0.672 0.0002 5.982
0.67 0.0002 5.982
0.668 0.0002 5.982
0.666 0.0002 5.982
0.664 0.0002 5.982
0.662 0.0002 5.982
0.66 0.0002 5.982
0.658 0.0002 5.982
0.656 0.0002 5.982
0.654 0.0002 5.982
0.652 0.0002 5.983
0.65 0.0002 5.983
0.648 0.0002 5.983
0.646 0.0002 5.983
0.644 0.0002 5.983
0.642 0.0002 5.983
0.64 0.0002 5.983
0.638 0.0002 5.983
0.636 0.0002 5.983
0.634 0.0002 5.983
0.632 0.0002 5.983
0.63 0.0002 5.983
0.628 0.0002 5.983
0.626 0.0002 5.983
0.624 0.0002 5.983
0.622 0.0002 5.983
0.62 0.0002 5.983
0.618 0.0002 5.983
0.616 0.0002 5.983
0.614 0.0002 5.983
0.612 0.0002 5.983
0.61 0.0002 5.983
0.608 0.0002 5.983
0.606 0.0002 5.983
0.604 0.0002 5.983
0.602 0.0002 5.983
0.6 0.0002 5.983
0.598 0.0002 5.983
0.596 0.0002 5.983
0.594 0.0002 5.983
0.592 0.0002 5.984
0.59 0.0002 5.984
0.588 0.0002 5.984
0.586 0.0002 5.984
0.584 0.0002 5.984
0.582 0.0002 5.984
0.58 0.0002 5.984
0.578 0.0002 5.984
0.576 0.0002 5.984
0.574 0.0002 5.984
0.572 0.0002 5.984
0.57 0.0002 5.984
0.568 0.0002 5.984
0.566 0.0002 5.984
0.564 0.0002 5.984
0.562 0.0002 5.984
0.56 0.0002 5.984
0.558 0.0002 5.984
0.556 0.0002 5.984
0.554 0.0002 5.984
0.552 0.0002 5.984
0.55 0.0002 5.984
0.548 0.0002 5.984
0.546 0.0002 5.984
0.544 0.0002 5.984
0.542 0.0002 5.984
0.54 0.0002 5.984
0.538 0.0002 5.984
0.536 0.0002 5.984
0.534 0.0002 5.984
0.532 0.0002 5.984
0.53 0.0002 5.984
0.528 0.0002 5.984
0.526 0.0002 5.984
0.524 0.0002 5.984
0.522 0.0002 5.984
0.52 0.0002 5.985
0.518 0.0002 5.985
0.516 0.0002 5.985
0.514 0.0002 5.985
0.512 0.0002 5.985
0.51 0.0002 5.985
0.508 0.0001 5.985
0.506 0.0001 5.985
0.504 0.0001 5.985
0.502 0.0001 5.985
0.5 0.0001 5.985
0.498 0.0001 5.985
0.496 0.0001 5.985
0.494 0.0001 5.985
0.492 0.0001 5.985
0.49 0.0001 5.985
0.488 0.0001 5.985
0.486 0.0001 5.985
0.484 0.0001 5.985
0.482 0.0001 5.985
0.48 0.0001 5.985
0.478 0.0001 5.985
0.476 0.0001 5.985
0.474 0.0001 5.985
0.472 0.0001 5.985
0.47 0.0001 5.985
0.468 0.0001 5.985
0.466 0.0001 5.985
0.464 0.0001 5.985
0.462 0.0001 5.985
0.46 0.0001 5.985
0.458 0.0001 5.985
0.456 0.0001 5.985
0.454 0.0001 5.985
0.452 0.0001 5.985
0.45 0.0001 5.985
0.448 0.0001 5.985
0.446 0.0001 5.985
0.444 0.0001 5.985
0.442 0.0001 5.985
0.44 0.0001 5.985
0.438 0.0001 5.985
0.436 0.0001 5.985
0.434 0.0001 5.985
0.432 0.0001 5.985
0.43 0.0001 5.986
0.428 0.0001 5.986
0.426 0.0001 5.986
0.424 0.0001 5.986
0.422 0.0001 5.986
0.42 0.0001 5.986
0.418 0.0001 5.986
0.416 0.0001 5.986
0.414 0.0001 5.986
0.412 0.0001 5.986
0.41 0.0001 5.986
0.408 0.0001 5.986
0.406 0.0001 5.986
0.404 0.0001 5.986
0.402 0.0001 5.986
0.4 0.0001 5.986
0.398 0.0001 5.986
0.396 0.0001 5.986
0.394 0.0001 5.986
0.392 0.0001 5.986
0.39 0.0001 5.986
0.388 0.0001 5.986
0.386 0.0001 5.986
0.384 0.0001 5.986
0.382 0.0001 5.986
0.38 0.0001 5.986
0.378 0.0001 5.986
0.376 0.0001 5.986
0.374 0.0001 5.986
0.372 0.0001 5.986
0.37 0.0001 5.986
0.368 0.0001 5.986
0.366 0.0001 5.986
0.364 0.0001 5.986
0.362 0.0001 5.986
0.36 0.0001 5.986
0.358 0.0001 5.986
0.356 0.0001 5.986
0.354 0.0001 5.986
0.352 0.0001 5.986
0.35 0.0001 5.986
0.348 0.0001 5.986
0.346 0.0001 5.986
0.344 0.0001 5.986
0.342 0.0001 5.986
0.34 0.0001 5.986
0.338 0.0001 5.986
0.336 0.0001 5.986
0.334 0.0001 5.986
0.332 0.0001 5.986
0.33 0.0001 5.986
0.328 0.0001 5.986
0.326 0.0001 5.986
0.324 0.0001 5.986
0.322 0.0001 5.986
0.32 0.0001 5.986
0.318 0.0001 5.986
0.316 0.0001 5.987
0.314 0.0001 5.987
0.312 0.0001 5.987
0.31 0.0001 5.987
0.308 0.0001 5.987
0.306 0.0001 5.987
0.304 0.0001 5.987
0.302 0.0001 5.987
0.3 0.0001 5.987
0.298 0.0001 5.987
0.296 0.0001 5.987
0.294 0.0001 5.987
0.292 0.0001 5.987
0.29 0.0001 5.987
0.288 0.0001 5.987
0.286 0.0001 5.987
0.284 0.0001 5.987
0.282 0.0001 5.987
0.28 0.0001 5.987
0.278 0.0001 5.987
0.276 0.0001 5.987
0.274 0.0001 5.987
0.272 0.0001 5.987
0.27 0.0001 5.987
0.268 0.0001 5.987
0.266 0.0001 5.987
0.264 0.0001 5.987
0.262 0.0001 5.987
0.26 0.0001 5.987
0.258 0.0001 5.987
0.256 0.0001 5.987
0.254 0.0001 5.987
0.252 0.0001 5.987
0.25 0.0001 5.987
0.248 0.0001 5.987
0.246 0.0001 5.987
0.244 0.0001 5.987
0.242 0.0001 5.987
0.24 0.0001 5.987
0.238 0.0001 5.987
0.236 0.0001 5.987
0.234 0.0001 5.987
0.232 0.0001 5.987
0.23 0.0001 5.987
0.228 0.0001 5.987
0.226 0.0001 5.987
0.224 0.0001 5.987
0.222 0.0001 5.987
0.22 0.0001 5.987
0.218 0.0001 5.987
0.216 0.0001 5.987
0.214 0.0001 5.987
0.212 0.0001 5.987
0.21 0.0001 5.987
0.208 0.0001 5.987
0.206 0.0001 5.987
0.204 0.0001 5.987
0.202 0.0001 5.987
0.2 0.0001 5.987
0.198 0.0001 5.987
0.196 0.0001 5.987
0.194 0.0001 5.987
0.192 0.0001 5.987
0.19 0.0001 5.987
0.188 0.0001 5.987
0.186 0.0001 5.987
0.184 0.0001 5.987
0.182 0.0001 5.987
0.18 0.0001 5.987
0.178 0.0001 5.987
0.176 0.0001 5.987
0.174 0.0001 5.987
0.172 0.0001 5.987
0.17 0.0001 5.987
0.168 0.0001 5.987
0.166 0.0001 5.987
0.164 0.0001 5.988
0.162 0.0001 5.988
0.16 0.0001 5.988
0.158 0.0001 5.988
0.156 0.0001 5.988
0.154 0.0001 5.988
0.152 0.0001 5.988
0.15 0.0001 5.988
0.148 0.0001 5.988
0.146 0.0001 5.988
0.144 0.0001 5.988
0.142 0.0001 5.988
0.14 0.0001 5.988
0.138 0.0001 5.988
0.136 0.0001 5.988
0.134 0.0001 5.988
0.132 0.0001 5.988
0.13 0.0001 5.988
0.128 0.0001 5.988
0.126 0.0001 5.988
0.124 0.0001 5.988
0.122 0.0001 5.988
0.12 0.0001 5.988
0.118 0.0001 5.988
0.116 0.0001 5.988
0.114 0.0001 5.988
0.112 0.0001 5.988
0.11 0.0001 5.988
0.108 0.0001 5.988
0.106 0.0001 5.988
0.104 0.0001 5.988
0.102 0.0001 5.988
0.1 0.0001 5.988
0.098 0.0001 5.988
0.096 0.0001 5.988
0.094 0.0001 5.988
0.092 0.0001 5.988
0.09 0.0001 5.988
0.088 0.0001 5.988
0.086 0.0001 5.988
0.084 0.0001 5.988
0.082 0.0001 5.988
0.08 0.0001 5.988
0.078 0.0001 5.988
0.076 0.0001 5.988
0.074 0.0001 5.988
0.072 0.0001 5.988
0.07 0.0001 5.988
0.068 0.0001 5.988
0.066 0.0001 5.988
0.064 0.0001 5.988
0.062 0.0001 5.988
0.06 0.0001 5.988
0.058 0.0001 5.988
0.056 0.0001 5.988
0.054 0.0001 5.988
0.052 0.0001 5.988
0.05 0.0001 5.988
0.048 0.0001 5.988
0.046 0.0001 5.988
0.044 0.0001 5.988
0.042 0.0001 5.988
0.04 0.0001 5.988
0.038 0.0001 5.988
0.036 0.0001 5.988
0.034 0.0001 5.988
0.032 0.0001 5.988
0.03 0.0001 5.988
0.028 0.0001 5.988
0.026 0.0001 5.988
0.024 0.0001 5.988
0.022 0.0001 5.988
0.02 0.0001 5.988
0.018 0.0001 5.988
0.016 0.0001 5.988
0.014 0.0001 5.988
0.012 0.0001 5.988
0.01 0.0001 5.988
0.008 0.0001 5.988
0.006 0.0001 5.988
0.004 0.0001 5.988
0.002 0.0001 5.988
0 0.0001 5.988
