s Eu Ec
0 0.006 0.007
0.005 0.003 0.005
0.01 -0.006 -0.003
0.015 -0.023 -0.017
0.02 -0.047 -0.038
0.025 -0.077 -0.064
0.03 -0.114 -0.095
0.035 -0.158 -0.13
0.04 -0.208 -0.17
0.045 -0.264 -0.212
0.05 -0.326 -0.256
0.055 -0.393 -0.301
0.06 -0.466 -0.345
0.065 -0.545 -0.387
0.07 -0.628 -0.423
0.075 -0.715 -0.453
0.08 -0.807 -0.474
0.085 -0.903 -0.482
0.09 -1.001 -0.474
0.095 -1.103 -0.445
0.1 -1.207 -0.393
0.105 -1.313 -0.311
0.11 -1.419 -0.194
0.115 -1.526 -0.037
0.12 -1.632 0.167
0.125 -1.737 0.424
0.13 -1.839 0.741
0.135 -1.938 1.126
0.14 -2.033 1.586
0.145 -2.121 2.128
0.15 -2.202 2.759
0.155 -2.275 3.487
0.16 -2.337 4.317
0.165 -2.387 5.255
0.17 -2.423 6.305
0.175 -2.443 7.471
0.18 -2.445 8.754
0.185 -2.427 10.155
0.19 -2.386 11.672
0.195 -2.321 13.3
0.2 -2.227 15.033
0.205 -2.103 16.863
0.21 -1.945 18.778
0.215 -1.752 20.765
0.22 -1.518 22.806
0.225 -1.242 24.883
0.23 -0.92 26.976
0.235 -0.549 29.061
0.24 -0.126 31.114
0.245 0.353 33.11
0.25 0.891 35.021
0.255 1.492 36.822
0.26 2.158 38.485
0.265 2.892 39.985
0.27 3.697 41.298
0.275 4.577 42.401
0.28 5.533 43.276
0.285 6.568 43.903
0.29 7.683 44.271
0.295 8.88 44.368
0.3 10.161 44.188
0.305 11.526 43.73
0.31 12.975 42.996
0.315 14.507 41.99
0.32 16.123 40.722
0.325 17.82 39.207
0.33 19.597 37.459
0.335 21.451 35.499
0.34 23.378 33.349
0.345 25.375 31.03
0.35 27.436 28.568
0.355 29.557 25.989
0.36 31.73 23.318
0.365 33.949 20.579
0.37 36.207 17.798
0.375 38.496 14.997
0.38 40.805 12.198
0.385 43.127 9.42
0.39 45.451 6.682
0.395 47.767 3.998
0.4 50.063 1.382
0.405 52.329 -1.155
0.41 54.553 -3.603
0.415 56.724 -5.956
0.42 58.829 -8.207
0.425 60.857 -10.353
0.43 62.795 -12.391
0.435 64.634 -14.318
0.44 66.36 -16.133
0.445 67.963 -17.835
0.45 69.434 -19.425
0.455 70.76 -20.901
0.46 71.935 -22.264
0.465 72.948 -23.512
0.47 73.793 -24.647
0.475 74.462 -25.667
0.48 74.949 -26.572
0.485 75.25 -27.362
0.49 75.36 -28.037
0.495 75.277 -28.596
0.5 75 -29.04
0.505 74.527 -29.369
0.51 73.86 -29.582
0.515 73 -29.68
0.52 71.95 -29.664
0.525 70.715 -29.535
0.53 69.298 -29.293
0.535 67.707 -28.939
0.54 65.948 -28.473
0.545 64.029 -27.897
0.55 61.959 -27.21
0.555 59.747 -26.414
0.56 57.403 -25.509
0.565 54.939 -24.495
0.57 52.364 -23.373
0.575 49.691 -22.146
0.58 46.931 -20.814
0.585 44.097 -19.381
0.59 41.199 -17.851
0.595 38.251 -16.229
0.6 35.263 -14.521
0.605 32.248 -12.737
0.61 29.218 -10.886
0.615 26.182 -8.982
0.62 23.151 -7.038
0.625 20.136 -5.072
0.63 17.147 -3.101
0.635 14.191 -1.145
0.64 11.279 0.773
0.645 8.416 2.632
0.65 5.611 4.407
0.655 2.87 6.075
0.66 0.198 7.611
0.665 -2.4 8.994
0.67 -4.92 10.2
0.675 -7.358 11.21
0.68 -9.711 12.006
0.685 -11.976 12.573
0.69 -14.154 12.897
0.695 -16.241 12.971
0.7 -18.239 12.788
0.705 -20.147 12.348
0.71 -21.965 11.653
0.715 -23.695 10.708
0.72 -25.337 9.523
0.725 -26.895 8.111
0.73 -28.369 6.49
0.735 -29.763 4.676
0.74 -31.078 2.693
0.745 -32.317 0.563
0.75 -33.484 -1.69
0.755 -34.581 -4.041
0.76 -35.611 -6.463
0.765 -36.577 -8.933
0.77 -37.484 -11.425
0.775 -38.333 -13.917
0.78 -39.128 -16.386
0.785 -39.872 -18.812
0.79 -40.568 -21.178
0.795 -41.218 -23.469
0.8 -41.827 -25.67
0.805 -42.396 -27.772
0.81 -42.928 -29.765
0.815 -43.426 -31.643
0.82 -43.892 -33.403
0.825 -44.327 -35.042
0.83 -44.735 -36.561
0.835 -45.118 -37.961
0.84 -45.476 -39.245
0.845 -45.812 -40.417
0.85 -46.127 -41.482
0.855 -46.423 -42.446
0.86 -46.701 -43.315
0.865 -46.963 -44.095
0.87 -47.209 -44.795
0.875 -47.44 -45.419
0.88 -47.658 -45.976
0.885 -47.863 -46.472
0.89 -48.055 -46.911
0.895 -48.237 -47.302
0.9 -48.407 -47.648
0.905 -48.567 -47.954
0.91 -48.717 -48.226
0.915 -48.858 -48.467
0.92 -48.989 -48.68
0.925 -49.112 -48.869
0.93 -49.226 -49.037
0.935 -49.332 -49.186
0.94 -49.43 -49.318
0.945 -49.519 -49.434
0.95 -49.601 -49.537
0.955 -49.675 -49.627
0.96 -49.741 -49.706
0.965 -49.799 -49.774
0.97 -49.85 -49.832
0.975 -49.893 -49.881
0.98 -49.928 -49.92
0.985 -49.956 -49.951
0.99 -49.977 -49.974
0.995 -49.989 -49.988
1 -49.994 -49.994
