sigma ethanolL ethanolG propanone acid ester amine
4000 99.84 99.69 99.89 98.71 99.88 99.5
3995 99.84 99.68 99.89 98.65 99.88 99.5
3990 99.84 99.67 99.89 98.59 99.88 99.49
3985 99.83 99.67 99.89 98.52 99.87 99.48
3980 99.83 99.66 99.89 98.46 99.87 99.47
3975 99.83 99.65 99.89 98.38 99.87 99.47
3970 99.83 99.64 99.89 98.31 99.87 99.46
3965 99.83 99.64 99.89 98.23 99.87 99.45
3960 99.82 99.63 99.88 98.15 99.87 99.44
3955 99.82 99.62 99.88 98.07 99.87 99.43
3950 99.82 99.61 99.88 97.98 99.87 99.43
3945 99.82 99.6 99.88 97.89 99.87 99.42
3940 99.81 99.59 99.88 97.79 99.86 99.41
3935 99.81 99.58 99.88 97.69 99.86 99.4
3930 99.81 99.57 99.88 97.59 99.86 99.39
3925 99.8 99.56 99.88 97.48 99.86 99.38
3920 99.8 99.54 99.88 97.37 99.86 99.37
3915 99.79 99.53 99.88 97.26 99.86 99.36
3910 99.79 99.52 99.87 97.14 99.86 99.35
3905 99.78 99.5 99.87 97.01 99.86 99.34
3900 99.77 99.49 99.87 96.88 99.86 99.33
3895 99.77 99.47 99.87 96.75 99.85 99.32
3890 99.76 99.45 99.87 96.61 99.85 99.31
3885 99.75 99.43 99.87 96.47 99.85 99.3
3880 99.74 99.41 99.87 96.32 99.85 99.29
3875 99.72 99.39 99.87 96.16 99.85 99.27
3870 99.71 99.37 99.86 96 99.85 99.26
3865 99.69 99.35 99.86 95.84 99.85 99.25
3860 99.68 99.32 99.86 95.66 99.85 99.24
3855 99.66 99.29 99.86 95.49 99.84 99.22
3850 99.63 99.26 99.86 95.3 99.84 99.21
3845 99.61 99.23 99.86 95.11 99.84 99.2
3840 99.57 99.2 99.86 94.92 99.84 99.18
3835 99.54 99.16 99.86 94.71 99.84 99.17
3830 99.5 99.12 99.85 94.5 99.84 99.15
3825 99.46 99.07 99.85 94.28 99.84 99.14
3820 99.41 99.02 99.85 94.06 99.83 99.12
3815 99.35 98.97 99.85 93.83 99.83 99.1
3810 99.29 98.91 99.85 93.59 99.83 99.09
3805 99.21 98.84 99.85 93.34 99.83 99.07
3800 99.13 98.77 99.84 93.09 99.83 99.05
3795 99.04 98.69 99.84 92.83 99.83 99.03
3790 98.94 98.6 99.84 92.56 99.82 99.01
3785 98.82 98.5 99.84 92.28 99.82 98.99
3780 98.69 98.39 99.84 91.99 99.82 98.97
3775 98.55 98.26 99.84 91.7 99.82 98.95
3770 98.39 98.11 99.83 91.39 99.82 98.93
3765 98.21 97.94 99.83 91.08 99.82 98.9
3760 98.01 97.74 99.83 90.76 99.81 98.88
3755 97.79 97.52 99.83 90.43 99.81 98.86
3750 97.54 97.25 99.83 90.09 99.81 98.83
3745 97.26 96.93 99.83 89.75 99.81 98.81
3740 96.96 96.55 99.82 89.39 99.81 98.78
3735 96.63 96.09 99.82 89.02 99.8 98.75
3730 96.26 95.53 99.82 88.65 99.8 98.72
3725 95.86 94.83 99.82 88.26 99.8 98.69
3720 95.41 93.95 99.82 87.87 99.8 98.66
3715 94.93 92.82 99.81 87.46 99.79 98.63
3710 94.4 91.35 99.81 87.05 99.79 98.59
3705 93.82 89.37 99.81 86.62 99.79 98.56
3700 93.19 86.66 99.81 86.19 99.79 98.52
3695 92.51 82.85 99.8 85.74 99.79 98.48
3690 91.77 77.39 99.8 85.29 99.78 98.45
3685 90.97 69.48 99.8 84.82 99.78 98.4
3680 90.11 58.31 99.8 84.35 99.78 98.36
3675 89.18 44.32 99.8 83.87 99.78 98.32
3670 88.19 31.89 99.79 83.37 99.77 98.27
3665 87.13 28.34 99.79 82.87 99.77 98.22
3660 86 36.19 99.79 82.35 99.77 98.17
3655 84.8 50.08 99.78 81.83 99.77 98.12
3650 83.52 63.17 99.78 81.29 99.76 98.06
3645 82.17 72.97 99.78 80.75 99.76 98
3640 80.74 79.78 99.78 80.19 99.76 97.94
3635 79.25 84.49 99.77 79.63 99.75 97.88
3630 77.68 87.79 99.77 79.06 99.75 97.81
3625 76.03 90.16 99.77 78.47 99.75 97.74
3620 74.32 91.91 99.76 77.88 99.74 97.66
3615 72.55 93.22 99.76 77.28 99.74 97.58
3610 70.71 94.24 99.76 76.67 99.74 97.5
3605 68.81 95.03 99.75 76.05 99.73 97.41
3600 66.86 95.66 99.75 75.42 99.73 97.32
3595 64.86 96.16 99.75 74.78 99.73 97.22
3590 62.82 96.58 99.74 74.13 99.72 97.12
3585 60.75 96.92 99.74 73.48 99.72 97.01
3580 58.64 97.21 99.74 72.82 99.72 96.89
3575 56.52 97.45 99.73 72.15 99.71 96.77
3570 54.38 97.65 99.73 71.47 99.71 96.63
3565 52.23 97.83 99.73 70.78 99.7 96.49
3560 50.08 97.98 99.72 70.09 99.7 96.34
3555 47.95 98.1 99.72 69.39 99.7 96.18
3550 45.83 98.22 99.71 68.68 99.69 96
3545 43.74 98.31 99.71 67.97 99.69 95.82
3540 41.68 98.4 99.7 67.25 99.68 95.62
3535 39.66 98.48 99.7 66.53 99.68 95.4
3530 37.68 98.54 99.69 65.8 99.67 95.17
3525 35.75 98.6 99.69 65.06 99.67 94.92
3520 33.89 98.65 99.69 64.33 99.66 94.64
3515 32.08 98.7 99.68 63.58 99.66 94.34
3510 30.34 98.74 99.67 62.83 99.65 94.02
3505 28.66 98.77 99.67 62.08 99.65 93.67
3500 27.06 98.8 99.66 61.33 99.64 93.28
3495 25.53 98.83 99.66 60.57 99.64 92.85
3490 24.08 98.85 99.65 59.81 99.63 92.38
3485 22.7 98.87 99.65 59.05 99.62 91.86
3480 21.39 98.89 99.64 58.28 99.62 91.28
3475 20.17 98.91 99.63 57.52 99.61 90.63
3470 19.01 98.92 99.63 56.75 99.6 89.91
3465 17.93 98.93 99.62 55.99 99.6 89.1
3460 16.92 98.94 99.61 55.22 99.59 88.19
3455 15.97 98.94 99.61 54.45 99.58 87.16
3450 15.1 98.95 99.6 53.69 99.58 85.99
3445 14.29 98.95 99.59 52.92 99.57 84.65
3440 13.54 98.95 99.58 52.16 99.56 83.11
3435 12.84 98.96 99.58 51.4 99.55 81.34
3430 12.21 98.95 99.57 50.64 99.54 79.3
3425 11.63 98.95 99.56 49.88 99.54 76.93
3420 11.1 98.95 99.55 49.12 99.53 74.19
3415 10.62 98.94 99.54 48.37 99.52 71.02
3410 10.18 98.94 99.53 47.63 99.51 67.37
3405 9.79 98.93 99.52 46.88 99.5 63.21
3400 9.44 98.92 99.51 46.14 99.49 58.57
3395 9.13 98.91 99.5 45.41 99.48 53.54
3390 8.86 98.9 99.49 44.68 99.47 48.36
3385 8.62 98.89 99.48 43.96 99.46 43.4
3380 8.42 98.87 99.47 43.24 99.45 39.18
3375 8.25 98.86 99.46 42.53 99.43 36.2
3370 8.11 98.84 99.45 41.82 99.42 34.81
3365 8 98.82 99.43 41.12 99.41 35.1
3360 7.93 98.81 99.42 40.43 99.4 36.8
3355 7.88 98.79 99.41 39.74 99.38 39.4
3350 7.86 98.76 99.39 39.07 99.37 42.27
3345 7.88 98.74 99.38 38.4 99.35 44.85
3340 7.92 98.72 99.36 37.73 99.34 46.71
3335 7.99 98.69 99.35 37.08 99.32 47.6
3330 8.09 98.67 99.33 36.43 99.31 47.44
3325 8.23 98.64 99.32 35.8 99.29 46.28
3320 8.39 98.61 99.3 35.17 99.27 44.33
3315 8.59 98.58 99.28 34.55 99.25 41.97
3310 8.82 98.54 99.26 33.94 99.23 39.77
3305 9.09 98.51 99.24 33.34 99.21 38.34
3300 9.39 98.47 99.22 32.75 99.19 38.21
3295 9.74 98.43 99.2 32.16 99.17 39.66
3290 10.12 98.39 99.17 31.59 99.15 42.62
3285 10.55 98.34 99.15 31.03 99.12 46.71
3280 11.02 98.3 99.13 30.47 99.1 51.43
3275 11.54 98.25 99.1 29.93 99.07 56.29
3270 12.11 98.2 99.07 29.4 99.05 60.96
3265 12.73 98.14 99.04 28.87 99.02 65.23
3260 13.41 98.08 99.01 28.36 98.99 69.01
3255 14.14 98.02 98.98 27.86 98.96 72.31
3250 14.93 97.96 98.95 27.36 98.92 75.15
3245 15.79 97.89 98.92 26.88 98.89 77.59
3240 16.71 97.82 98.88 26.41 98.85 79.67
3235 17.7 97.74 98.84 25.95 98.81 81.46
3230 18.75 97.66 98.8 25.49 98.77 82.99
3225 19.87 97.57 98.76 25.05 98.73 84.31
3220 21.07 97.48 98.71 24.62 98.68 85.44
3215 22.33 97.38 98.67 24.19 98.64 86.42
3210 23.66 97.28 98.62 23.78 98.59 87.27
3205 25.07 97.17 98.56 23.38 98.53 88
3200 26.54 97.05 98.51 22.99 98.48 88.63
3195 28.08 96.92 98.45 22.6 98.42 89.17
3190 29.69 96.79 98.38 22.23 98.35 89.64
3185 31.36 96.64 98.31 21.87 98.28 90.04
3180 33.08 96.49 98.24 21.51 98.21 90.39
3175 34.86 96.32 98.16 21.17 98.13 90.68
3170 36.68 96.14 98.08 20.83 98.05 90.92
3165 38.55 95.95 97.99 20.51 97.96 91.11
3160 40.45 95.74 97.9 20.19 97.87 91.26
3155 42.38 95.51 97.8 19.89 97.77 91.38
3150 44.32 95.27 97.69 19.59 97.66 91.45
3145 46.28 95 97.57 19.3 97.54 91.49
3140 48.24 94.71 97.44 19.02 97.41 91.49
3135 50.19 94.4 97.31 18.75 97.28 91.46
3130 52.13 94.05 97.16 18.49 97.13 91.39
3125 54.04 93.68 97 18.23 96.97 91.29
3120 55.91 93.27 96.82 17.99 96.79 91.15
3115 57.74 92.81 96.63 17.75 96.6 90.97
3110 59.51 92.31 96.42 17.52 96.39 90.75
3105 61.22 91.76 96.2 17.3 96.16 90.48
3100 62.85 91.15 95.94 17.09 95.91 90.17
3095 64.4 90.46 95.67 16.89 95.64 89.81
3090 65.86 89.7 95.36 16.69 95.33 89.39
3085 67.21 88.85 95.03 16.5 95 88.91
3080 68.45 87.89 94.65 16.32 94.62 88.36
3075 69.57 86.81 94.24 16.15 94.21 87.73
3070 70.56 85.58 93.77 15.98 93.74 87.02
3065 71.4 84.19 93.25 15.83 93.22 86.21
3060 72.09 82.61 92.66 15.68 92.63 85.29
3055 72.61 80.8 92 15.53 91.97 84.24
3050 72.96 78.73 91.25 15.4 91.22 83.04
3045 73.1 76.34 90.4 15.27 90.36 81.68
3040 73.03 73.6 89.42 15.15 89.39 80.12
3035 72.72 70.44 88.31 15.03 88.27 78.35
3030 72.16 66.82 87.02 14.92 86.99 76.32
3025 71.3 62.67 85.55 14.82 85.51 74
3020 70.14 57.97 83.84 14.73 83.81 71.36
3015 68.62 52.73 81.88 14.64 81.85 68.36
3010 66.71 47.02 79.61 14.56 79.58 64.96
3005 64.38 41.02 77.01 14.49 76.98 61.15
3000 61.6 35.04 74.05 14.42 74.02 56.94
2995 58.35 29.5 70.73 14.36 70.71 52.37
2990 54.64 24.9 67.09 14.3 67.07 47.56
2985 50.52 21.67 63.24 14.26 63.21 42.68
2980 46.09 20.08 59.35 14.21 59.33 38.02
2975 41.54 20.26 55.74 14.18 55.72 33.89
2970 37.14 22.19 52.75 14.15 52.73 30.65
2965 33.22 25.73 50.77 14.13 50.75 28.58
2960 30.14 30.55 50.07 14.11 50.05 27.87
2955 28.18 36.21 50.77 14.1 50.75 28.6
2950 27.55 42.23 52.75 14.1 52.73 30.69
2945 28.33 48.19 55.74 14.1 55.71 33.95
2940 30.46 53.82 59.35 14.11 59.33 38.11
2935 33.76 58.96 63.23 14.13 63.21 42.81
2930 37.95 63.55 67.09 14.15 67.06 47.73
2925 42.69 67.59 70.72 14.18 70.7 52.6
2920 47.65 71.12 74.04 14.21 74.01 57.22
2915 52.57 74.19 77 14.25 76.97 61.5
2910 57.24 76.86 79.6 14.3 79.57 65.37
2905 61.57 79.18 81.86 14.35 81.83 68.83
2900 65.49 81.2 83.83 14.41 83.79 71.91
2895 69 82.96 85.53 14.48 85.49 74.62
2890 72.12 84.5 87.01 14.56 86.97 77.02
2885 74.87 85.85 88.29 14.64 88.25 79.12
2880 77.3 87.05 89.4 14.72 89.36 80.98
2875 79.44 88.11 90.37 14.82 90.34 82.62
2870 81.32 89.04 91.23 14.92 91.19 84.07
2865 82.98 89.88 91.98 15.02 91.94 85.35
2860 84.45 90.62 92.64 15.14 92.6 86.49
2855 85.75 91.29 93.22 15.26 93.18 87.51
2850 86.91 91.9 93.74 15.39 93.7 88.42
2845 87.94 92.44 94.21 15.52 94.16 89.24
2840 88.86 92.93 94.62 15.67 94.58 89.97
2835 89.68 93.38 94.99 15.82 94.95 90.64
2830 90.42 93.78 95.33 15.97 95.29 91.24
2825 91.09 94.15 95.63 16.14 95.59 91.78
2820 91.69 94.49 95.91 16.31 95.86 92.28
2815 92.23 94.8 96.15 16.49 96.11 92.73
2810 92.73 95.09 96.38 16.68 96.34 93.14
2805 93.18 95.35 96.59 16.87 96.54 93.52
2800 93.59 95.59 96.78 17.08 96.73 93.87
2795 93.96 95.81 96.95 17.29 96.9 94.19
2790 94.3 96.02 97.11 17.51 97.06 94.48
2785 94.62 96.21 97.26 17.73 97.21 94.76
2780 94.91 96.39 97.39 17.97 97.35 95.01
2775 95.18 96.56 97.52 18.21 97.47 95.24
2770 95.42 96.71 97.63 18.47 97.59 95.46
2765 95.65 96.86 97.74 18.73 97.69 95.67
2760 95.86 96.99 97.84 19 97.79 95.85
2755 96.06 97.12 97.93 19.28 97.88 96.03
2750 96.24 97.24 98.02 19.56 97.97 96.2
2745 96.41 97.35 98.1 19.86 98.05 96.35
2740 96.57 97.46 98.18 20.17 98.13 96.5
2735 96.72 97.55 98.25 20.48 98.2 96.63
2730 96.86 97.65 98.31 20.8 98.26 96.76
2725 96.99 97.73 98.38 21.14 98.32 96.88
2720 97.11 97.82 98.43 21.48 98.38 97
2715 97.23 97.9 98.49 21.83 98.44 97.11
2710 97.33 97.97 98.54 22.2 98.49 97.21
2705 97.44 98.04 98.59 22.57 98.54 97.3
2700 97.53 98.11 98.64 22.95 98.58 97.4
2695 97.62 98.17 98.68 23.34 98.62 97.48
2690 97.71 98.23 98.72 23.74 98.66 97.56
2685 97.79 98.29 98.76 24.15 98.7 97.64
2680 97.86 98.34 98.79 24.57 98.74 97.72
2675 97.94 98.39 98.83 25 98.77 97.79
2670 98.01 98.44 98.86 25.44 98.8 97.85
2665 98.07 98.49 98.89 25.89 98.84 97.92
2660 98.13 98.53 98.92 26.36 98.86 97.98
2655 98.19 98.57 98.95 26.83 98.89 98.04
2650 98.25 98.62 98.98 27.31 98.92 98.09
2645 98.3 98.65 99 27.8 98.94 98.15
2640 98.35 98.69 99.03 28.3 98.97 98.2
2635 98.4 98.73 99.05 28.81 98.99 98.25
2630 98.45 98.76 99.07 29.33 99.01 98.29
2625 98.49 98.79 99.09 29.86 99.03 98.34
2620 98.53 98.83 99.11 30.4 99.05 98.38
2615 98.57 98.86 99.13 30.95 99.07 98.42
2610 98.61 98.88 99.15 31.51 99.08 98.46
2605 98.65 98.91 99.16 32.08 99.1 98.5
2600 98.68 98.94 99.18 32.66 99.12 98.54
2595 98.72 98.96 99.2 33.25 99.13 98.57
2590 98.75 98.99 99.21 33.85 99.15 98.61
2585 98.78 99.01 99.22 34.46 99.16 98.64
2580 98.81 99.04 99.24 35.07 99.17 98.67
2575 98.84 99.06 99.25 35.7 99.18 98.7
2570 98.87 99.08 99.26 36.33 99.2 98.73
2565 98.89 99.1 99.27 36.97 99.21 98.76
2560 98.92 99.12 99.28 37.62 99.22 98.79
2555 98.94 99.14 99.3 38.28 99.23 98.81
2550 98.97 99.16 99.31 38.95 99.24 98.84
2545 98.99 99.17 99.32 39.62 99.25 98.86
2540 99.01 99.19 99.32 40.3 99.25 98.89
2535 99.03 99.21 99.33 40.99 99.26 98.91
2530 99.05 99.22 99.34 41.68 99.27 98.93
2525 99.07 99.24 99.35 42.38 99.28 98.95
2520 99.09 99.25 99.36 43.09 99.29 98.98
2515 99.11 99.27 99.36 43.8 99.29 99
2510 99.13 99.28 99.37 44.52 99.3 99.02
2505 99.14 99.3 99.38 45.25 99.3 99.03
2500 99.16 99.31 99.38 45.98 99.31 99.05
2495 99.18 99.32 99.39 46.71 99.31 99.07
2490 99.19 99.33 99.39 47.45 99.32 99.09
2485 99.21 99.35 99.4 48.19 99.32 99.11
2480 99.22 99.36 99.4 48.93 99.33 99.12
2475 99.23 99.37 99.41 49.68 99.33 99.14
2470 99.25 99.38 99.41 50.43 99.34 99.15
2465 99.26 99.39 99.42 51.18 99.34 99.17
2460 99.27 99.4 99.42 51.94 99.34 99.18
2455 99.29 99.41 99.42 52.7 99.34 99.2
2450 99.3 99.42 99.43 53.45 99.35 99.21
2445 99.31 99.43 99.43 54.21 99.35 99.22
2440 99.32 99.44 99.43 54.97 99.35 99.24
2435 99.33 99.45 99.44 55.73 99.35 99.25
2430 99.34 99.45 99.44 56.49 99.35 99.26
2425 99.35 99.46 99.44 57.25 99.36 99.28
2420 99.36 99.47 99.44 58 99.36 99.29
2415 99.37 99.48 99.44 58.76 99.36 99.3
2410 99.38 99.49 99.45 59.51 99.36 99.31
2405 99.39 99.49 99.45 60.26 99.36 99.32
2400 99.4 99.5 99.45 61.01 99.36 99.33
2395 99.4 99.51 99.45 61.76 99.36 99.34
2390 99.41 99.51 99.45 62.5 99.36 99.35
2385 99.42 99.52 99.45 63.23 99.36 99.36
2380 99.43 99.53 99.45 63.97 99.36 99.37
2375 99.44 99.53 99.45 64.7 99.36 99.38
2370 99.44 99.54 99.45 65.42 99.36 99.39
2365 99.45 99.55 99.45 66.14 99.35 99.4
2360 99.46 99.55 99.45 66.85 99.35 99.41
2355 99.46 99.56 99.45 67.56 99.35 99.42
2350 99.47 99.56 99.45 68.26 99.35 99.43
2345 99.48 99.57 99.45 68.95 99.35 99.43
2340 99.48 99.57 99.44 69.64 99.34 99.44
2335 99.49 99.58 99.44 70.32 99.34 99.45
2330 99.49 99.58 99.44 70.99 99.34 99.46
2325 99.5 99.59 99.44 71.66 99.33 99.47
2320 99.5 99.59 99.44 72.31 99.33 99.47
2315 99.51 99.6 99.43 72.96 99.33 99.48
2310 99.51 99.6 99.43 73.6 99.32 99.49
2305 99.52 99.61 99.43 74.23 99.32 99.49
2300 99.52 99.61 99.43 74.86 99.32 99.5
2295 99.53 99.61 99.42 75.47 99.31 99.51
2290 99.53 99.62 99.42 76.07 99.31 99.51
2285 99.54 99.62 99.42 76.67 99.3 99.52
2280 99.54 99.63 99.41 77.25 99.3 99.53
2275 99.55 99.63 99.41 77.83 99.29 99.53
2270 99.55 99.63 99.4 78.39 99.29 99.54
2265 99.55 99.64 99.4 78.95 99.28 99.55
2260 99.56 99.64 99.39 79.49 99.27 99.55
2255 99.56 99.64 99.39 80.03 99.27 99.56
2250 99.57 99.65 99.38 80.55 99.26 99.56
2245 99.57 99.65 99.38 81.07 99.25 99.57
2240 99.57 99.65 99.37 81.57 99.24 99.57
2235 99.58 99.66 99.37 82.06 99.24 99.58
2230 99.58 99.66 99.36 82.55 99.23 99.58
2225 99.58 99.66 99.35 83.02 99.22 99.59
2220 99.58 99.67 99.34 83.48 99.21 99.59
2215 99.59 99.67 99.34 83.93 99.2 99.6
2210 99.59 99.67 99.33 84.37 99.19 99.6
2205 99.59 99.67 99.32 84.8 99.18 99.61
2200 99.6 99.68 99.31 85.22 99.17 99.61
2195 99.6 99.68 99.3 85.63 99.16 99.62
2190 99.6 99.68 99.3 86.02 99.15 99.62
2185 99.6 99.68 99.29 86.41 99.14 99.63
2180 99.6 99.68 99.28 86.79 99.13 99.63
2175 99.61 99.69 99.27 87.15 99.12 99.63
2170 99.61 99.69 99.26 87.51 99.1 99.64
2165 99.61 99.69 99.24 87.85 99.09 99.64
2160 99.61 99.69 99.23 88.18 99.08 99.65
2155 99.61 99.69 99.22 88.51 99.06 99.65
2150 99.62 99.7 99.21 88.82 99.05 99.65
2145 99.62 99.7 99.2 89.12 99.03 99.66
2140 99.62 99.7 99.18 89.42 99.01 99.66
2135 99.62 99.7 99.17 89.7 99 99.67
2130 99.62 99.7 99.15 89.97 98.98 99.67
2125 99.62 99.71 99.14 90.24 98.96 99.67
2120 99.63 99.71 99.12 90.49 98.94 99.68
2115 99.63 99.71 99.11 90.73 98.92 99.68
2110 99.63 99.71 99.09 90.96 98.9 99.68
2105 99.63 99.71 99.07 91.19 98.88 99.69
2100 99.63 99.71 99.05 91.4 98.86 99.69
2095 99.63 99.71 99.03 91.61 98.84 99.69
2090 99.63 99.71 99.01 91.8 98.81 99.7
2085 99.63 99.72 98.99 91.98 98.79 99.7
2080 99.63 99.72 98.97 92.16 98.76 99.7
2075 99.63 99.72 98.95 92.33 98.73 99.7
2070 99.63 99.72 98.92 92.48 98.7 99.71
2065 99.64 99.72 98.9 92.63 98.67 99.71
2060 99.64 99.72 98.87 92.77 98.64 99.71
2055 99.64 99.72 98.84 92.9 98.61 99.72
2050 99.64 99.72 98.82 93.02 98.58 99.72
2045 99.64 99.72 98.79 93.13 98.54 99.72
2040 99.64 99.72 98.75 93.23 98.5 99.72
2035 99.64 99.73 98.72 93.32 98.46 99.73
2030 99.64 99.73 98.69 93.4 98.42 99.73
2025 99.64 99.73 98.65 93.47 98.38 99.73
2020 99.64 99.73 98.61 93.54 98.33 99.74
2015 99.64 99.73 98.57 93.59 98.28 99.74
2010 99.64 99.73 98.53 93.63 98.23 99.74
2005 99.64 99.73 98.49 93.67 98.18 99.74
2000 99.64 99.73 98.44 93.69 98.12 99.75
1995 99.64 99.73 98.39 93.7 98.06 99.75
1990 99.64 99.73 98.34 93.7 98 99.75
1985 99.64 99.73 98.29 93.7 97.94 99.75
1980 99.64 99.73 98.23 93.67 97.87 99.75
1975 99.64 99.73 98.17 93.64 97.79 99.76
1970 99.64 99.73 98.1 93.6 97.71 99.76
1965 99.63 99.73 98.04 93.54 97.63 99.76
1960 99.63 99.73 97.96 93.47 97.54 99.76
1955 99.63 99.73 97.89 93.39 97.44 99.77
1950 99.63 99.73 97.8 93.29 97.34 99.77
1945 99.63 99.73 97.72 93.18 97.23 99.77
1940 99.63 99.73 97.63 93.05 97.12 99.77
1935 99.63 99.73 97.53 92.91 96.99 99.77
1930 99.63 99.73 97.42 92.74 96.86 99.78
1925 99.63 99.73 97.31 92.56 96.71 99.78
1920 99.63 99.73 97.19 92.36 96.56 99.78
1915 99.63 99.73 97.06 92.14 96.39 99.78
1910 99.62 99.73 96.92 91.89 96.21 99.78
1905 99.62 99.73 96.77 91.62 96.01 99.79
1900 99.62 99.73 96.6 91.32 95.8 99.79
1895 99.62 99.73 96.43 90.99 95.57 99.79
1890 99.62 99.73 96.24 90.63 95.31 99.79
1885 99.62 99.73 96.03 90.24 95.03 99.79
1880 99.61 99.73 95.81 89.8 94.73 99.79
1875 99.61 99.72 95.56 89.33 94.39 99.8
1870 99.61 99.72 95.29 88.81 94.02 99.8
1865 99.61 99.72 95 88.23 93.6 99.8
1860 99.61 99.72 94.68 87.6 93.14 99.8
1855 99.61 99.72 94.32 86.91 92.63 99.8
1850 99.6 99.72 93.93 86.15 92.06 99.8
1845 99.6 99.72 93.49 85.31 91.41 99.81
1840 99.6 99.72 93 84.38 90.68 99.81
1835 99.6 99.72 92.46 83.35 89.85 99.81
1830 99.59 99.72 91.85 82.22 88.9 99.81
1825 99.59 99.71 91.16 80.96 87.8 99.81
1820 99.59 99.71 90.39 79.55 86.54 99.81
1815 99.59 99.71 89.5 77.99 85.08 99.81
1810 99.58 99.71 88.5 76.25 83.37 99.82
1805 99.58 99.71 87.34 74.3 81.35 99.82
1800 99.58 99.71 86 72.12 78.97 99.82
1795 99.57 99.71 84.45 69.67 76.12 99.82
1790 99.57 99.7 82.64 66.93 72.72 99.82
1785 99.57 99.7 80.5 63.86 68.61 99.82
1780 99.56 99.7 77.98 60.42 63.66 99.82
1775 99.56 99.7 74.98 56.58 57.7 99.83
1770 99.56 99.7 71.4 52.31 50.59 99.83
1765 99.55 99.7 67.1 47.6 42.29 99.83
1760 99.55 99.69 61.93 42.48 33.02 99.83
1755 99.55 99.69 55.74 36.98 23.45 99.83
1750 99.54 99.69 48.42 31.25 14.81 99.83
1745 99.54 99.69 39.96 25.47 8.45 99.83
1740 99.53 99.68 30.66 19.91 4.98 99.84
1735 99.53 99.68 21.25 14.89 3.95 99.84
1730 99.52 99.68 12.98 10.71 4.97 99.84
1725 99.52 99.68 7.12 7.57 8.44 99.84
1720 99.51 99.67 4.04 5.49 14.79 99.84
1715 99.51 99.67 3.15 4.34 23.43 99.84
1710 99.5 99.67 4.04 3.97 32.97 99.84
1705 99.5 99.67 7.12 4.34 42.21 99.84
1700 99.49 99.66 12.98 5.49 50.48 99.84
1695 99.49 99.66 21.24 7.58 57.56 99.85
1690 99.48 99.66 30.65 10.72 63.49 99.85
1685 99.48 99.65 39.94 14.9 68.41 99.85
1680 99.47 99.65 48.38 19.93 72.47 99.85
1675 99.46 99.65 55.69 25.5 75.85 99.85
1670 99.46 99.64 61.87 31.3 78.65 99.85
1665 99.45 99.64 67.03 37.05 81 99.85
1660 99.45 99.63 71.32 42.56 82.98 99.85
1655 99.44 99.63 74.89 47.71 84.66 99.85
1650 99.43 99.63 77.88 52.44 86.09 99.86
1645 99.42 99.62 80.39 56.73 87.31 99.86
1640 99.42 99.62 82.51 60.6 88.36 99.86
1635 99.41 99.61 84.31 64.06 89.27 99.86
1630 99.4 99.61 85.85 67.16 90.07 99.86
1625 99.39 99.6 87.17 69.93 90.76 99.86
1620 99.38 99.6 88.31 72.4 91.36 99.86
1615 99.38 99.59 89.31 74.61 91.9 99.86
1610 99.37 99.59 90.18 76.59 92.37 99.86
1605 99.36 99.58 90.94 78.37 92.78 99.86
1600 99.35 99.58 91.61 79.96 93.15 99.86
1595 99.34 99.57 92.21 81.4 93.47 99.87
1590 99.33 99.57 92.74 82.69 93.76 99.87
1585 99.32 99.56 93.21 83.87 94.02 99.87
1580 99.31 99.55 93.63 84.93 94.25 99.87
1575 99.3 99.55 94 85.9 94.45 99.87
1570 99.28 99.54 94.34 86.78 94.63 99.87
1565 99.27 99.53 94.65 87.58 94.78 99.87
1560 99.26 99.52 94.93 88.32 94.92 99.87
1555 99.25 99.52 95.17 88.99 95.04 99.87
1550 99.23 99.51 95.4 89.61 95.15 99.87
1545 99.22 99.5 95.6 90.18 95.24 99.87
1540 99.21 99.49 95.79 90.7 95.31 99.88
1535 99.19 99.48 95.96 91.19 95.37 99.88
1530 99.18 99.48 96.11 91.64 95.42 99.88
1525 99.16 99.47 96.25 92.06 95.46 99.88
1520 99.15 99.46 96.38 92.44 95.49 99.88
1515 99.13 99.45 96.49 92.8 95.5 99.88
1510 99.12 99.44 96.59 93.14 95.51 99.88
1505 99.1 99.43 96.68 93.45 95.5 99.88
1500 99.08 99.41 96.77 93.74 95.48 99.88
1495 99.06 99.4 96.84 94.02 95.46 99.88
1490 99.04 99.39 96.91 94.27 95.42 99.88
1485 99.02 99.38 96.96 94.52 95.37 99.88
1480 99 99.37 97.01 94.74 95.32 99.88
1475 98.98 99.35 97.06 94.95 95.25 99.88
1470 98.96 99.34 97.09 95.15 95.17 99.89
1465 98.94 99.33 97.12 95.34 95.07 99.89
1460 98.91 99.31 97.14 95.52 94.97 99.89
1455 98.89 99.3 97.16 95.69 94.85 99.89
1450 98.86 99.28 97.17 95.85 94.72 99.89
1445 98.84 99.26 97.17 96 94.58 99.89
1440 98.81 99.25 97.16 96.14 94.41 99.89
1435 98.78 99.23 97.15 96.27 94.24 99.89
1430 98.75 99.21 97.13 96.4 94.04 99.89
1425 98.72 99.19 97.1 96.52 93.82 99.89
1420 98.69 99.17 97.07 96.64 93.59 99.89
1415 98.65 99.15 97.02 96.75 93.33 99.89
1410 98.62 99.13 96.97 96.86 93.04 99.89
1405 98.58 99.1 96.91 96.96 92.73 99.89
1400 98.54 99.08 96.84 97.05 92.38 99.89
1395 98.5 99.05 96.75 97.14 92 99.9
1390 98.46 99.03 96.66 97.23 91.58 99.9
1385 98.42 99 96.55 97.31 91.12 99.9
1380 98.37 98.97 96.43 97.39 90.61 99.9
1375 98.33 98.94 96.29 97.47 90.05 99.9
1370 98.28 98.91 96.14 97.54 89.42 99.9
1365 98.22 98.87 95.96 97.61 88.73 99.9
1360 98.17 98.84 95.76 97.67 87.95 99.9
1355 98.11 98.8 95.54 97.74 87.09 99.9
1350 98.05 98.76 95.28 97.8 86.12 99.9
1345 97.99 98.72 95 97.86 85.03 99.9
1340 97.92 98.68 94.67 97.92 83.81 99.9
1335 97.85 98.63 94.3 97.97 82.42 99.9
1330 97.78 98.59 93.87 98.02 80.86 99.9
1325 97.7 98.54 93.38 98.07 79.07 99.9
1320 97.62 98.48 92.82 98.12 77.03 99.9
1315 97.54 98.43 92.17 98.17 74.7 99.9
1310 97.44 98.37 91.41 98.21 72.03 99.91
1305 97.35 98.3 90.52 98.26 68.95 99.91
1300 97.25 98.23 89.48 98.3 65.41 99.91
1295 97.14 98.16 88.24 98.34 61.35 99.91
1290 97.02 98.09 86.76 98.38 56.69 99.91
1285 96.9 98 84.98 98.41 51.4 99.91
1280 96.77 97.92 82.82 98.45 45.46 99.91
1275 96.63 97.82 80.18 98.49 38.93 99.91
1270 96.49 97.72 76.94 98.52 31.99 99.91
1265 96.33 97.62 72.93 98.55 24.99 99.91
1260 96.16 97.5 67.99 98.58 18.42 99.91
1255 95.98 97.38 61.92 98.61 12.85 99.91
1250 95.79 97.25 54.63 98.64 8.74 99.91
1245 95.58 97.1 46.21 98.67 6.2 99.91
1240 95.36 96.95 37.23 98.7 5.09 99.91
1235 95.12 96.78 28.86 98.73 5.21 99.91
1230 94.86 96.6 22.68 98.75 6.59 99.91
1225 94.57 96.4 19.93 98.78 9.44 99.91
1220 94.27 96.18 21.13 98.8 13.87 99.91
1215 93.94 95.94 26.05 98.83 19.68 99.91
1210 93.58 95.68 33.74 98.85 26.4 99.92
1205 93.19 95.4 42.67 98.87 33.44 99.92
1200 92.76 95.08 51.42 98.89 40.33 99.92
1195 92.29 94.73 59.22 98.92 46.76 99.92
1190 91.77 94.35 65.79 98.94 52.6 99.92
1185 91.2 93.92 71.19 98.96 57.78 99.92
1180 90.57 93.44 75.57 98.98 62.33 99.92
1175 89.87 92.9 79.11 98.99 66.31 99.92
1170 89.1 92.3 82 99.01 69.77 99.92
1165 88.23 91.61 84.36 99.03 72.78 99.92
1160 87.27 90.83 86.3 99.05 75.41 99.92
1155 86.18 89.95 87.92 99.07 77.7 99.92
1150 84.96 88.93 89.27 99.08 79.7 99.92
1145 83.57 87.76 90.41 99.1 81.47 99.92
1140 82 86.4 91.38 99.11 83.02 99.92
1135 80.21 84.82 92.21 99.13 84.39 99.92
1130 78.17 82.97 92.93 99.14 85.61 99.92
1125 75.82 80.78 93.55 99.16 86.7 99.92
1120 73.12 78.19 94.09 99.17 87.67 99.92
1115 70.01 75.1 94.57 99.19 88.54 99.92
1110 66.42 71.42 94.99 99.2 89.32 99.92
1105 62.28 67.02 95.36 99.21 90.03 99.92
1100 57.52 61.77 95.69 99.23 90.67 99.92
1095 52.09 55.58 95.98 99.24 91.25 99.92
1090 46 48.43 96.25 99.25 91.78 99.92
1085 39.3 40.46 96.49 99.26 92.26 99.93
1080 32.21 32.14 96.7 99.27 92.7 99.93
1075 25.11 24.29 96.9 99.28 93.11 99.93
1070 18.54 17.94 97.08 99.3 93.48 99.93
1065 13.11 13.93 97.24 99.31 93.82 99.93
1060 9.23 12.58 97.39 99.32 94.14 99.93
1055 7.01 13.93 97.52 99.33 94.43 99.93
1050 6.31 17.94 97.65 99.34 94.7 99.93
1045 7.01 24.29 97.77 99.35 94.95 99.93
1040 9.23 32.14 97.87 99.36 95.18 99.93
1035 13.11 40.46 97.97 99.37 95.4 99.93
1030 18.54 48.43 98.06 99.38 95.6 99.93
1025 25.11 55.58 98.15 99.38 95.79 99.93
1020 32.21 61.77 98.23 99.39 95.97 99.93
1015 39.3 67.02 98.3 99.4 96.14 99.93
1010 46 71.42 98.37 99.41 96.29 99.93
1005 52.1 75.11 98.44 99.42 96.44 99.93
1000 57.52 78.19 98.5 99.43 96.58 99.93
995 62.28 80.78 98.55 99.44 96.71 99.93
990 66.42 82.97 98.61 99.44 96.83 99.93
985 70.01 84.83 98.66 99.45 96.95 99.93
980 73.13 86.41 98.7 99.46 97.06 99.93
975 75.83 87.77 98.75 99.47 97.16 99.93
970 78.17 88.94 98.79 99.47 97.26 99.93
965 80.22 89.95 98.83 99.48 97.35 99.93
960 82.01 90.84 98.87 99.49 97.44 99.93
955 83.58 91.62 98.91 99.49 97.52 99.93
950 84.97 92.3 98.94 99.5 97.6 99.93
945 86.19 92.91 98.97 99.51 97.68 99.93
940 87.28 93.45 99 99.51 97.75 99.93
935 88.24 93.93 99.03 99.52 97.82 99.94
930 89.11 94.36 99.06 99.52 97.88 99.94
925 89.88 94.75 99.09 99.53 97.94 99.94
920 90.58 95.09 99.11 99.54 98 99.94
915 91.21 95.41 99.14 99.54 98.06 99.94
910 91.78 95.7 99.16 99.55 98.12 99.94
905 92.3 95.96 99.18 99.55 98.17 99.94
900 92.77 96.19 99.2 99.56 98.22 99.94
895 93.2 96.41 99.22 99.56 98.27 99.94
890 93.59 96.61 99.24 99.57 98.31 99.94
885 93.95 96.79 99.26 99.58 98.36 99.94
880 94.28 96.96 99.28 99.58 98.4 99.94
875 94.59 97.12 99.3 99.59 98.44 99.94
870 94.87 97.26 99.31 99.59 98.48 99.94
865 95.13 97.4 99.33 99.6 98.52 99.94
860 95.37 97.52 99.34 99.6 98.55 99.94
855 95.6 97.63 99.36 99.6 98.59 99.94
850 95.8 97.74 99.37 99.61 98.62 99.94
845 96 97.84 99.39 99.61 98.65 99.94
840 96.18 97.94 99.4 99.62 98.68 99.94
835 96.35 98.02 99.41 99.62 98.71 99.94
830 96.51 98.11 99.43 99.63 98.74 99.94
825 96.65 98.18 99.44 99.63 98.77 99.94
820 96.79 98.26 99.45 99.63 98.8 99.94
815 96.92 98.32 99.46 99.64 98.82 99.94
810 97.04 98.39 99.47 99.64 98.85 99.94
805 97.16 98.45 99.48 99.65 98.87 99.94
800 97.27 98.51 99.49 99.65 98.9 99.94
795 97.37 98.56 99.5 99.65 98.92 99.94
790 97.47 98.61 99.51 99.66 98.94 99.94
785 97.56 98.66 99.52 99.66 98.96 99.94
780 97.65 98.7 99.53 99.67 98.98 99.94
775 97.73 98.75 99.54 99.67 99 99.94
770 97.81 98.79 99.55 99.67 99.02 99.94
765 97.88 98.83 99.55 99.68 99.04 99.94
760 97.95 98.87 99.56 99.68 99.06 99.94
755 98.02 98.9 99.57 99.68 99.08 99.94
750 98.08 98.94 99.58 99.69 99.1 99.95
745 98.14 98.97 99.58 99.69 99.11 99.95
740 98.2 99 99.59 99.69 99.13 99.95
735 98.25 99.03 99.6 99.7 99.14 99.95
730 98.31 99.06 99.6 99.7 99.16 99.95
725 98.36 99.08 99.61 99.7 99.17 99.95
720 98.4 99.11 99.62 99.7 99.19 99.95
715 98.45 99.13 99.62 99.71 99.2 99.95
710 98.49 99.16 99.63 99.71 99.22 99.95
705 98.54 99.18 99.64 99.71 99.23 99.95
700 98.58 99.2 99.64 99.72 99.24 99.95
695 98.62 99.22 99.65 99.72 99.26 99.95
690 98.65 99.24 99.65 99.72 99.27 99.95
685 98.69 99.26 99.66 99.72 99.28 99.95
680 98.72 99.28 99.66 99.73 99.29 99.95
675 98.76 99.3 99.67 99.73 99.3 99.95
670 98.79 99.32 99.67 99.73 99.32 99.95
665 98.82 99.33 99.68 99.73 99.33 99.95
660 98.85 99.35 99.68 99.74 99.34 99.95
655 98.87 99.36 99.69 99.74 99.35 99.95
650 98.9 99.38 99.69 99.74 99.36 99.95
645 98.93 99.39 99.69 99.74 99.37 99.95
640 98.95 99.41 99.7 99.75 99.38 99.95
635 98.98 99.42 99.7 99.75 99.39 99.95
630 99 99.43 99.71 99.75 99.4 99.95
625 99.02 99.44 99.71 99.75 99.4 99.95
620 99.05 99.46 99.72 99.76 99.41 99.95
615 99.07 99.47 99.72 99.76 99.42 99.95
610 99.09 99.48 99.72 99.76 99.43 99.95
605 99.11 99.49 99.73 99.76 99.44 99.95
600 99.13 99.5 99.73 99.76 99.45 99.95
595 99.14 99.51 99.73 99.77 99.45 99.95
590 99.16 99.52 99.74 99.77 99.46 99.95
585 99.18 99.53 99.74 99.77 99.47 99.95
580 99.2 99.54 99.74 99.77 99.48 99.95
575 99.21 99.55 99.75 99.78 99.48 99.95
570 99.23 99.56 99.75 99.78 99.49 99.95
565 99.24 99.57 99.75 99.78 99.5 99.95
560 99.26 99.57 99.76 99.78 99.5 99.95
555 99.27 99.58 99.76 99.78 99.51 99.95
550 99.29 99.59 99.76 99.78 99.52 99.95
545 99.3 99.6 99.76 99.79 99.52 99.95
540 99.31 99.6 99.77 99.79 99.53 99.95
535 99.33 99.61 99.77 99.79 99.54 99.95
530 99.34 99.62 99.77 99.79 99.54 99.95
525 99.35 99.62 99.78 99.79 99.55 99.95
520 99.36 99.63 99.78 99.8 99.55 99.95
515 99.37 99.64 99.78 99.8 99.56 99.95
510 99.38 99.64 99.78 99.8 99.56 99.95
505 99.4 99.65 99.79 99.8 99.57 99.95
500 99.41 99.66 99.79 99.8 99.58 99.96
