delta I integral
5 0 0
4.998 0 0
4.996 0 0
4.994 0 0
4.992 0 0
4.99 0 0
4.988 0 0
4.986 0 0
4.984 0 0
4.982 0 0
4.98 0 0
4.978 0 0
4.976 0 0
4.974 0 0
4.972 0 0
4.97 0 0
4.968 0 0
4.966 0 0
4.964 0 0
4.962 0 0
4.96 0 0
4.958 0 0
4.956 0 0
4.954 0 0
4.952 0 0
4.95 0 0
4.948 0 0
4.946 0 0
4.944 0 0
4.942 0 0
4.94 0 0
4.938 0 0
4.936 0 0
4.934 0 0
4.932 0 0
4.93 0 0
4.928 0 0
4.926 0 0
4.924 0 0
4.922 0 0
4.92 0 0
4.918 0 0
4.916 0 0
4.914 0 0
4.912 0 0
4.91 0 0
4.908 0 0
4.906 0 0
4.904 0 0
4.902 0 0
4.9 0 0
4.898 0 0
4.896 0 0
4.894 0 0
4.892 0 0
4.89 0 0
4.888 0 0
4.886 0 0
4.884 0 0
4.882 0 0
4.88 0 0
4.878 0 0
4.876 0 0
4.874 0 0
4.872 0 0
4.87 0 0
4.868 0 0
4.866 0 0
4.864 0 0
4.862 0 0
4.86 0 0
4.858 0 0
4.856 0 0
4.854 0 0
4.852 0 0
4.85 0 0
4.848 0 0
4.846 0 0
4.844 0 0
4.842 0 0
4.84 0 0
4.838 0 0
4.836 0 0
4.834 0 0
4.832 0 0
4.83 0 0
4.828 0 0
4.826 0 0
4.824 0 0
4.822 0 0
4.82 0 0
4.818 0 0
4.816 0 0
4.814 0 0
4.812 0 0
4.81 0 0
4.808 0 0
4.806 0 0
4.804 0 0
4.802 0 0
4.8 0 0
4.798 0 0
4.796 0 0
4.794 0 0
4.792 0 0
4.79 0 0
4.788 0 0
4.786 0 0
4.784 0 0
4.782 0 0
4.78 0 0
4.778 0 0
4.776 0 0
4.774 0 0
4.772 0 0
4.77 0 0
4.768 0 0
4.766 0 0
4.764 0 0
4.762 0 0
4.76 0 0
4.758 0 0
4.756 0 0
4.754 0 0
4.752 0 0
4.75 0 0
4.748 0 0
4.746 0 0
4.744 0 0
4.742 0 0
4.74 0 0
4.738 0 0
4.736 0 0
4.734 0 0
4.732 0 0
4.73 0 0
4.728 0 0
4.726 0 0
4.724 0 0
4.722 0 0
4.72 0 0
4.718 0 0
4.716 0 0
4.714 0 0
4.712 0 0
4.71 0 0
4.708 0 0
4.706 0 0
4.704 0 0
4.702 0 0
4.7 0 0
4.698 0 0
4.696 0 0
4.694 0 0
4.692 0 0
4.69 0 0
4.688 0 0
4.686 0 0.001
4.684 0 0.001
4.682 0 0.001
4.68 0 0.001
4.678 0 0.001
4.676 0 0.001
4.674 0 0.001
4.672 0 0.001
4.67 0 0.001
4.668 0 0.001
4.666 0 0.001
4.664 0 0.001
4.662 0 0.001
4.66 0 0.001
4.658 0 0.001
4.656 0 0.001
4.654 0 0.001
4.652 0 0.001
4.65 0 0.001
4.648 0 0.001
4.646 0 0.001
4.644 0 0.001
4.642 0 0.001
4.64 0 0.001
4.638 0 0.001
4.636 0 0.001
4.634 0 0.001
4.632 0 0.001
4.63 0 0.001
4.628 0 0.001
4.626 0 0.001
4.624 0 0.001
4.622 0 0.001
4.62 0 0.001
4.618 0 0.001
4.616 0 0.001
4.614 0 0.001
4.612 0 0.001
4.61 0 0.001
4.608 0 0.001
4.606 0 0.001
4.604 0 0.001
4.602 0 0.001
4.6 0 0.001
4.598 0 0.001
4.596 0 0.001
4.594 0 0.001
4.592 0 0.001
4.59 0 0.001
4.588 0 0.001
4.586 0 0.001
4.584 0 0.001
4.582 0 0.001
4.58 0 0.001
4.578 0 0.001
4.576 0 0.001
4.574 0 0.001
4.572 0 0.001
4.57 0 0.001
4.568 0 0.001
4.566 0 0.001
4.564 0 0.001
4.562 0 0.001
4.56 0 0.001
4.558 0 0.001
4.556 0 0.001
4.554 0 0.001
4.552 0 0.001
4.55 0 0.001
4.548 0 0.001
4.546 0 0.001
4.544 0 0.001
4.542 0 0.001
4.54 0 0.001
4.538 0 0.001
4.536 0 0.001
4.534 0 0.001
4.532 0 0.001
4.53 0 0.001
4.528 0 0.001
4.526 0 0.001
4.524 0 0.001
4.522 0 0.001
4.52 0 0.001
4.518 0 0.001
4.516 0 0.001
4.514 0 0.001
4.512 0 0.001
4.51 0 0.001
4.508 0 0.001
4.506 0 0.001
4.504 0 0.001
4.502 0 0.001
4.5 0 0.001
4.498 0 0.001
4.496 0 0.001
4.494 0 0.001
4.492 0 0.001
4.49 0 0.001
4.488 0 0.001
4.486 0 0.001
4.484 0 0.001
4.482 0 0.001
4.48 0 0.001
4.478 0 0.001
4.476 0 0.001
4.474 0 0.001
4.472 0 0.001
4.47 0 0.001
4.468 0 0.001
4.466 0 0.001
4.464 0 0.001
4.462 0 0.001
4.46 0 0.001
4.458 0 0.001
4.456 0 0.001
4.454 0 0.001
4.452 0 0.001
4.45 0 0.001
4.448 0 0.001
4.446 0 0.001
4.444 0 0.001
4.442 0 0.001
4.44 0 0.001
4.438 0 0.001
4.436 0 0.001
4.434 0 0.001
4.432 0 0.001
4.43 0 0.001
4.428 0 0.001
4.426 0 0.001
4.424 0 0.001
4.422 0 0.001
4.42 0 0.001
4.418 0 0.001
4.416 0 0.001
4.414 0 0.001
4.412 0 0.001
4.41 0 0.001
4.408 0 0.001
4.406 0 0.001
4.404 0 0.001
4.402 0 0.001
4.4 0 0.001
4.398 0 0.001
4.396 0 0.001
4.394 0 0.001
4.392 0 0.001
4.39 0 0.001
4.388 0 0.001
4.386 0 0.001
4.384 0 0.001
4.382 0 0.001
4.38 0 0.001
4.378 0 0.001
4.376 0 0.001
4.374 0 0.001
4.372 0 0.001
4.37 0 0.001
4.368 0 0.001
4.366 0 0.001
4.364 0 0.001
4.362 0 0.001
4.36 0 0.001
4.358 0 0.001
4.356 0 0.001
4.354 0 0.001
4.352 0 0.001
4.35 0 0.001
4.348 0 0.001
4.346 0 0.001
4.344 0 0.001
4.342 0 0.001
4.34 0 0.001
4.338 0 0.001
4.336 0 0.001
4.334 0 0.001
4.332 0 0.001
4.33 0 0.001
4.328 0 0.001
4.326 0 0.001
4.324 0 0.001
4.322 0 0.001
4.32 0 0.001
4.318 0 0.001
4.316 0 0.001
4.314 0 0.001
4.312 0 0.001
4.31 0 0.001
4.308 0 0.001
4.306 0 0.001
4.304 0 0.001
4.302 0 0.001
4.3 0 0.001
4.298 0 0.001
4.296 0 0.001
4.294 0 0.001
4.292 0 0.001
4.29 0 0.001
4.288 0 0.001
4.286 0 0.001
4.284 0 0.001
4.282 0 0.001
4.28 0 0.001
4.278 0 0.001
4.276 0 0.001
4.274 0 0.001
4.272 0 0.001
4.27 0 0.001
4.268 0 0.001
4.266 0 0.001
4.264 0 0.001
4.262 0 0.001
4.26 0 0.001
4.258 0 0.001
4.256 0 0.001
4.254 0 0.001
4.252 0 0.001
4.25 0 0.001
4.248 0 0.001
4.246 0 0.001
4.244 0 0.001
4.242 0 0.001
4.24 0 0.001
4.238 0 0.001
4.236 0 0.001
4.234 0 0.001
4.232 0 0.001
4.23 0 0.002
4.228 0 0.002
4.226 0 0.002
4.224 0 0.002
4.222 0 0.002
4.22 0 0.002
4.218 0 0.002
4.216 0 0.002
4.214 0 0.002
4.212 0 0.002
4.21 0 0.002
4.208 0 0.002
4.206 0 0.002
4.204 0 0.002
4.202 0 0.002
4.2 0 0.002
4.198 0 0.002
4.196 0 0.002
4.194 0 0.002
4.192 0 0.002
4.19 0 0.002
4.188 0 0.002
4.186 0 0.002
4.184 0 0.002
4.182 0 0.002
4.18 0 0.002
4.178 0 0.002
4.176 0 0.002
4.174 0 0.002
4.172 0 0.002
4.17 0 0.002
4.168 0 0.002
4.166 0 0.002
4.164 0 0.002
4.162 0 0.002
4.16 0 0.002
4.158 0 0.002
4.156 0 0.002
4.154 0 0.002
4.152 0 0.002
4.15 0 0.002
4.148 0 0.002
4.146 0 0.002
4.144 0 0.002
4.142 0 0.002
4.14 0 0.002
4.138 0 0.002
4.136 0 0.002
4.134 0 0.002
4.132 0 0.002
4.13 0 0.002
4.128 0 0.002
4.126 0 0.002
4.124 0 0.002
4.122 0 0.002
4.12 0 0.002
4.118 0 0.002
4.116 0 0.002
4.114 0 0.002
4.112 0 0.002
4.11 0 0.002
4.108 0 0.002
4.106 0 0.002
4.104 0 0.002
4.102 0 0.002
4.1 0 0.002
4.098 0 0.002
4.096 0 0.002
4.094 0 0.002
4.092 0 0.002
4.09 0 0.002
4.088 0 0.002
4.086 0 0.002
4.084 0 0.002
4.082 0 0.002
4.08 0 0.002
4.078 0 0.002
4.076 0 0.002
4.074 0 0.002
4.072 0 0.002
4.07 0 0.002
4.068 0 0.002
4.066 0 0.002
4.064 0 0.002
4.062 0 0.002
4.06 0 0.002
4.058 0 0.002
4.056 0 0.002
4.054 0 0.002
4.052 0 0.002
4.05 0 0.002
4.048 0 0.002
4.046 0 0.002
4.044 0 0.002
4.042 0 0.002
4.04 0 0.002
4.038 0 0.002
4.036 0 0.002
4.034 0 0.002
4.032 0 0.002
4.03 0 0.002
4.028 0 0.002
4.026 0 0.002
4.024 0 0.002
4.022 0 0.002
4.02 0 0.002
4.018 0 0.002
4.016 0 0.002
4.014 0 0.002
4.012 0 0.002
4.01 0 0.002
4.008 0 0.002
4.006 0 0.002
4.004 0 0.002
4.002 0 0.002
4 0 0.002
3.998 0 0.002
3.996 0 0.002
3.994 0 0.002
3.992 0 0.002
3.99 0 0.002
3.988 0 0.002
3.986 0 0.002
3.984 0 0.002
3.982 0 0.002
3.98 0 0.002
3.978 0 0.002
3.976 0 0.002
3.974 0 0.002
3.972 0 0.002
3.97 0 0.002
3.968 0 0.002
3.966 0 0.002
3.964 0 0.002
3.962 0 0.002
3.96 0 0.002
3.958 0 0.002
3.956 0 0.002
3.954 0 0.002
3.952 0 0.002
3.95 0 0.002
3.948 0 0.002
3.946 0 0.002
3.944 0 0.002
3.942 0 0.002
3.94 0 0.002
3.938 0 0.002
3.936 0 0.002
3.934 0 0.002
3.932 0 0.002
3.93 0 0.002
3.928 0 0.002
3.926 0 0.002
3.924 0 0.002
3.922 0 0.002
3.92 0 0.002
3.918 0 0.002
3.916 0 0.002
3.914 0 0.002
3.912 0 0.003
3.91 0 0.003
3.908 0 0.003
3.906 0 0.003
3.904 0 0.003
3.902 0 0.003
3.9 0 0.003
3.898 0 0.003
3.896 0 0.003
3.894 0 0.003
3.892 0 0.003
3.89 0 0.003
3.888 0 0.003
3.886 0 0.003
3.884 0 0.003
3.882 0 0.003
3.88 0 0.003
3.878 0 0.003
3.876 0 0.003
3.874 0 0.003
3.872 0 0.003
3.87 0 0.003
3.868 0 0.003
3.866 0 0.003
3.864 0 0.003
3.862 0 0.003
3.86 0 0.003
3.858 0 0.003
3.856 0 0.003
3.854 0 0.003
3.852 0 0.003
3.85 0 0.003
3.848 0 0.003
3.846 0 0.003
3.844 0 0.003
3.842 0 0.003
3.84 0 0.003
3.838 0 0.003
3.836 0 0.003
3.834 0 0.003
3.832 0 0.003
3.83 0 0.003
3.828 0 0.003
3.826 0 0.003
3.824 0 0.003
3.822 0 0.003
3.82 0 0.003
3.818 0 0.003
3.816 0 0.003
3.814 0 0.003
3.812 0 0.003
3.81 0 0.003
3.808 0 0.003
3.806 0 0.003
3.804 0 0.003
3.802 0 0.003
3.8 0 0.003
3.798 0 0.003
3.796 0 0.003
3.794 0 0.003
3.792 0 0.003
3.79 0 0.003
3.788 0 0.003
3.786 0 0.003
3.784 0 0.003
3.782 0 0.003
3.78 0 0.003
3.778 0 0.003
3.776 0 0.003
3.774 0 0.003
3.772 0 0.003
3.77 0 0.003
3.768 0 0.003
3.766 0 0.003
3.764 0 0.003
3.762 0 0.003
3.76 0 0.003
3.758 0 0.003
3.756 0 0.003
3.754 0 0.003
3.752 0 0.003
3.75 0 0.003
3.748 0 0.003
3.746 0 0.003
3.744 0 0.003
3.742 0 0.003
3.74 0 0.003
3.738 0 0.003
3.736 0 0.003
3.734 0 0.003
3.732 0 0.003
3.73 0 0.003
3.728 0 0.003
3.726 0 0.003
3.724 0 0.003
3.722 0 0.003
3.72 0 0.003
3.718 0 0.003
3.716 0 0.003
3.714 0 0.003
3.712 0 0.003
3.71 0 0.003
3.708 0 0.003
3.706 0 0.003
3.704 0 0.003
3.702 0 0.003
3.7 0 0.003
3.698 0 0.003
3.696 0 0.003
3.694 0 0.003
3.692 0 0.003
3.69 0 0.003
3.688 0 0.003
3.686 0 0.003
3.684 0 0.003
3.682 0 0.003
3.68 0 0.004
3.678 0 0.004
3.676 0 0.004
3.674 0 0.004
3.672 0 0.004
3.67 0 0.004
3.668 0 0.004
3.666 0 0.004
3.664 0 0.004
3.662 0 0.004
3.66 0 0.004
3.658 0 0.004
3.656 0 0.004
3.654 0 0.004
3.652 0 0.004
3.65 0 0.004
3.648 0 0.004
3.646 0 0.004
3.644 0 0.004
3.642 0 0.004
3.64 0 0.004
3.638 0 0.004
3.636 0 0.004
3.634 0 0.004
3.632 0 0.004
3.63 0 0.004
3.628 0 0.004
3.626 0 0.004
3.624 0 0.004
3.622 0 0.004
3.62 0 0.004
3.618 0 0.004
3.616 0 0.004
3.614 0 0.004
3.612 0 0.004
3.61 0 0.004
3.608 0 0.004
3.606 0 0.004
3.604 0 0.004
3.602 0 0.004
3.6 0 0.004
3.598 0 0.004
3.596 0 0.004
3.594 0 0.004
3.592 0 0.004
3.59 0 0.004
3.588 0 0.004
3.586 0 0.004
3.584 0 0.004
3.582 0 0.004
3.58 0 0.004
3.578 0 0.004
3.576 0 0.004
3.574 0 0.004
3.572 0 0.004
3.57 0 0.004
3.568 0 0.004
3.566 0 0.004
3.564 0 0.004
3.562 0 0.004
3.56 0 0.004
3.558 0 0.004
3.556 0 0.004
3.554 0 0.004
3.552 0 0.004
3.55 0 0.004
3.548 0 0.004
3.546 0 0.004
3.544 0 0.004
3.542 0 0.004
3.54 0 0.004
3.538 0 0.004
3.536 0 0.004
3.534 0 0.004
3.532 0 0.004
3.53 0 0.004
3.528 0 0.004
3.526 0 0.004
3.524 0 0.004
3.522 0 0.004
3.52 0 0.004
3.518 0 0.004
3.516 0 0.004
3.514 0 0.004
3.512 0 0.004
3.51 0 0.004
3.508 0 0.004
3.506 0 0.004
3.504 0 0.004
3.502 0 0.005
3.5 0 0.005
3.498 0 0.005
3.496 0 0.005
3.494 0 0.005
3.492 0 0.005
3.49 0 0.005
3.488 0 0.005
3.486 0 0.005
3.484 0 0.005
3.482 0 0.005
3.48 0 0.005
3.478 0 0.005
3.476 0 0.005
3.474 0 0.005
3.472 0 0.005
3.47 0 0.005
3.468 0 0.005
3.466 0 0.005
3.464 0 0.005
3.462 0 0.005
3.46 0 0.005
3.458 0 0.005
3.456 0 0.005
3.454 0 0.005
3.452 0 0.005
3.45 0 0.005
3.448 0 0.005
3.446 0 0.005
3.444 0 0.005
3.442 0 0.005
3.44 0 0.005
3.438 0 0.005
3.436 0 0.005
3.434 0 0.005
3.432 0 0.005
3.43 0 0.005
3.428 0 0.005
3.426 0 0.005
3.424 0 0.005
3.422 0 0.005
3.42 0 0.005
3.418 0 0.005
3.416 0 0.005
3.414 0 0.005
3.412 0 0.005
3.41 0 0.005
3.408 0 0.005
3.406 0 0.005
3.404 0 0.005
3.402 0 0.005
3.4 0 0.005
3.398 0 0.005
3.396 0 0.005
3.394 0 0.005
3.392 0 0.005
3.39 0 0.005
3.388 0 0.005
3.386 0 0.005
3.384 0 0.005
3.382 0 0.005
3.38 0 0.005
3.378 0 0.005
3.376 0 0.005
3.374 0 0.005
3.372 0 0.005
3.37 0 0.005
3.368 0 0.005
3.366 0 0.005
3.364 0 0.005
3.362 0 0.005
3.36 0 0.006
3.358 0 0.006
3.356 0 0.006
3.354 0 0.006
3.352 0 0.006
3.35 0 0.006
3.348 0 0.006
3.346 0 0.006
3.344 0 0.006
3.342 0 0.006
3.34 0 0.006
3.338 0 0.006
3.336 0 0.006
3.334 0 0.006
3.332 0 0.006
3.33 0 0.006
3.328 0 0.006
3.326 0 0.006
3.324 0 0.006
3.322 0 0.006
3.32 0 0.006
3.318 0 0.006
3.316 0 0.006
3.314 0 0.006
3.312 0 0.006
3.31 0 0.006
3.308 0 0.006
3.306 0 0.006
3.304 0 0.006
3.302 0 0.006
3.3 0 0.006
3.298 0 0.006
3.296 0 0.006
3.294 0 0.006
3.292 0 0.006
3.29 0 0.006
3.288 0 0.006
3.286 0 0.006
3.284 0 0.006
3.282 0 0.006
3.28 0 0.006
3.278 0 0.006
3.276 0 0.006
3.274 0 0.006
3.272 0 0.006
3.27 0 0.006
3.268 0 0.006
3.266 0 0.006
3.264 0 0.006
3.262 0 0.006
3.26 0 0.006
3.258 0 0.006
3.256 0 0.006
3.254 0 0.006
3.252 0 0.006
3.25 0 0.006
3.248 0 0.006
3.246 0 0.007
3.244 0 0.007
3.242 0 0.007
3.24 0 0.007
3.238 0 0.007
3.236 0 0.007
3.234 0 0.007
3.232 0 0.007
3.23 0 0.007
3.228 0 0.007
3.226 0 0.007
3.224 0 0.007
3.222 0 0.007
3.22 0 0.007
3.218 0 0.007
3.216 0 0.007
3.214 0 0.007
3.212 0 0.007
3.21 0 0.007
3.208 0 0.007
3.206 0 0.007
3.204 0 0.007
3.202 0 0.007
3.2 0 0.007
3.198 0 0.007
3.196 0 0.007
3.194 0 0.007
3.192 0 0.007
3.19 0 0.007
3.188 0 0.007
3.186 0 0.007
3.184 0 0.007
3.182 0 0.007
3.18 0 0.007
3.178 0 0.007
3.176 0 0.007
3.174 0 0.007
3.172 0 0.007
3.17 0 0.007
3.168 0 0.007
3.166 0 0.007
3.164 0 0.007
3.162 0 0.007
3.16 0 0.007
3.158 0 0.007
3.156 0 0.007
3.154 0 0.007
3.152 0 0.008
3.15 0 0.008
3.148 0 0.008
3.146 0 0.008
3.144 0 0.008
3.142 0 0.008
3.14 0 0.008
3.138 0 0.008
3.136 0 0.008
3.134 0 0.008
3.132 0 0.008
3.13 0 0.008
3.128 0 0.008
3.126 0 0.008
3.124 0 0.008
3.122 0 0.008
3.12 0 0.008
3.118 0 0.008
3.116 0 0.008
3.114 0 0.008
3.112 0 0.008
3.11 0 0.008
3.108 0 0.008
3.106 0 0.008
3.104 0 0.008
3.102 0 0.008
3.1 0 0.008
3.098 0 0.008
3.096 0 0.008
3.094 0 0.008
3.092 0 0.008
3.09 0 0.008
3.088 0 0.008
3.086 0 0.008
3.084 0 0.008
3.082 0 0.008
3.08 0 0.008
3.078 0 0.008
3.076 0 0.008
3.074 0 0.009
3.072 0 0.009
3.07 0 0.009
3.068 0 0.009
3.066 0 0.009
3.064 0 0.009
3.062 0 0.009
3.06 0 0.009
3.058 0 0.009
3.056 0 0.009
3.054 0 0.009
3.052 0 0.009
3.05 0 0.009
3.048 0 0.009
3.046 0 0.009
3.044 0 0.009
3.042 0 0.009
3.04 0 0.009
3.038 0 0.009
3.036 0 0.009
3.034 0 0.009
3.032 0 0.009
3.03 0 0.009
3.028 0 0.009
3.026 0 0.009
3.024 0 0.009
3.022 0 0.009
3.02 0 0.009
3.018 0 0.009
3.016 0 0.009
3.014 0 0.009
3.012 0 0.009
3.01 0 0.009
3.008 0.0001 0.009
3.006 0.0001 0.01
3.004 0.0001 0.01
3.002 0.0001 0.01
3 0.0001 0.01
2.998 0.0001 0.01
2.996 0.0001 0.01
2.994 0.0001 0.01
2.992 0.0001 0.01
2.99 0.0001 0.01
2.988 0.0001 0.01
2.986 0.0001 0.01
2.984 0.0001 0.01
2.982 0.0001 0.01
2.98 0.0001 0.01
2.978 0.0001 0.01
2.976 0.0001 0.01
2.974 0.0001 0.01
2.972 0.0001 0.01
2.97 0.0001 0.01
2.968 0.0001 0.01
2.966 0.0001 0.01
2.964 0.0001 0.01
2.962 0.0001 0.01
2.96 0.0001 0.01
2.958 0.0001 0.01
2.956 0.0001 0.01
2.954 0.0001 0.01
2.952 0.0001 0.01
2.95 0.0001 0.01
2.948 0.0001 0.011
2.946 0.0001 0.011
2.944 0.0001 0.011
2.942 0.0001 0.011
2.94 0.0001 0.011
2.938 0.0001 0.011
2.936 0.0001 0.011
2.934 0.0001 0.011
2.932 0.0001 0.011
2.93 0.0001 0.011
2.928 0.0001 0.011
2.926 0.0001 0.011
2.924 0.0001 0.011
2.922 0.0001 0.011
2.92 0.0001 0.011
2.918 0.0001 0.011
2.916 0.0001 0.011
2.914 0.0001 0.011
2.912 0.0001 0.011
2.91 0.0001 0.011
2.908 0.0001 0.011
2.906 0.0001 0.011
2.904 0.0001 0.011
2.902 0.0001 0.011
2.9 0.0001 0.011
2.898 0.0001 0.011
2.896 0.0001 0.012
2.894 0.0001 0.012
2.892 0.0001 0.012
2.89 0.0001 0.012
2.888 0.0001 0.012
2.886 0.0001 0.012
2.884 0.0001 0.012
2.882 0.0001 0.012
2.88 0.0001 0.012
2.878 0.0001 0.012
2.876 0.0001 0.012
2.874 0.0001 0.012
2.872 0.0001 0.012
2.87 0.0001 0.012
2.868 0.0001 0.012
2.866 0.0001 0.012
2.864 0.0001 0.012
2.862 0.0001 0.012
2.86 0.0001 0.012
2.858 0.0001 0.012
2.856 0.0001 0.012
2.854 0.0001 0.012
2.852 0.0001 0.013
2.85 0.0001 0.013
2.848 0.0001 0.013
2.846 0.0001 0.013
2.844 0.0001 0.013
2.842 0.0001 0.013
2.84 0.0001 0.013
2.838 0.0001 0.013
2.836 0.0001 0.013
2.834 0.0001 0.013
2.832 0.0001 0.013
2.83 0.0001 0.013
2.828 0.0001 0.013
2.826 0.0001 0.013
2.824 0.0001 0.013
2.822 0.0001 0.013
2.82 0.0001 0.013
2.818 0.0001 0.013
2.816 0.0001 0.013
2.814 0.0001 0.013
2.812 0.0001 0.014
2.81 0.0001 0.014
2.808 0.0001 0.014
2.806 0.0001 0.014
2.804 0.0001 0.014
2.802 0.0001 0.014
2.8 0.0001 0.014
2.798 0.0001 0.014
2.796 0.0001 0.014
2.794 0.0001 0.014
2.792 0.0001 0.014
2.79 0.0001 0.014
2.788 0.0001 0.014
2.786 0.0001 0.014
2.784 0.0001 0.014
2.782 0.0001 0.014
2.78 0.0001 0.014
2.778 0.0001 0.015
2.776 0.0001 0.015
2.774 0.0001 0.015
2.772 0.0001 0.015
2.77 0.0001 0.015
2.768 0.0001 0.015
2.766 0.0001 0.015
2.764 0.0001 0.015
2.762 0.0001 0.015
2.76 0.0001 0.015
2.758 0.0001 0.015
2.756 0.0001 0.015
2.754 0.0001 0.015
2.752 0.0001 0.015
2.75 0.0001 0.015
2.748 0.0001 0.015
2.746 0.0001 0.016
2.744 0.0001 0.016
2.742 0.0001 0.016
2.74 0.0001 0.016
2.738 0.0001 0.016
2.736 0.0001 0.016
2.734 0.0001 0.016
2.732 0.0001 0.016
2.73 0.0001 0.016
2.728 0.0001 0.016
2.726 0.0001 0.016
2.724 0.0001 0.016
2.722 0.0001 0.016
2.72 0.0001 0.016
2.718 0.0001 0.017
2.716 0.0001 0.017
2.714 0.0001 0.017
2.712 0.0001 0.017
2.71 0.0001 0.017
2.708 0.0001 0.017
2.706 0.0001 0.017
2.704 0.0001 0.017
2.702 0.0001 0.017
2.7 0.0001 0.017
2.698 0.0001 0.017
2.696 0.0001 0.017
2.694 0.0001 0.017
2.692 0.0001 0.018
2.69 0.0001 0.018
2.688 0.0001 0.018
2.686 0.0001 0.018
2.684 0.0001 0.018
2.682 0.0001 0.018
2.68 0.0001 0.018
2.678 0.0001 0.018
2.676 0.0001 0.018
2.674 0.0001 0.018
2.672 0.0001 0.018
2.67 0.0001 0.018
2.668 0.0001 0.019
2.666 0.0001 0.019
2.664 0.0001 0.019
2.662 0.0001 0.019
2.66 0.0001 0.019
2.658 0.0001 0.019
2.656 0.0001 0.019
2.654 0.0001 0.019
2.652 0.0001 0.019
2.65 0.0001 0.019
2.648 0.0002 0.019
2.646 0.0002 0.02
2.644 0.0002 0.02
2.642 0.0002 0.02
2.64 0.0002 0.02
2.638 0.0002 0.02
2.636 0.0002 0.02
2.634 0.0002 0.02
2.632 0.0002 0.02
2.63 0.0002 0.02
2.628 0.0002 0.02
2.626 0.0002 0.021
2.624 0.0002 0.021
2.622 0.0002 0.021
2.62 0.0002 0.021
2.618 0.0002 0.021
2.616 0.0002 0.021
2.614 0.0002 0.021
2.612 0.0002 0.021
2.61 0.0002 0.021
2.608 0.0002 0.022
2.606 0.0002 0.022
2.604 0.0002 0.022
2.602 0.0002 0.022
2.6 0.0002 0.022
2.598 0.0002 0.022
2.596 0.0002 0.022
2.594 0.0002 0.022
2.592 0.0002 0.022
2.59 0.0002 0.023
2.588 0.0002 0.023
2.586 0.0002 0.023
2.584 0.0002 0.023
2.582 0.0002 0.023
2.58 0.0002 0.023
2.578 0.0002 0.023
2.576 0.0002 0.024
2.574 0.0002 0.024
2.572 0.0002 0.024
2.57 0.0002 0.024
2.568 0.0002 0.024
2.566 0.0002 0.024
2.564 0.0002 0.024
2.562 0.0002 0.024
2.56 0.0002 0.025
2.558 0.0002 0.025
2.556 0.0002 0.025
2.554 0.0002 0.025
2.552 0.0002 0.025
2.55 0.0002 0.025
2.548 0.0002 0.025
2.546 0.0002 0.026
2.544 0.0002 0.026
2.542 0.0002 0.026
2.54 0.0002 0.026
2.538 0.0003 0.026
2.536 0.0003 0.026
2.534 0.0003 0.027
2.532 0.0003 0.027
2.53 0.0003 0.027
2.528 0.0003 0.027
2.526 0.0003 0.027
2.524 0.0003 0.027
2.522 0.0003 0.028
2.52 0.0003 0.028
2.518 0.0003 0.028
2.516 0.0003 0.028
2.514 0.0003 0.028
2.512 0.0003 0.029
2.51 0.0003 0.029
2.508 0.0003 0.029
2.506 0.0003 0.029
2.504 0.0003 0.029
2.502 0.0003 0.029
2.5 0.0003 0.03
2.498 0.0003 0.03
2.496 0.0003 0.03
2.494 0.0003 0.03
2.492 0.0003 0.03
2.49 0.0003 0.031
2.488 0.0003 0.031
2.486 0.0003 0.031
2.484 0.0003 0.031
2.482 0.0003 0.032
2.48 0.0004 0.032
2.478 0.0004 0.032
2.476 0.0004 0.032
2.474 0.0004 0.032
2.472 0.0004 0.033
2.47 0.0004 0.033
2.468 0.0004 0.033
2.466 0.0004 0.033
2.464 0.0004 0.034
2.462 0.0004 0.034
2.46 0.0004 0.034
2.458 0.0004 0.034
2.456 0.0004 0.035
2.454 0.0004 0.035
2.452 0.0004 0.035
2.45 0.0004 0.035
2.448 0.0004 0.036
2.446 0.0004 0.036
2.444 0.0004 0.036
2.442 0.0005 0.037
2.44 0.0005 0.037
2.438 0.0005 0.037
2.436 0.0005 0.037
2.434 0.0005 0.038
2.432 0.0005 0.038
2.43 0.0005 0.038
2.428 0.0005 0.039
2.426 0.0005 0.039
2.424 0.0005 0.039
2.422 0.0005 0.04
2.42 0.0005 0.04
2.418 0.0005 0.04
2.416 0.0005 0.041
2.414 0.0006 0.041
2.412 0.0006 0.041
2.41 0.0006 0.042
2.408 0.0006 0.042
2.406 0.0006 0.043
2.404 0.0006 0.043
2.402 0.0006 0.043
2.4 0.0006 0.044
2.398 0.0006 0.044
2.396 0.0006 0.045
2.394 0.0007 0.045
2.392 0.0007 0.045
2.39 0.0007 0.046
2.388 0.0007 0.046
2.386 0.0007 0.047
2.384 0.0007 0.047
2.382 0.0007 0.048
2.38 0.0007 0.048
2.378 0.0008 0.049
2.376 0.0008 0.049
2.374 0.0008 0.049
2.372 0.0008 0.05
2.37 0.0008 0.051
2.368 0.0008 0.051
2.366 0.0008 0.052
2.364 0.0009 0.052
2.362 0.0009 0.053
2.36 0.0009 0.053
2.358 0.0009 0.054
2.356 0.0009 0.054
2.354 0.001 0.055
2.352 0.001 0.056
2.35 0.001 0.056
2.348 0.001 0.057
2.346 0.001 0.058
2.344 0.0011 0.058
2.342 0.0011 0.059
2.34 0.0011 0.06
2.338 0.0011 0.06
2.336 0.0012 0.061
2.334 0.0012 0.062
2.332 0.0012 0.063
2.33 0.0012 0.063
2.328 0.0013 0.064
2.326 0.0013 0.065
2.324 0.0013 0.066
2.322 0.0014 0.067
2.32 0.0014 0.068
2.318 0.0014 0.068
2.316 0.0015 0.069
2.314 0.0015 0.07
2.312 0.0016 0.071
2.31 0.0016 0.072
2.308 0.0016 0.073
2.306 0.0017 0.074
2.304 0.0017 0.075
2.302 0.0018 0.077
2.3 0.0018 0.078
2.298 0.0019 0.079
2.296 0.0019 0.08
2.294 0.002 0.081
2.292 0.0021 0.083
2.29 0.0021 0.084
2.288 0.0022 0.085
2.286 0.0023 0.087
2.284 0.0023 0.088
2.282 0.0024 0.09
2.28 0.0025 0.091
2.278 0.0026 0.093
2.276 0.0027 0.095
2.274 0.0028 0.096
2.272 0.0029 0.098
2.27 0.003 0.1
2.268 0.0031 0.102
2.266 0.0032 0.104
2.264 0.0033 0.106
2.262 0.0034 0.108
2.26 0.0036 0.11
2.258 0.0037 0.113
2.256 0.0039 0.115
2.254 0.0041 0.118
2.252 0.0042 0.12
2.25 0.0044 0.123
2.248 0.0046 0.126
2.246 0.0048 0.129
2.244 0.0051 0.132
2.242 0.0053 0.135
2.24 0.0056 0.139
2.238 0.0059 0.143
2.236 0.0062 0.146
2.234 0.0065 0.15
2.232 0.0069 0.155
2.23 0.0073 0.159
2.228 0.0077 0.164
2.226 0.0082 0.169
2.224 0.0087 0.175
2.222 0.0093 0.18
2.22 0.0099 0.186
2.218 0.0106 0.193
2.216 0.0113 0.2
2.214 0.0122 0.207
2.212 0.0131 0.215
2.21 0.0142 0.224
2.208 0.0154 0.234
2.206 0.0167 0.244
2.204 0.0183 0.255
2.202 0.02 0.267
2.2 0.022 0.28
2.198 0.0243 0.295
2.196 0.027 0.312
2.194 0.0302 0.33
2.192 0.034 0.35
2.19 0.0385 0.373
2.188 0.0439 0.399
2.186 0.0506 0.43
2.184 0.0588 0.464
2.182 0.0692 0.505
2.18 0.0826 0.553
2.178 0.1 0.612
2.176 0.1233 0.683
2.174 0.1552 0.771
2.172 0.2 0.884
2.17 0.2647 1.032
2.168 0.36 1.231
2.166 0.5 1.505
2.164 0.6923 1.884
2.162 0.9 2.391
2.16 1 2.996
2.158 0.9 3.601
2.156 0.6923 4.108
2.154 0.5 4.487
2.152 0.36 4.761
2.15 0.2647 4.96
2.148 0.2 5.108
2.146 0.1552 5.221
2.144 0.1233 5.309
2.142 0.1 5.38
2.14 0.0826 5.439
2.138 0.0692 5.487
2.136 0.0588 5.528
2.134 0.0506 5.562
2.132 0.0439 5.592
2.13 0.0385 5.619
2.128 0.034 5.642
2.126 0.0302 5.662
2.124 0.027 5.68
2.122 0.0243 5.697
2.12 0.022 5.711
2.118 0.02 5.725
2.116 0.0183 5.737
2.114 0.0167 5.748
2.112 0.0154 5.758
2.11 0.0142 5.768
2.108 0.0131 5.777
2.106 0.0122 5.785
2.104 0.0113 5.792
2.102 0.0106 5.799
2.1 0.0099 5.806
2.098 0.0093 5.812
2.096 0.0087 5.817
2.094 0.0082 5.823
2.092 0.0077 5.828
2.09 0.0073 5.833
2.088 0.0069 5.837
2.086 0.0065 5.841
2.084 0.0062 5.845
2.082 0.0059 5.849
2.08 0.0056 5.853
2.078 0.0053 5.856
2.076 0.0051 5.86
2.074 0.0048 5.863
2.072 0.0046 5.866
2.07 0.0044 5.869
2.068 0.0042 5.872
2.066 0.0041 5.874
2.064 0.0039 5.877
2.062 0.0037 5.879
2.06 0.0036 5.882
2.058 0.0034 5.884
2.056 0.0033 5.886
2.054 0.0032 5.888
2.052 0.0031 5.89
2.05 0.003 5.892
2.048 0.0029 5.894
2.046 0.0028 5.896
2.044 0.0027 5.897
2.042 0.0026 5.899
2.04 0.0025 5.901
2.038 0.0024 5.902
2.036 0.0023 5.904
2.034 0.0023 5.905
2.032 0.0022 5.907
2.03 0.0021 5.908
2.028 0.0021 5.909
2.026 0.002 5.911
2.024 0.0019 5.912
2.022 0.0019 5.913
2.02 0.0018 5.914
2.018 0.0018 5.915
2.016 0.0017 5.916
2.014 0.0017 5.918
2.012 0.0016 5.919
2.01 0.0016 5.92
2.008 0.0016 5.921
2.006 0.0015 5.922
2.004 0.0015 5.923
2.002 0.0014 5.923
2 0.0014 5.924
1.998 0.0014 5.925
1.996 0.0013 5.926
1.994 0.0013 5.927
1.992 0.0013 5.928
1.99 0.0012 5.929
1.988 0.0012 5.929
1.986 0.0012 5.93
1.984 0.0012 5.931
1.982 0.0011 5.932
1.98 0.0011 5.932
1.978 0.0011 5.933
1.976 0.0011 5.934
1.974 0.001 5.934
1.972 0.001 5.935
1.97 0.001 5.936
1.968 0.001 5.936
1.966 0.001 5.937
1.964 0.0009 5.938
1.962 0.0009 5.938
1.96 0.0009 5.939
1.958 0.0009 5.939
1.956 0.0009 5.94
1.954 0.0008 5.94
1.952 0.0008 5.941
1.95 0.0008 5.941
1.948 0.0008 5.942
1.946 0.0008 5.942
1.944 0.0008 5.943
1.942 0.0008 5.943
1.94 0.0007 5.944
1.938 0.0007 5.944
1.936 0.0007 5.945
1.934 0.0007 5.945
1.932 0.0007 5.946
1.93 0.0007 5.946
1.928 0.0007 5.947
1.926 0.0007 5.947
1.924 0.0006 5.947
1.922 0.0006 5.948
1.92 0.0006 5.948
1.918 0.0006 5.949
1.916 0.0006 5.949
1.914 0.0006 5.949
1.912 0.0006 5.95
1.91 0.0006 5.95
1.908 0.0006 5.951
1.906 0.0006 5.951
1.904 0.0005 5.951
1.902 0.0005 5.952
1.9 0.0005 5.952
1.898 0.0005 5.952
1.896 0.0005 5.953
1.894 0.0005 5.953
1.892 0.0005 5.953
1.89 0.0005 5.954
1.888 0.0005 5.954
1.886 0.0005 5.954
1.884 0.0005 5.954
1.882 0.0005 5.955
1.88 0.0005 5.955
1.878 0.0005 5.955
1.876 0.0004 5.956
1.874 0.0004 5.956
1.872 0.0004 5.956
1.87 0.0004 5.956
1.868 0.0004 5.957
1.866 0.0004 5.957
1.864 0.0004 5.957
1.862 0.0004 5.958
1.86 0.0004 5.958
1.858 0.0004 5.958
1.856 0.0004 5.958
1.854 0.0004 5.959
1.852 0.0004 5.959
1.85 0.0004 5.959
1.848 0.0004 5.959
1.846 0.0004 5.959
1.844 0.0004 5.96
1.842 0.0004 5.96
1.84 0.0004 5.96
1.838 0.0003 5.96
1.836 0.0003 5.961
1.834 0.0003 5.961
1.832 0.0003 5.961
1.83 0.0003 5.961
1.828 0.0003 5.961
1.826 0.0003 5.962
1.824 0.0003 5.962
1.822 0.0003 5.962
1.82 0.0003 5.962
1.818 0.0003 5.962
1.816 0.0003 5.963
1.814 0.0003 5.963
1.812 0.0003 5.963
1.81 0.0003 5.963
1.808 0.0003 5.963
1.806 0.0003 5.964
1.804 0.0003 5.964
1.802 0.0003 5.964
1.8 0.0003 5.964
1.798 0.0003 5.964
1.796 0.0003 5.964
1.794 0.0003 5.965
1.792 0.0003 5.965
1.79 0.0003 5.965
1.788 0.0003 5.965
1.786 0.0003 5.965
1.784 0.0003 5.965
1.782 0.0003 5.966
1.78 0.0002 5.966
1.778 0.0002 5.966
1.776 0.0002 5.966
1.774 0.0002 5.966
1.772 0.0002 5.966
1.77 0.0002 5.967
1.768 0.0002 5.967
1.766 0.0002 5.967
1.764 0.0002 5.967
1.762 0.0002 5.967
1.76 0.0002 5.967
1.758 0.0002 5.967
1.756 0.0002 5.968
1.754 0.0002 5.968
1.752 0.0002 5.968
1.75 0.0002 5.968
1.748 0.0002 5.968
1.746 0.0002 5.968
1.744 0.0002 5.968
1.742 0.0002 5.969
1.74 0.0002 5.969
1.738 0.0002 5.969
1.736 0.0002 5.969
1.734 0.0002 5.969
1.732 0.0002 5.969
1.73 0.0002 5.969
1.728 0.0002 5.969
1.726 0.0002 5.97
1.724 0.0002 5.97
1.722 0.0002 5.97
1.72 0.0002 5.97
1.718 0.0002 5.97
1.716 0.0002 5.97
1.714 0.0002 5.97
1.712 0.0002 5.97
1.71 0.0002 5.971
1.708 0.0002 5.971
1.706 0.0002 5.971
1.704 0.0002 5.971
1.702 0.0002 5.971
1.7 0.0002 5.971
1.698 0.0002 5.971
1.696 0.0002 5.971
1.694 0.0002 5.971
1.692 0.0002 5.971
1.69 0.0002 5.972
1.688 0.0002 5.972
1.686 0.0002 5.972
1.684 0.0002 5.972
1.682 0.0002 5.972
1.68 0.0002 5.972
1.678 0.0002 5.972
1.676 0.0002 5.972
1.674 0.0002 5.972
1.672 0.0002 5.972
1.67 0.0001 5.973
1.668 0.0001 5.973
1.666 0.0001 5.973
1.664 0.0001 5.973
1.662 0.0001 5.973
1.66 0.0001 5.973
1.658 0.0001 5.973
1.656 0.0001 5.973
1.654 0.0001 5.973
1.652 0.0001 5.973
1.65 0.0001 5.973
1.648 0.0001 5.974
1.646 0.0001 5.974
1.644 0.0001 5.974
1.642 0.0001 5.974
1.64 0.0001 5.974
1.638 0.0001 5.974
1.636 0.0001 5.974
1.634 0.0001 5.974
1.632 0.0001 5.974
1.63 0.0001 5.974
1.628 0.0001 5.974
1.626 0.0001 5.975
1.624 0.0001 5.975
1.622 0.0001 5.975
1.62 0.0001 5.975
1.618 0.0001 5.975
1.616 0.0001 5.975
1.614 0.0001 5.975
1.612 0.0001 5.975
1.61 0.0001 5.975
1.608 0.0001 5.975
1.606 0.0001 5.975
1.604 0.0001 5.975
1.602 0.0001 5.975
1.6 0.0001 5.976
1.598 0.0001 5.976
1.596 0.0001 5.976
1.594 0.0001 5.976
1.592 0.0001 5.976
1.59 0.0001 5.976
1.588 0.0001 5.976
1.586 0.0001 5.976
1.584 0.0001 5.976
1.582 0.0001 5.976
1.58 0.0001 5.976
1.578 0.0001 5.976
1.576 0.0001 5.976
1.574 0.0001 5.976
1.572 0.0001 5.976
1.57 0.0001 5.977
1.568 0.0001 5.977
1.566 0.0001 5.977
1.564 0.0001 5.977
1.562 0.0001 5.977
1.56 0.0001 5.977
1.558 0.0001 5.977
1.556 0.0001 5.977
1.554 0.0001 5.977
1.552 0.0001 5.977
1.55 0.0001 5.977
1.548 0.0001 5.977
1.546 0.0001 5.977
1.544 0.0001 5.977
1.542 0.0001 5.977
1.54 0.0001 5.977
1.538 0.0001 5.978
1.536 0.0001 5.978
1.534 0.0001 5.978
1.532 0.0001 5.978
1.53 0.0001 5.978
1.528 0.0001 5.978
1.526 0.0001 5.978
1.524 0.0001 5.978
1.522 0.0001 5.978
1.52 0.0001 5.978
1.518 0.0001 5.978
1.516 0.0001 5.978
1.514 0.0001 5.978
1.512 0.0001 5.978
1.51 0.0001 5.978
1.508 0.0001 5.978
1.506 0.0001 5.978
1.504 0.0001 5.978
1.502 0.0001 5.979
1.5 0.0001 5.979
1.498 0.0001 5.979
1.496 0.0001 5.979
1.494 0.0001 5.979
1.492 0.0001 5.979
1.49 0.0001 5.979
1.488 0.0001 5.979
1.486 0.0001 5.979
1.484 0.0001 5.979
1.482 0.0001 5.979
1.48 0.0001 5.979
1.478 0.0001 5.979
1.476 0.0001 5.979
1.474 0.0001 5.979
1.472 0.0001 5.979
1.47 0.0001 5.979
1.468 0.0001 5.979
1.466 0.0001 5.979
1.464 0.0001 5.98
1.462 0.0001 5.98
1.46 0.0001 5.98
1.458 0.0001 5.98
1.456 0.0001 5.98
1.454 0.0001 5.98
1.452 0.0001 5.98
1.45 0.0001 5.98
1.448 0.0001 5.98
1.446 0.0001 5.98
1.444 0.0001 5.98
1.442 0.0001 5.98
1.44 0.0001 5.98
1.438 0.0001 5.98
1.436 0.0001 5.98
1.434 0.0001 5.98
1.432 0.0001 5.98
1.43 0.0001 5.98
1.428 0.0001 5.98
1.426 0.0001 5.98
1.424 0.0001 5.98
1.422 0.0001 5.98
1.42 0.0001 5.98
1.418 0.0001 5.981
1.416 0.0001 5.981
1.414 0.0001 5.981
1.412 0.0001 5.981
1.41 0.0001 5.981
1.408 0.0001 5.981
1.406 0.0001 5.981
1.404 0.0001 5.981
1.402 0.0001 5.981
1.4 0.0001 5.981
1.398 0.0001 5.981
1.396 0.0001 5.981
1.394 0.0001 5.981
1.392 0.0001 5.981
1.39 0.0001 5.981
1.388 0.0001 5.981
1.386 0.0001 5.981
1.384 0.0001 5.981
1.382 0.0001 5.981
1.38 0.0001 5.981
1.378 0.0001 5.981
1.376 0.0001 5.981
1.374 0.0001 5.981
1.372 0.0001 5.981
1.37 0.0001 5.981
1.368 0.0001 5.981
1.366 0.0001 5.982
1.364 0.0001 5.982
1.362 0.0001 5.982
1.36 0.0001 5.982
1.358 0.0001 5.982
1.356 0.0001 5.982
1.354 0.0001 5.982
1.352 0.0001 5.982
1.35 0.0001 5.982
1.348 0.0001 5.982
1.346 0.0001 5.982
1.344 0.0001 5.982
1.342 0.0001 5.982
1.34 0.0001 5.982
1.338 0.0001 5.982
1.336 0.0001 5.982
1.334 0.0001 5.982
1.332 0.0001 5.982
1.33 0.0001 5.982
1.328 0.0001 5.982
1.326 0.0001 5.982
1.324 0.0001 5.982
1.322 0.0001 5.982
1.32 0.0001 5.982
1.318 0.0001 5.982
1.316 0.0001 5.982
1.314 0.0001 5.982
1.312 0.0001 5.982
1.31 0 5.982
1.308 0 5.983
1.306 0 5.983
1.304 0 5.983
1.302 0 5.983
1.3 0 5.983
1.298 0 5.983
1.296 0 5.983
1.294 0 5.983
1.292 0 5.983
1.29 0 5.983
1.288 0 5.983
1.286 0 5.983
1.284 0 5.983
1.282 0 5.983
1.28 0 5.983
1.278 0 5.983
1.276 0 5.983
1.274 0 5.983
1.272 0 5.983
1.27 0 5.983
1.268 0 5.983
1.266 0 5.983
1.264 0 5.983
1.262 0 5.983
1.26 0 5.983
1.258 0 5.983
1.256 0 5.983
1.254 0 5.983
1.252 0 5.983
1.25 0 5.983
1.248 0 5.983
1.246 0 5.983
1.244 0 5.983
1.242 0 5.983
1.24 0 5.984
1.238 0 5.984
1.236 0 5.984
1.234 0 5.984
1.232 0 5.984
1.23 0 5.984
1.228 0 5.984
1.226 0 5.984
1.224 0 5.984
1.222 0 5.984
1.22 0 5.984
1.218 0 5.984
1.216 0 5.984
1.214 0 5.984
1.212 0 5.984
1.21 0 5.984
1.208 0 5.984
1.206 0 5.984
1.204 0 5.984
1.202 0 5.984
1.2 0 5.984
1.198 0 5.984
1.196 0 5.984
1.194 0 5.984
1.192 0 5.984
1.19 0 5.984
1.188 0 5.984
1.186 0 5.984
1.184 0 5.984
1.182 0 5.984
1.18 0 5.984
1.178 0 5.984
1.176 0 5.984
1.174 0 5.984
1.172 0 5.984
1.17 0 5.984
1.168 0 5.984
1.166 0 5.984
1.164 0 5.984
1.162 0 5.984
1.16 0 5.985
1.158 0 5.985
1.156 0 5.985
1.154 0 5.985
1.152 0 5.985
1.15 0 5.985
1.148 0 5.985
1.146 0 5.985
1.144 0 5.985
1.142 0 5.985
1.14 0 5.985
1.138 0 5.985
1.136 0 5.985
1.134 0 5.985
1.132 0 5.985
1.13 0 5.985
1.128 0 5.985
1.126 0 5.985
1.124 0 5.985
1.122 0 5.985
1.12 0 5.985
1.118 0 5.985
1.116 0 5.985
1.114 0 5.985
1.112 0 5.985
1.11 0 5.985
1.108 0 5.985
1.106 0 5.985
1.104 0 5.985
1.102 0 5.985
1.1 0 5.985
1.098 0 5.985
1.096 0 5.985
1.094 0 5.985
1.092 0 5.985
1.09 0 5.985
1.088 0 5.985
1.086 0 5.985
1.084 0 5.985
1.082 0 5.985
1.08 0 5.985
1.078 0 5.985
1.076 0 5.985
1.074 0 5.985
1.072 0 5.985
1.07 0 5.985
1.068 0 5.985
1.066 0 5.985
1.064 0 5.986
1.062 0 5.986
1.06 0 5.986
1.058 0 5.986
1.056 0 5.986
1.054 0 5.986
1.052 0 5.986
1.05 0 5.986
1.048 0 5.986
1.046 0 5.986
1.044 0 5.986
1.042 0 5.986
1.04 0 5.986
1.038 0 5.986
1.036 0 5.986
1.034 0 5.986
1.032 0 5.986
1.03 0 5.986
1.028 0 5.986
1.026 0 5.986
1.024 0 5.986
1.022 0 5.986
1.02 0 5.986
1.018 0 5.986
1.016 0 5.986
1.014 0 5.986
1.012 0 5.986
1.01 0 5.986
1.008 0 5.986
1.006 0 5.986
1.004 0 5.986
1.002 0 5.986
1 0 5.986
0.998 0 5.986
0.996 0 5.986
0.994 0 5.986
0.992 0 5.986
0.99 0 5.986
0.988 0 5.986
0.986 0 5.986
0.984 0 5.986
0.982 0 5.986
0.98 0 5.986
0.978 0 5.986
0.976 0 5.986
0.974 0 5.986
0.972 0 5.986
0.97 0 5.986
0.968 0 5.986
0.966 0 5.986
0.964 0 5.986
0.962 0 5.986
0.96 0 5.986
0.958 0 5.986
0.956 0 5.986
0.954 0 5.986
0.952 0 5.986
0.95 0 5.986
0.948 0 5.987
0.946 0 5.987
0.944 0 5.987
0.942 0 5.987
0.94 0 5.987
0.938 0 5.987
0.936 0 5.987
0.934 0 5.987
0.932 0 5.987
0.93 0 5.987
0.928 0 5.987
0.926 0 5.987
0.924 0 5.987
0.922 0 5.987
0.92 0 5.987
0.918 0 5.987
0.916 0 5.987
0.914 0 5.987
0.912 0 5.987
0.91 0 5.987
0.908 0 5.987
0.906 0 5.987
0.904 0 5.987
0.902 0 5.987
0.9 0 5.987
0.898 0 5.987
0.896 0 5.987
0.894 0 5.987
0.892 0 5.987
0.89 0 5.987
0.888 0 5.987
0.886 0 5.987
0.884 0 5.987
0.882 0 5.987
0.88 0 5.987
0.878 0 5.987
0.876 0 5.987
0.874 0 5.987
0.872 0 5.987
0.87 0 5.987
0.868 0 5.987
0.866 0 5.987
0.864 0 5.987
0.862 0 5.987
0.86 0 5.987
0.858 0 5.987
0.856 0 5.987
0.854 0 5.987
0.852 0 5.987
0.85 0 5.987
0.848 0 5.987
0.846 0 5.987
0.844 0 5.987
0.842 0 5.987
0.84 0 5.987
0.838 0 5.987
0.836 0 5.987
0.834 0 5.987
0.832 0 5.987
0.83 0 5.987
0.828 0 5.987
0.826 0 5.987
0.824 0 5.987
0.822 0 5.987
0.82 0 5.987
0.818 0 5.987
0.816 0 5.987
0.814 0 5.987
0.812 0 5.987
0.81 0 5.987
0.808 0 5.987
0.806 0 5.988
0.804 0 5.988
0.802 0 5.988
0.8 0 5.988
0.798 0 5.988
0.796 0 5.988
0.794 0 5.988
0.792 0 5.988
0.79 0 5.988
0.788 0 5.988
0.786 0 5.988
0.784 0 5.988
0.782 0 5.988
0.78 0 5.988
0.778 0 5.988
0.776 0 5.988
0.774 0 5.988
0.772 0 5.988
0.77 0 5.988
0.768 0 5.988
0.766 0 5.988
0.764 0 5.988
0.762 0 5.988
0.76 0 5.988
0.758 0 5.988
0.756 0 5.988
0.754 0 5.988
0.752 0 5.988
0.75 0 5.988
0.748 0 5.988
0.746 0 5.988
0.744 0 5.988
0.742 0 5.988
0.74 0 5.988
0.738 0 5.988
0.736 0 5.988
0.734 0 5.988
0.732 0 5.988
0.73 0 5.988
0.728 0 5.988
0.726 0 5.988
0.724 0 5.988
0.722 0 5.988
0.72 0 5.988
0.718 0 5.988
0.716 0 5.988
0.714 0 5.988
0.712 0 5.988
0.71 0 5.988
0.708 0 5.988
0.706 0 5.988
0.704 0 5.988
0.702 0 5.988
0.7 0 5.988
0.698 0 5.988
0.696 0 5.988
0.694 0 5.988
0.692 0 5.988
0.69 0 5.988
0.688 0 5.988
0.686 0 5.988
0.684 0 5.988
0.682 0 5.988
0.68 0 5.988
0.678 0 5.988
0.676 0 5.988
0.674 0 5.988
0.672 0 5.988
0.67 0 5.988
0.668 0 5.988
0.666 0 5.988
0.664 0 5.988
0.662 0 5.988
0.66 0 5.988
0.658 0 5.988
0.656 0 5.988
0.654 0 5.988
0.652 0 5.988
0.65 0 5.988
0.648 0 5.988
0.646 0 5.988
0.644 0 5.988
0.642 0 5.988
0.64 0 5.988
0.638 0 5.988
0.636 0 5.988
0.634 0 5.988
0.632 0 5.988
0.63 0 5.988
0.628 0 5.988
0.626 0 5.988
0.624 0 5.989
0.622 0 5.989
0.62 0 5.989
0.618 0 5.989
0.616 0 5.989
0.614 0 5.989
0.612 0 5.989
0.61 0 5.989
0.608 0 5.989
0.606 0 5.989
0.604 0 5.989
0.602 0 5.989
0.6 0 5.989
0.598 0 5.989
0.596 0 5.989
0.594 0 5.989
0.592 0 5.989
0.59 0 5.989
0.588 0 5.989
0.586 0 5.989
0.584 0 5.989
0.582 0 5.989
0.58 0 5.989
0.578 0 5.989
0.576 0 5.989
0.574 0 5.989
0.572 0 5.989
0.57 0 5.989
0.568 0 5.989
0.566 0 5.989
0.564 0 5.989
0.562 0 5.989
0.56 0 5.989
0.558 0 5.989
0.556 0 5.989
0.554 0 5.989
0.552 0 5.989
0.55 0 5.989
0.548 0 5.989
0.546 0 5.989
0.544 0 5.989
0.542 0 5.989
0.54 0 5.989
0.538 0 5.989
0.536 0 5.989
0.534 0 5.989
0.532 0 5.989
0.53 0 5.989
0.528 0 5.989
0.526 0 5.989
0.524 0 5.989
0.522 0 5.989
0.52 0 5.989
0.518 0 5.989
0.516 0 5.989
0.514 0 5.989
0.512 0 5.989
0.51 0 5.989
0.508 0 5.989
0.506 0 5.989
0.504 0 5.989
0.502 0 5.989
0.5 0 5.989
0.498 0 5.989
0.496 0 5.989
0.494 0 5.989
0.492 0 5.989
0.49 0 5.989
0.488 0 5.989
0.486 0 5.989
0.484 0 5.989
0.482 0 5.989
0.48 0 5.989
0.478 0 5.989
0.476 0 5.989
0.474 0 5.989
0.472 0 5.989
0.47 0 5.989
0.468 0 5.989
0.466 0 5.989
0.464 0 5.989
0.462 0 5.989
0.46 0 5.989
0.458 0 5.989
0.456 0 5.989
0.454 0 5.989
0.452 0 5.989
0.45 0 5.989
0.448 0 5.989
0.446 0 5.989
0.444 0 5.989
0.442 0 5.989
0.44 0 5.989
0.438 0 5.989
0.436 0 5.989
0.434 0 5.989
0.432 0 5.989
0.43 0 5.989
0.428 0 5.989
0.426 0 5.989
0.424 0 5.989
0.422 0 5.989
0.42 0 5.989
0.418 0 5.989
0.416 0 5.989
0.414 0 5.989
0.412 0 5.989
0.41 0 5.989
0.408 0 5.989
0.406 0 5.989
0.404 0 5.989
0.402 0 5.989
0.4 0 5.989
0.398 0 5.989
0.396 0 5.989
0.394 0 5.989
0.392 0 5.989
0.39 0 5.989
0.388 0 5.989
0.386 0 5.99
0.384 0 5.99
0.382 0 5.99
0.38 0 5.99
0.378 0 5.99
0.376 0 5.99
0.374 0 5.99
0.372 0 5.99
0.37 0 5.99
0.368 0 5.99
0.366 0 5.99
0.364 0 5.99
0.362 0 5.99
0.36 0 5.99
0.358 0 5.99
0.356 0 5.99
0.354 0 5.99
0.352 0 5.99
0.35 0 5.99
0.348 0 5.99
0.346 0 5.99
0.344 0 5.99
0.342 0 5.99
0.34 0 5.99
0.338 0 5.99
0.336 0 5.99
0.334 0 5.99
0.332 0 5.99
0.33 0 5.99
0.328 0 5.99
0.326 0 5.99
0.324 0 5.99
0.322 0 5.99
0.32 0 5.99
0.318 0 5.99
0.316 0 5.99
0.314 0 5.99
0.312 0 5.99
0.31 0 5.99
0.308 0 5.99
0.306 0 5.99
0.304 0 5.99
0.302 0 5.99
0.3 0 5.99
0.298 0 5.99
0.296 0 5.99
0.294 0 5.99
0.292 0 5.99
0.29 0 5.99
0.288 0 5.99
0.286 0 5.99
0.284 0 5.99
0.282 0 5.99
0.28 0 5.99
0.278 0 5.99
0.276 0 5.99
0.274 0 5.99
0.272 0 5.99
0.27 0 5.99
0.268 0 5.99
0.266 0 5.99
0.264 0 5.99
0.262 0 5.99
0.26 0 5.99
0.258 0 5.99
0.256 0 5.99
0.254 0 5.99
0.252 0 5.99
0.25 0 5.99
0.248 0 5.99
0.246 0 5.99
0.244 0 5.99
0.242 0 5.99
0.24 0 5.99
0.238 0 5.99
0.236 0 5.99
0.234 0 5.99
0.232 0 5.99
0.23 0 5.99
0.228 0 5.99
0.226 0 5.99
0.224 0 5.99
0.222 0 5.99
0.22 0 5.99
0.218 0 5.99
0.216 0 5.99
0.214 0 5.99
0.212 0 5.99
0.21 0 5.99
0.208 0 5.99
0.206 0 5.99
0.204 0 5.99
0.202 0 5.99
0.2 0 5.99
0.198 0 5.99
0.196 0 5.99
0.194 0 5.99
0.192 0 5.99
0.19 0 5.99
0.188 0 5.99
0.186 0 5.99
0.184 0 5.99
0.182 0 5.99
0.18 0 5.99
0.178 0 5.99
0.176 0 5.99
0.174 0 5.99
0.172 0 5.99
0.17 0 5.99
0.168 0 5.99
0.166 0 5.99
0.164 0 5.99
0.162 0 5.99
0.16 0 5.99
0.158 0 5.99
0.156 0 5.99
0.154 0 5.99
0.152 0 5.99
0.15 0 5.99
0.148 0 5.99
0.146 0 5.99
0.144 0 5.99
0.142 0 5.99
0.14 0 5.99
0.138 0 5.99
0.136 0 5.99
0.134 0 5.99
0.132 0 5.99
0.13 0 5.99
0.128 0 5.99
0.126 0 5.99
0.124 0 5.99
0.122 0 5.99
0.12 0 5.99
0.118 0 5.99
0.116 0 5.99
0.114 0 5.99
0.112 0 5.99
0.11 0 5.99
0.108 0 5.99
0.106 0 5.99
0.104 0 5.99
0.102 0 5.99
0.1 0 5.99
0.098 0 5.99
0.096 0 5.99
0.094 0 5.99
0.092 0 5.99
0.09 0 5.99
0.088 0 5.99
0.086 0 5.99
0.084 0 5.99
0.082 0 5.99
0.08 0 5.99
0.078 0 5.99
0.076 0 5.99
0.074 0 5.99
0.072 0 5.99
0.07 0 5.99
0.068 0 5.99
0.066 0 5.99
0.064 0 5.99
0.062 0 5.991
0.06 0 5.991
0.058 0 5.991
0.056 0 5.991
0.054 0 5.991
0.052 0 5.991
0.05 0 5.991
0.048 0 5.991
0.046 0 5.991
0.044 0 5.991
0.042 0 5.991
0.04 0 5.991
0.038 0 5.991
0.036 0 5.991
0.034 0 5.991
0.032 0 5.991
0.03 0 5.991
0.028 0 5.991
0.026 0 5.991
0.024 0 5.991
0.022 0 5.991
0.02 0 5.991
0.018 0 5.991
0.016 0 5.991
0.014 0 5.991
0.012 0 5.991
0.01 0 5.991
0.008 0 5.991
0.006 0 5.991
0.004 0 5.991
0.002 0 5.991
0 0 5.991
