delta I integral
5 0 0
4.998 0 0
4.996 0 0
4.994 0 0
4.992 0 0
4.99 0 0
4.988 0 0
4.986 0 0
4.984 0 0
4.982 0 0
4.98 0 0
4.978 0 0
4.976 0 0
4.974 0 0
4.972 0 0
4.97 0 0
4.968 0 0
4.966 0 0
4.964 0 0
4.962 0 0
4.96 0 0
4.958 0 0
4.956 0 0
4.954 0 0
4.952 0 0
4.95 0 0
4.948 0 0
4.946 0 0
4.944 0 0
4.942 0 0
4.94 0 0
4.938 0 0
4.936 0 0
4.934 0 0
4.932 0 0
4.93 0 0
4.928 0 0
4.926 0 0
4.924 0 0.001
4.922 0 0.001
4.92 0 0.001
4.918 0 0.001
4.916 0 0.001
4.914 0 0.001
4.912 0 0.001
4.91 0 0.001
4.908 0 0.001
4.906 0 0.001
4.904 0 0.001
4.902 0 0.001
4.9 0 0.001
4.898 0 0.001
4.896 0 0.001
4.894 0 0.001
4.892 0 0.001
4.89 0 0.001
4.888 0 0.001
4.886 0 0.001
4.884 0 0.001
4.882 0 0.001
4.88 0 0.001
4.878 0.0001 0.001
4.876 0.0001 0.001
4.874 0.0001 0.001
4.872 0.0001 0.001
4.87 0.0001 0.001
4.868 0.0001 0.001
4.866 0.0001 0.001
4.864 0.0001 0.001
4.862 0.0001 0.001
4.86 0.0001 0.001
4.858 0.0001 0.001
4.856 0.0001 0.001
4.854 0.0001 0.001
4.852 0.0001 0.001
4.85 0.0001 0.001
4.848 0.0001 0.001
4.846 0.0001 0.001
4.844 0.0001 0.001
4.842 0.0001 0.001
4.84 0.0001 0.001
4.838 0.0001 0.001
4.836 0.0001 0.001
4.834 0.0001 0.001
4.832 0.0001 0.001
4.83 0.0001 0.001
4.828 0.0001 0.001
4.826 0.0001 0.001
4.824 0.0001 0.001
4.822 0.0001 0.001
4.82 0.0001 0.001
4.818 0.0001 0.001
4.816 0.0001 0.001
4.814 0.0001 0.001
4.812 0.0001 0.001
4.81 0.0001 0.001
4.808 0.0001 0.001
4.806 0.0001 0.001
4.804 0.0001 0.001
4.802 0.0001 0.002
4.8 0.0001 0.002
4.798 0.0001 0.002
4.796 0.0001 0.002
4.794 0.0001 0.002
4.792 0.0001 0.002
4.79 0.0001 0.002
4.788 0.0001 0.002
4.786 0.0001 0.002
4.784 0.0001 0.002
4.782 0.0001 0.002
4.78 0.0001 0.002
4.778 0.0001 0.002
4.776 0.0001 0.002
4.774 0.0001 0.002
4.772 0.0001 0.002
4.77 0.0001 0.002
4.768 0.0001 0.002
4.766 0.0001 0.002
4.764 0.0001 0.002
4.762 0.0001 0.002
4.76 0.0001 0.002
4.758 0.0001 0.002
4.756 0.0001 0.002
4.754 0.0001 0.002
4.752 0.0001 0.002
4.75 0.0001 0.002
4.748 0.0001 0.002
4.746 0.0001 0.002
4.744 0.0001 0.002
4.742 0.0001 0.002
4.74 0.0001 0.002
4.738 0.0001 0.002
4.736 0.0001 0.002
4.734 0.0001 0.002
4.732 0.0001 0.002
4.73 0.0001 0.002
4.728 0.0001 0.002
4.726 0.0001 0.002
4.724 0.0001 0.002
4.722 0.0001 0.002
4.72 0.0001 0.002
4.718 0.0001 0.002
4.716 0.0001 0.002
4.714 0.0001 0.002
4.712 0.0001 0.003
4.71 0.0001 0.003
4.708 0.0001 0.003
4.706 0.0001 0.003
4.704 0.0001 0.003
4.702 0.0001 0.003
4.7 0.0001 0.003
4.698 0.0001 0.003
4.696 0.0001 0.003
4.694 0.0001 0.003
4.692 0.0001 0.003
4.69 0.0001 0.003
4.688 0.0001 0.003
4.686 0.0001 0.003
4.684 0.0001 0.003
4.682 0.0001 0.003
4.68 0.0001 0.003
4.678 0.0001 0.003
4.676 0.0001 0.003
4.674 0.0001 0.003
4.672 0.0001 0.003
4.67 0.0001 0.003
4.668 0.0001 0.003
4.666 0.0001 0.003
4.664 0.0001 0.003
4.662 0.0001 0.003
4.66 0.0001 0.003
4.658 0.0001 0.003
4.656 0.0001 0.003
4.654 0.0001 0.003
4.652 0.0001 0.003
4.65 0.0001 0.003
4.648 0.0001 0.003
4.646 0.0001 0.003
4.644 0.0001 0.003
4.642 0.0001 0.004
4.64 0.0001 0.004
4.638 0.0001 0.004
4.636 0.0001 0.004
4.634 0.0001 0.004
4.632 0.0001 0.004
4.63 0.0001 0.004
4.628 0.0001 0.004
4.626 0.0001 0.004
4.624 0.0001 0.004
4.622 0.0001 0.004
4.62 0.0001 0.004
4.618 0.0001 0.004
4.616 0.0001 0.004
4.614 0.0001 0.004
4.612 0.0001 0.004
4.61 0.0001 0.004
4.608 0.0001 0.004
4.606 0.0001 0.004
4.604 0.0001 0.004
4.602 0.0001 0.004
4.6 0.0001 0.004
4.598 0.0001 0.004
4.596 0.0001 0.004
4.594 0.0001 0.004
4.592 0.0001 0.004
4.59 0.0001 0.004
4.588 0.0001 0.004
4.586 0.0001 0.005
4.584 0.0001 0.005
4.582 0.0001 0.005
4.58 0.0001 0.005
4.578 0.0001 0.005
4.576 0.0001 0.005
4.574 0.0001 0.005
4.572 0.0001 0.005
4.57 0.0001 0.005
4.568 0.0001 0.005
4.566 0.0001 0.005
4.564 0.0001 0.005
4.562 0.0001 0.005
4.56 0.0001 0.005
4.558 0.0001 0.005
4.556 0.0001 0.005
4.554 0.0001 0.005
4.552 0.0001 0.005
4.55 0.0001 0.005
4.548 0.0002 0.005
4.546 0.0002 0.005
4.544 0.0002 0.005
4.542 0.0002 0.005
4.54 0.0002 0.006
4.538 0.0002 0.006
4.536 0.0002 0.006
4.534 0.0002 0.006
4.532 0.0002 0.006
4.53 0.0002 0.006
4.528 0.0002 0.006
4.526 0.0002 0.006
4.524 0.0002 0.006
4.522 0.0002 0.006
4.52 0.0002 0.006
4.518 0.0002 0.006
4.516 0.0002 0.006
4.514 0.0002 0.006
4.512 0.0002 0.006
4.51 0.0002 0.006
4.508 0.0002 0.006
4.506 0.0002 0.006
4.504 0.0002 0.007
4.502 0.0002 0.007
4.5 0.0002 0.007
4.498 0.0002 0.007
4.496 0.0002 0.007
4.494 0.0002 0.007
4.492 0.0002 0.007
4.49 0.0002 0.007
4.488 0.0002 0.007
4.486 0.0002 0.007
4.484 0.0002 0.007
4.482 0.0002 0.007
4.48 0.0002 0.007
4.478 0.0002 0.007
4.476 0.0002 0.007
4.474 0.0002 0.008
4.472 0.0002 0.008
4.47 0.0002 0.008
4.468 0.0002 0.008
4.466 0.0002 0.008
4.464 0.0002 0.008
4.462 0.0002 0.008
4.46 0.0002 0.008
4.458 0.0002 0.008
4.456 0.0003 0.008
4.454 0.0003 0.008
4.452 0.0003 0.008
4.45 0.0003 0.008
4.448 0.0003 0.009
4.446 0.0003 0.009
4.444 0.0003 0.009
4.442 0.0003 0.009
4.44 0.0003 0.009
4.438 0.0003 0.009
4.436 0.0003 0.009
4.434 0.0003 0.009
4.432 0.0003 0.009
4.43 0.0003 0.009
4.428 0.0003 0.009
4.426 0.0003 0.01
4.424 0.0003 0.01
4.422 0.0003 0.01
4.42 0.0003 0.01
4.418 0.0003 0.01
4.416 0.0003 0.01
4.414 0.0003 0.01
4.412 0.0003 0.01
4.41 0.0004 0.01
4.408 0.0004 0.011
4.406 0.0004 0.011
4.404 0.0004 0.011
4.402 0.0004 0.011
4.4 0.0004 0.011
4.398 0.0004 0.011
4.396 0.0004 0.011
4.394 0.0004 0.011
4.392 0.0004 0.011
4.39 0.0004 0.012
4.388 0.0004 0.012
4.386 0.0004 0.012
4.384 0.0004 0.012
4.382 0.0005 0.012
4.38 0.0005 0.012
4.378 0.0005 0.012
4.376 0.0005 0.013
4.374 0.0005 0.013
4.372 0.0005 0.013
4.37 0.0005 0.013
4.368 0.0005 0.013
4.366 0.0005 0.013
4.364 0.0005 0.014
4.362 0.0006 0.014
4.36 0.0006 0.014
4.358 0.0006 0.014
4.356 0.0006 0.014
4.354 0.0006 0.015
4.352 0.0006 0.015
4.35 0.0006 0.015
4.348 0.0007 0.015
4.346 0.0007 0.015
4.344 0.0007 0.016
4.342 0.0007 0.016
4.34 0.0007 0.016
4.338 0.0007 0.016
4.336 0.0008 0.016
4.334 0.0008 0.017
4.332 0.0008 0.017
4.33 0.0008 0.017
4.328 0.0009 0.017
4.326 0.0009 0.018
4.324 0.0009 0.018
4.322 0.0009 0.018
4.32 0.001 0.019
4.318 0.001 0.019
4.316 0.001 0.019
4.314 0.0011 0.02
4.312 0.0011 0.02
4.31 0.0012 0.02
4.308 0.0012 0.021
4.306 0.0013 0.021
4.304 0.0013 0.022
4.302 0.0014 0.022
4.3 0.0014 0.022
4.298 0.0015 0.023
4.296 0.0016 0.023
4.294 0.0016 0.024
4.292 0.0017 0.024
4.29 0.0018 0.025
4.288 0.0019 0.026
4.286 0.002 0.026
4.284 0.0022 0.027
4.282 0.0023 0.028
4.28 0.0025 0.028
4.278 0.0026 0.029
4.276 0.0028 0.03
4.274 0.0031 0.031
4.272 0.0033 0.032
4.27 0.0036 0.033
4.268 0.004 0.034
4.266 0.0044 0.036
4.264 0.005 0.037
4.262 0.0056 0.039
4.26 0.0064 0.041
4.258 0.0074 0.043
4.256 0.0086 0.045
4.254 0.0103 0.048
4.252 0.0125 0.052
4.25 0.0155 0.057
4.248 0.0198 0.062
4.246 0.0259 0.069
4.244 0.0351 0.079
4.242 0.0483 0.092
4.24 0.0655 0.11
4.238 0.0813 0.134
4.236 0.0843 0.16
4.234 0.0716 0.185
4.232 0.0541 0.205
4.23 0.0395 0.22
4.228 0.0294 0.231
4.226 0.0225 0.239
4.224 0.0179 0.246
4.222 0.0147 0.251
4.22 0.0125 0.255
4.218 0.0109 0.259
4.216 0.0098 0.262
4.214 0.009 0.265
4.212 0.0084 0.268
4.21 0.008 0.27
4.208 0.0078 0.273
4.206 0.0077 0.275
4.204 0.0077 0.278
4.202 0.0079 0.28
4.2 0.0081 0.283
4.198 0.0085 0.286
4.196 0.0089 0.288
4.194 0.0095 0.291
4.192 0.0103 0.294
4.19 0.0112 0.298
4.188 0.0123 0.302
4.186 0.0137 0.306
4.184 0.0155 0.31
4.182 0.0178 0.316
4.18 0.0206 0.322
4.178 0.0244 0.329
4.176 0.0293 0.337
4.174 0.036 0.348
4.172 0.0452 0.361
4.17 0.0584 0.377
4.168 0.0776 0.399
4.166 0.1059 0.428
4.164 0.1469 0.468
4.162 0.199 0.523
4.16 0.2438 0.594
4.158 0.2467 0.672
4.156 0.2051 0.744
4.154 0.1525 0.801
4.152 0.1102 0.843
4.15 0.0807 0.873
4.148 0.0608 0.895
4.146 0.0472 0.913
4.144 0.0377 0.926
4.142 0.0309 0.937
4.14 0.026 0.946
4.138 0.0223 0.954
4.136 0.0195 0.96
4.134 0.0174 0.966
4.132 0.0158 0.972
4.13 0.0145 0.976
4.128 0.0136 0.981
4.126 0.0129 0.985
4.124 0.0124 0.989
4.122 0.0122 0.993
4.12 0.0121 0.997
4.118 0.0122 1.001
4.116 0.0124 1.005
4.114 0.0129 1.009
4.112 0.0136 1.013
4.11 0.0145 1.017
4.108 0.0158 1.022
4.106 0.0174 1.028
4.104 0.0195 1.033
4.102 0.0223 1.04
4.1 0.026 1.048
4.098 0.0309 1.057
4.096 0.0377 1.068
4.094 0.0472 1.081
4.092 0.0608 1.098
4.09 0.0807 1.121
4.088 0.1102 1.151
4.086 0.1525 1.193
4.084 0.2051 1.25
4.082 0.2467 1.322
4.08 0.2438 1.4
4.078 0.199 1.47
4.076 0.1469 1.526
4.074 0.1059 1.566
4.072 0.0776 1.595
4.07 0.0584 1.617
4.068 0.0452 1.633
4.066 0.036 1.646
4.064 0.0293 1.656
4.062 0.0244 1.665
4.06 0.0206 1.672
4.058 0.0178 1.678
4.056 0.0155 1.683
4.054 0.0137 1.688
4.052 0.0123 1.692
4.05 0.0112 1.696
4.048 0.0103 1.699
4.046 0.0095 1.703
4.044 0.0089 1.706
4.042 0.0085 1.708
4.04 0.0081 1.711
4.038 0.0079 1.713
4.036 0.0077 1.716
4.034 0.0077 1.718
4.032 0.0078 1.721
4.03 0.008 1.723
4.028 0.0084 1.726
4.026 0.009 1.729
4.024 0.0098 1.732
4.022 0.0109 1.735
4.02 0.0125 1.739
4.018 0.0147 1.743
4.016 0.0179 1.748
4.014 0.0225 1.755
4.012 0.0294 1.763
4.01 0.0395 1.774
4.008 0.0541 1.789
4.006 0.0716 1.809
4.004 0.0843 1.834
4.002 0.0813 1.86
4 0.0655 1.883
3.998 0.0483 1.901
3.996 0.0351 1.915
3.994 0.0259 1.924
3.992 0.0198 1.932
3.99 0.0155 1.937
3.988 0.0125 1.942
3.986 0.0103 1.945
3.984 0.0086 1.948
3.982 0.0074 1.951
3.98 0.0064 1.953
3.978 0.0056 1.955
3.976 0.005 1.957
3.974 0.0044 1.958
3.972 0.004 1.96
3.97 0.0037 1.961
3.968 0.0033 1.962
3.966 0.0031 1.963
3.964 0.0028 1.964
3.962 0.0026 1.965
3.96 0.0025 1.966
3.958 0.0023 1.966
3.956 0.0022 1.967
3.954 0.002 1.968
3.952 0.0019 1.968
3.95 0.0018 1.969
3.948 0.0017 1.97
3.946 0.0016 1.97
3.944 0.0016 1.971
3.942 0.0015 1.971
3.94 0.0014 1.972
3.938 0.0014 1.972
3.936 0.0013 1.972
3.934 0.0013 1.973
3.932 0.0012 1.973
3.93 0.0012 1.974
3.928 0.0011 1.974
3.926 0.0011 1.974
3.924 0.001 1.975
3.922 0.001 1.975
3.92 0.001 1.975
3.918 0.0009 1.976
3.916 0.0009 1.976
3.914 0.0009 1.976
3.912 0.0009 1.976
3.91 0.0008 1.977
3.908 0.0008 1.977
3.906 0.0008 1.977
3.904 0.0008 1.977
3.902 0.0007 1.978
3.9 0.0007 1.978
3.898 0.0007 1.978
3.896 0.0007 1.978
3.894 0.0007 1.979
3.892 0.0007 1.979
3.89 0.0006 1.979
3.888 0.0006 1.979
3.886 0.0006 1.979
3.884 0.0006 1.98
3.882 0.0006 1.98
3.88 0.0006 1.98
3.878 0.0006 1.98
3.876 0.0005 1.98
3.874 0.0005 1.981
3.872 0.0005 1.981
3.87 0.0005 1.981
3.868 0.0005 1.981
3.866 0.0005 1.981
3.864 0.0005 1.981
3.862 0.0005 1.982
3.86 0.0005 1.982
3.858 0.0005 1.982
3.856 0.0005 1.982
3.854 0.0004 1.982
3.852 0.0004 1.982
3.85 0.0004 1.982
3.848 0.0004 1.982
3.846 0.0004 1.983
3.844 0.0004 1.983
3.842 0.0004 1.983
3.84 0.0004 1.983
3.838 0.0004 1.983
3.836 0.0004 1.983
3.834 0.0004 1.983
3.832 0.0004 1.983
3.83 0.0004 1.984
3.828 0.0004 1.984
3.826 0.0003 1.984
3.824 0.0003 1.984
3.822 0.0003 1.984
3.82 0.0003 1.984
3.818 0.0003 1.984
3.816 0.0003 1.984
3.814 0.0003 1.984
3.812 0.0003 1.985
3.81 0.0003 1.985
3.808 0.0003 1.985
3.806 0.0003 1.985
3.804 0.0003 1.985
3.802 0.0003 1.985
3.8 0.0003 1.985
3.798 0.0003 1.985
3.796 0.0003 1.985
3.794 0.0003 1.985
3.792 0.0003 1.986
3.79 0.0003 1.986
3.788 0.0003 1.986
3.786 0.0003 1.986
3.784 0.0003 1.986
3.782 0.0003 1.986
3.78 0.0003 1.986
3.778 0.0003 1.986
3.776 0.0002 1.986
3.774 0.0002 1.986
3.772 0.0002 1.986
3.77 0.0002 1.986
3.768 0.0002 1.986
3.766 0.0002 1.987
3.764 0.0002 1.987
3.762 0.0002 1.987
3.76 0.0002 1.987
3.758 0.0002 1.987
3.756 0.0002 1.987
3.754 0.0002 1.987
3.752 0.0002 1.987
3.75 0.0002 1.987
3.748 0.0002 1.987
3.746 0.0002 1.987
3.744 0.0002 1.987
3.742 0.0002 1.987
3.74 0.0002 1.987
3.738 0.0002 1.988
3.736 0.0002 1.988
3.734 0.0002 1.988
3.732 0.0002 1.988
3.73 0.0002 1.988
3.728 0.0002 1.988
3.726 0.0002 1.988
3.724 0.0002 1.988
3.722 0.0002 1.988
3.72 0.0002 1.988
3.718 0.0002 1.988
3.716 0.0002 1.988
3.714 0.0002 1.988
3.712 0.0002 1.988
3.71 0.0002 1.988
3.708 0.0002 1.988
3.706 0.0002 1.988
3.704 0.0002 1.989
3.702 0.0002 1.989
3.7 0.0002 1.989
3.698 0.0002 1.989
3.696 0.0002 1.989
3.694 0.0002 1.989
3.692 0.0002 1.989
3.69 0.0002 1.989
3.688 0.0002 1.989
3.686 0.0002 1.989
3.684 0.0002 1.989
3.682 0.0002 1.989
3.68 0.0002 1.989
3.678 0.0002 1.989
3.676 0.0002 1.989
3.674 0.0001 1.989
3.672 0.0001 1.989
3.67 0.0001 1.989
3.668 0.0001 1.989
3.666 0.0001 1.989
3.664 0.0001 1.99
3.662 0.0001 1.99
3.66 0.0001 1.99
3.658 0.0001 1.99
3.656 0.0001 1.99
3.654 0.0001 1.99
3.652 0.0001 1.99
3.65 0.0001 1.99
3.648 0.0001 1.99
3.646 0.0001 1.99
3.644 0.0001 1.99
3.642 0.0001 1.99
3.64 0.0001 1.99
3.638 0.0001 1.99
3.636 0.0001 1.99
3.634 0.0001 1.99
3.632 0.0001 1.99
3.63 0.0001 1.99
3.628 0.0001 1.99
3.626 0.0001 1.99
3.624 0.0001 1.99
3.622 0.0001 1.99
3.62 0.0001 1.99
3.618 0.0001 1.99
3.616 0.0001 1.991
3.614 0.0001 1.991
3.612 0.0001 1.991
3.61 0.0001 1.991
3.608 0.0001 1.991
3.606 0.0001 1.991
3.604 0.0001 1.991
3.602 0.0001 1.991
3.6 0.0001 1.991
3.598 0.0001 1.991
3.596 0.0001 1.991
3.594 0.0001 1.991
3.592 0.0001 1.991
3.59 0.0001 1.991
3.588 0.0001 1.991
3.586 0.0001 1.991
3.584 0.0001 1.991
3.582 0.0001 1.991
3.58 0.0001 1.991
3.578 0.0001 1.991
3.576 0.0001 1.991
3.574 0.0001 1.991
3.572 0.0001 1.991
3.57 0.0001 1.991
3.568 0.0001 1.991
3.566 0.0001 1.991
3.564 0.0001 1.991
3.562 0.0001 1.991
3.56 0.0001 1.992
3.558 0.0001 1.992
3.556 0.0001 1.992
3.554 0.0001 1.992
3.552 0.0001 1.992
3.55 0.0001 1.992
3.548 0.0001 1.992
3.546 0.0001 1.992
3.544 0.0001 1.992
3.542 0.0001 1.992
3.54 0.0001 1.992
3.538 0.0001 1.992
3.536 0.0001 1.992
3.534 0.0001 1.992
3.532 0.0001 1.992
3.53 0.0001 1.992
3.528 0.0001 1.992
3.526 0.0001 1.992
3.524 0.0001 1.992
3.522 0.0001 1.992
3.52 0.0001 1.992
3.518 0.0001 1.992
3.516 0.0001 1.992
3.514 0.0001 1.992
3.512 0.0001 1.992
3.51 0.0001 1.992
3.508 0.0001 1.992
3.506 0.0001 1.992
3.504 0.0001 1.992
3.502 0.0001 1.992
3.5 0.0001 1.992
3.498 0.0001 1.992
3.496 0.0001 1.992
3.494 0.0001 1.992
3.492 0.0001 1.993
3.49 0.0001 1.993
3.488 0.0001 1.993
3.486 0.0001 1.993
3.484 0.0001 1.993
3.482 0.0001 1.993
3.48 0.0001 1.993
3.478 0.0001 1.993
3.476 0.0001 1.993
3.474 0.0001 1.993
3.472 0.0001 1.993
3.47 0.0001 1.993
3.468 0.0001 1.993
3.466 0.0001 1.993
3.464 0.0001 1.993
3.462 0.0001 1.993
3.46 0.0001 1.993
3.458 0.0001 1.993
3.456 0.0001 1.993
3.454 0.0001 1.993
3.452 0.0001 1.993
3.45 0.0001 1.993
3.448 0.0001 1.993
3.446 0.0001 1.993
3.444 0.0001 1.993
3.442 0.0001 1.993
3.44 0.0001 1.993
3.438 0.0001 1.993
3.436 0.0001 1.993
3.434 0.0001 1.993
3.432 0.0001 1.993
3.43 0.0001 1.993
3.428 0.0001 1.993
3.426 0.0001 1.993
3.424 0.0001 1.993
3.422 0.0001 1.993
3.42 0.0001 1.993
3.418 0.0001 1.993
3.416 0.0001 1.994
3.414 0.0001 1.994
3.412 0.0001 1.994
3.41 0.0001 1.994
3.408 0.0001 1.994
3.406 0.0001 1.994
3.404 0.0001 1.994
3.402 0.0001 1.994
3.4 0.0001 1.994
3.398 0.0001 1.994
3.396 0.0001 1.994
3.394 0.0001 1.994
3.392 0.0001 1.994
3.39 0.0001 1.994
3.388 0.0001 1.994
3.386 0.0001 1.994
3.384 0.0001 1.994
3.382 0.0001 1.994
3.38 0.0001 1.994
3.378 0.0001 1.994
3.376 0.0001 1.994
3.374 0.0001 1.994
3.372 0.0001 1.994
3.37 0.0001 1.994
3.368 0.0001 1.994
3.366 0.0001 1.994
3.364 0.0001 1.994
3.362 0.0001 1.994
3.36 0.0001 1.994
3.358 0.0001 1.994
3.356 0.0001 1.994
3.354 0.0001 1.994
3.352 0.0001 1.994
3.35 0.0001 1.994
3.348 0.0001 1.994
3.346 0.0001 1.994
3.344 0.0001 1.994
3.342 0.0001 1.994
3.34 0.0001 1.994
3.338 0.0001 1.994
3.336 0.0001 1.994
3.334 0.0001 1.994
3.332 0.0001 1.994
3.33 0.0001 1.995
3.328 0.0001 1.995
3.326 0.0001 1.995
3.324 0.0001 1.995
3.322 0.0001 1.995
3.32 0.0001 1.995
3.318 0.0001 1.995
3.316 0.0001 1.995
3.314 0.0001 1.995
3.312 0.0001 1.995
3.31 0.0001 1.995
3.308 0.0001 1.995
3.306 0.0001 1.995
3.304 0.0001 1.995
3.302 0.0001 1.995
3.3 0.0001 1.995
3.298 0.0001 1.995
3.296 0.0001 1.995
3.294 0.0001 1.995
3.292 0.0001 1.995
3.29 0.0001 1.995
3.288 0.0001 1.995
3.286 0.0001 1.995
3.284 0.0001 1.995
3.282 0.0001 1.995
3.28 0.0001 1.995
3.278 0.0001 1.995
3.276 0.0001 1.995
3.274 0.0001 1.995
3.272 0.0001 1.995
3.27 0.0001 1.995
3.268 0.0001 1.995
3.266 0.0001 1.995
3.264 0.0001 1.995
3.262 0.0001 1.995
3.26 0.0001 1.995
3.258 0.0001 1.995
3.256 0.0001 1.995
3.254 0.0001 1.995
3.252 0.0001 1.995
3.25 0.0001 1.995
3.248 0.0001 1.995
3.246 0.0001 1.995
3.244 0.0001 1.995
3.242 0.0001 1.995
3.24 0.0001 1.995
3.238 0.0001 1.995
3.236 0.0001 1.996
3.234 0.0001 1.996
3.232 0.0001 1.996
3.23 0.0001 1.996
3.228 0.0001 1.996
3.226 0.0001 1.996
3.224 0.0001 1.996
3.222 0.0001 1.996
3.22 0.0001 1.996
3.218 0.0001 1.996
3.216 0.0001 1.996
3.214 0.0001 1.996
3.212 0.0001 1.996
3.21 0.0001 1.996
3.208 0.0001 1.996
3.206 0.0001 1.996
3.204 0.0001 1.996
3.202 0.0001 1.996
3.2 0.0001 1.996
3.198 0.0001 1.996
3.196 0.0001 1.996
3.194 0.0001 1.996
3.192 0.0001 1.996
3.19 0.0001 1.996
3.188 0.0001 1.996
3.186 0.0001 1.996
3.184 0.0001 1.996
3.182 0.0001 1.996
3.18 0.0001 1.996
3.178 0.0001 1.996
3.176 0.0001 1.996
3.174 0.0001 1.996
3.172 0.0001 1.996
3.17 0.0001 1.996
3.168 0.0001 1.996
3.166 0.0001 1.996
3.164 0.0001 1.996
3.162 0.0001 1.996
3.16 0.0001 1.996
3.158 0.0001 1.996
3.156 0.0001 1.996
3.154 0.0001 1.996
3.152 0.0001 1.996
3.15 0.0001 1.996
3.148 0.0001 1.996
3.146 0.0001 1.996
3.144 0.0001 1.996
3.142 0.0001 1.996
3.14 0.0001 1.997
3.138 0.0001 1.997
3.136 0.0001 1.997
3.134 0.0001 1.997
3.132 0.0001 1.997
3.13 0.0001 1.997
3.128 0.0001 1.997
3.126 0.0001 1.997
3.124 0.0001 1.997
3.122 0.0001 1.997
3.12 0.0001 1.997
3.118 0.0001 1.997
3.116 0.0001 1.997
3.114 0.0001 1.997
3.112 0.0001 1.997
3.11 0.0001 1.997
3.108 0.0001 1.997
3.106 0.0001 1.997
3.104 0.0001 1.997
3.102 0.0001 1.997
3.1 0.0001 1.997
3.098 0.0001 1.997
3.096 0.0001 1.997
3.094 0.0001 1.997
3.092 0.0001 1.997
3.09 0.0001 1.997
3.088 0.0001 1.997
3.086 0.0001 1.997
3.084 0.0001 1.997
3.082 0.0001 1.997
3.08 0.0001 1.997
3.078 0.0001 1.997
3.076 0.0001 1.997
3.074 0.0001 1.997
3.072 0.0001 1.997
3.07 0.0001 1.997
3.068 0.0001 1.997
3.066 0.0001 1.997
3.064 0.0001 1.997
3.062 0.0001 1.997
3.06 0.0001 1.997
3.058 0.0001 1.997
3.056 0.0001 1.997
3.054 0.0001 1.997
3.052 0.0001 1.997
3.05 0.0001 1.997
3.048 0.0001 1.997
3.046 0.0001 1.998
3.044 0.0001 1.998
3.042 0.0001 1.998
3.04 0.0001 1.998
3.038 0.0001 1.998
3.036 0.0001 1.998
3.034 0.0001 1.998
3.032 0.0001 1.998
3.03 0.0001 1.998
3.028 0.0001 1.998
3.026 0.0001 1.998
3.024 0.0001 1.998
3.022 0.0001 1.998
3.02 0.0001 1.998
3.018 0.0001 1.998
3.016 0.0001 1.998
3.014 0.0001 1.998
3.012 0.0001 1.998
3.01 0.0001 1.998
3.008 0.0001 1.998
3.006 0.0001 1.998
3.004 0.0001 1.998
3.002 0.0001 1.998
3 0.0001 1.998
2.998 0.0001 1.998
2.996 0.0001 1.998
2.994 0.0001 1.998
2.992 0.0001 1.998
2.99 0.0001 1.998
2.988 0.0001 1.998
2.986 0.0001 1.998
2.984 0.0001 1.998
2.982 0.0001 1.998
2.98 0.0001 1.998
2.978 0.0001 1.998
2.976 0.0001 1.998
2.974 0.0001 1.998
2.972 0.0001 1.998
2.97 0.0001 1.998
2.968 0.0001 1.998
2.966 0.0001 1.998
2.964 0.0001 1.998
2.962 0.0001 1.998
2.96 0.0001 1.998
2.958 0.0001 1.998
2.956 0.0001 1.999
2.954 0.0001 1.999
2.952 0.0001 1.999
2.95 0.0001 1.999
2.948 0.0001 1.999
2.946 0.0001 1.999
2.944 0.0001 1.999
2.942 0.0001 1.999
2.94 0.0001 1.999
2.938 0.0001 1.999
2.936 0.0001 1.999
2.934 0.0001 1.999
2.932 0.0001 1.999
2.93 0.0001 1.999
2.928 0.0001 1.999
2.926 0.0001 1.999
2.924 0.0001 1.999
2.922 0.0001 1.999
2.92 0.0001 1.999
2.918 0.0001 1.999
2.916 0.0001 1.999
2.914 0.0001 1.999
2.912 0.0001 1.999
2.91 0.0001 1.999
2.908 0.0001 1.999
2.906 0.0001 1.999
2.904 0.0001 1.999
2.902 0.0001 1.999
2.9 0.0001 1.999
2.898 0.0001 1.999
2.896 0.0001 1.999
2.894 0.0001 1.999
2.892 0.0001 1.999
2.89 0.0001 1.999
2.888 0.0001 1.999
2.886 0.0001 1.999
2.884 0.0001 1.999
2.882 0.0001 1.999
2.88 0.0001 1.999
2.878 0.0001 1.999
2.876 0.0001 1.999
2.874 0.0001 2
2.872 0.0001 2
2.87 0.0001 2
2.868 0.0001 2
2.866 0.0001 2
2.864 0.0001 2
2.862 0.0001 2
2.86 0.0001 2
2.858 0.0001 2
2.856 0.0001 2
2.854 0.0001 2
2.852 0.0001 2
2.85 0.0001 2
2.848 0.0001 2
2.846 0.0001 2
2.844 0.0001 2
2.842 0.0001 2
2.84 0.0001 2
2.838 0.0001 2
2.836 0.0001 2
2.834 0.0001 2
2.832 0.0001 2
2.83 0.0001 2
2.828 0.0001 2
2.826 0.0001 2
2.824 0.0001 2
2.822 0.0001 2
2.82 0.0001 2
2.818 0.0001 2
2.816 0.0001 2
2.814 0.0001 2
2.812 0.0001 2
2.81 0.0001 2
2.808 0.0001 2
2.806 0.0001 2
2.804 0.0001 2
2.802 0.0001 2
2.8 0.0001 2.001
2.798 0.0001 2.001
2.796 0.0001 2.001
2.794 0.0001 2.001
2.792 0.0001 2.001
2.79 0.0001 2.001
2.788 0.0001 2.001
2.786 0.0001 2.001
2.784 0.0001 2.001
2.782 0.0001 2.001
2.78 0.0001 2.001
2.778 0.0001 2.001
2.776 0.0001 2.001
2.774 0.0001 2.001
2.772 0.0001 2.001
2.77 0.0001 2.001
2.768 0.0001 2.001
2.766 0.0001 2.001
2.764 0.0001 2.001
2.762 0.0001 2.001
2.76 0.0001 2.001
2.758 0.0001 2.001
2.756 0.0001 2.001
2.754 0.0001 2.001
2.752 0.0001 2.001
2.75 0.0001 2.001
2.748 0.0001 2.001
2.746 0.0001 2.001
2.744 0.0001 2.001
2.742 0.0001 2.001
2.74 0.0001 2.001
2.738 0.0001 2.001
2.736 0.0001 2.002
2.734 0.0001 2.002
2.732 0.0001 2.002
2.73 0.0001 2.002
2.728 0.0001 2.002
2.726 0.0001 2.002
2.724 0.0001 2.002
2.722 0.0001 2.002
2.72 0.0001 2.002
2.718 0.0001 2.002
2.716 0.0001 2.002
2.714 0.0001 2.002
2.712 0.0001 2.002
2.71 0.0001 2.002
2.708 0.0001 2.002
2.706 0.0001 2.002
2.704 0.0001 2.002
2.702 0.0001 2.002
2.7 0.0001 2.002
2.698 0.0001 2.002
2.696 0.0001 2.002
2.694 0.0001 2.002
2.692 0.0001 2.002
2.69 0.0001 2.002
2.688 0.0001 2.002
2.686 0.0001 2.002
2.684 0.0001 2.002
2.682 0.0001 2.002
2.68 0.0001 2.003
2.678 0.0001 2.003
2.676 0.0001 2.003
2.674 0.0001 2.003
2.672 0.0001 2.003
2.67 0.0001 2.003
2.668 0.0001 2.003
2.666 0.0001 2.003
2.664 0.0001 2.003
2.662 0.0001 2.003
2.66 0.0001 2.003
2.658 0.0001 2.003
2.656 0.0001 2.003
2.654 0.0001 2.003
2.652 0.0001 2.003
2.65 0.0001 2.003
2.648 0.0001 2.003
2.646 0.0001 2.003
2.644 0.0001 2.003
2.642 0.0001 2.003
2.64 0.0001 2.003
2.638 0.0001 2.003
2.636 0.0001 2.003
2.634 0.0001 2.003
2.632 0.0001 2.003
2.63 0.0001 2.003
2.628 0.0001 2.004
2.626 0.0001 2.004
2.624 0.0001 2.004
2.622 0.0001 2.004
2.62 0.0001 2.004
2.618 0.0001 2.004
2.616 0.0001 2.004
2.614 0.0001 2.004
2.612 0.0001 2.004
2.61 0.0001 2.004
2.608 0.0001 2.004
2.606 0.0001 2.004
2.604 0.0001 2.004
2.602 0.0001 2.004
2.6 0.0001 2.004
2.598 0.0001 2.004
2.596 0.0001 2.004
2.594 0.0001 2.004
2.592 0.0001 2.004
2.59 0.0001 2.004
2.588 0.0002 2.004
2.586 0.0002 2.004
2.584 0.0002 2.005
2.582 0.0002 2.005
2.58 0.0002 2.005
2.578 0.0002 2.005
2.576 0.0002 2.005
2.574 0.0002 2.005
2.572 0.0002 2.005
2.57 0.0002 2.005
2.568 0.0002 2.005
2.566 0.0002 2.005
2.564 0.0002 2.005
2.562 0.0002 2.005
2.56 0.0002 2.005
2.558 0.0002 2.005
2.556 0.0002 2.005
2.554 0.0002 2.005
2.552 0.0002 2.005
2.55 0.0002 2.005
2.548 0.0002 2.005
2.546 0.0002 2.006
2.544 0.0002 2.006
2.542 0.0002 2.006
2.54 0.0002 2.006
2.538 0.0002 2.006
2.536 0.0002 2.006
2.534 0.0002 2.006
2.532 0.0002 2.006
2.53 0.0002 2.006
2.528 0.0002 2.006
2.526 0.0002 2.006
2.524 0.0002 2.006
2.522 0.0002 2.006
2.52 0.0002 2.006
2.518 0.0002 2.006
2.516 0.0002 2.006
2.514 0.0002 2.006
2.512 0.0002 2.007
2.51 0.0002 2.007
2.508 0.0002 2.007
2.506 0.0002 2.007
2.504 0.0002 2.007
2.502 0.0002 2.007
2.5 0.0002 2.007
2.498 0.0002 2.007
2.496 0.0002 2.007
2.494 0.0002 2.007
2.492 0.0002 2.007
2.49 0.0002 2.007
2.488 0.0002 2.007
2.486 0.0002 2.007
2.484 0.0002 2.007
2.482 0.0002 2.007
2.48 0.0002 2.008
2.478 0.0002 2.008
2.476 0.0002 2.008
2.474 0.0002 2.008
2.472 0.0002 2.008
2.47 0.0002 2.008
2.468 0.0002 2.008
2.466 0.0002 2.008
2.464 0.0002 2.008
2.462 0.0002 2.008
2.46 0.0002 2.008
2.458 0.0002 2.008
2.456 0.0002 2.008
2.454 0.0002 2.009
2.452 0.0002 2.009
2.45 0.0002 2.009
2.448 0.0003 2.009
2.446 0.0003 2.009
2.444 0.0003 2.009
2.442 0.0003 2.009
2.44 0.0003 2.009
2.438 0.0003 2.009
2.436 0.0003 2.009
2.434 0.0003 2.009
2.432 0.0003 2.009
2.43 0.0003 2.009
2.428 0.0003 2.01
2.426 0.0003 2.01
2.424 0.0003 2.01
2.422 0.0003 2.01
2.42 0.0003 2.01
2.418 0.0003 2.01
2.416 0.0003 2.01
2.414 0.0003 2.01
2.412 0.0003 2.01
2.41 0.0003 2.01
2.408 0.0003 2.011
2.406 0.0003 2.011
2.404 0.0003 2.011
2.402 0.0003 2.011
2.4 0.0003 2.011
2.398 0.0003 2.011
2.396 0.0003 2.011
2.394 0.0003 2.011
2.392 0.0003 2.011
2.39 0.0003 2.011
2.388 0.0003 2.012
2.386 0.0003 2.012
2.384 0.0003 2.012
2.382 0.0003 2.012
2.38 0.0003 2.012
2.378 0.0004 2.012
2.376 0.0004 2.012
2.374 0.0004 2.012
2.372 0.0004 2.012
2.37 0.0004 2.013
2.368 0.0004 2.013
2.366 0.0004 2.013
2.364 0.0004 2.013
2.362 0.0004 2.013
2.36 0.0004 2.013
2.358 0.0004 2.013
2.356 0.0004 2.013
2.354 0.0004 2.013
2.352 0.0004 2.014
2.35 0.0004 2.014
2.348 0.0004 2.014
2.346 0.0004 2.014
2.344 0.0004 2.014
2.342 0.0004 2.014
2.34 0.0004 2.014
2.338 0.0004 2.015
2.336 0.0004 2.015
2.334 0.0005 2.015
2.332 0.0005 2.015
2.33 0.0005 2.015
2.328 0.0005 2.015
2.326 0.0005 2.015
2.324 0.0005 2.016
2.322 0.0005 2.016
2.32 0.0005 2.016
2.318 0.0005 2.016
2.316 0.0005 2.016
2.314 0.0005 2.016
2.312 0.0005 2.017
2.31 0.0005 2.017
2.308 0.0005 2.017
2.306 0.0005 2.017
2.304 0.0006 2.017
2.302 0.0006 2.017
2.3 0.0006 2.018
2.298 0.0006 2.018
2.296 0.0006 2.018
2.294 0.0006 2.018
2.292 0.0006 2.018
2.29 0.0006 2.019
2.288 0.0006 2.019
2.286 0.0006 2.019
2.284 0.0006 2.019
2.282 0.0007 2.019
2.28 0.0007 2.02
2.278 0.0007 2.02
2.276 0.0007 2.02
2.274 0.0007 2.02
2.272 0.0007 2.02
2.27 0.0007 2.021
2.268 0.0007 2.021
2.266 0.0007 2.021
2.264 0.0008 2.021
2.262 0.0008 2.022
2.26 0.0008 2.022
2.258 0.0008 2.022
2.256 0.0008 2.022
2.254 0.0008 2.023
2.252 0.0008 2.023
2.25 0.0009 2.023
2.248 0.0009 2.023
2.246 0.0009 2.024
2.244 0.0009 2.024
2.242 0.0009 2.024
2.24 0.0009 2.025
2.238 0.001 2.025
2.236 0.001 2.025
2.234 0.001 2.026
2.232 0.001 2.026
2.23 0.001 2.026
2.228 0.0011 2.027
2.226 0.0011 2.027
2.224 0.0011 2.027
2.222 0.0011 2.028
2.22 0.0012 2.028
2.218 0.0012 2.028
2.216 0.0012 2.029
2.214 0.0012 2.029
2.212 0.0013 2.029
2.21 0.0013 2.03
2.208 0.0013 2.03
2.206 0.0014 2.031
2.204 0.0014 2.031
2.202 0.0014 2.032
2.2 0.0015 2.032
2.198 0.0015 2.033
2.196 0.0015 2.033
2.194 0.0016 2.034
2.192 0.0016 2.034
2.19 0.0016 2.035
2.188 0.0017 2.035
2.186 0.0017 2.036
2.184 0.0018 2.036
2.182 0.0018 2.037
2.18 0.0019 2.037
2.178 0.0019 2.038
2.176 0.002 2.039
2.174 0.0021 2.039
2.172 0.0021 2.04
2.17 0.0022 2.041
2.168 0.0022 2.041
2.166 0.0023 2.042
2.164 0.0024 2.043
2.162 0.0025 2.044
2.16 0.0025 2.044
2.158 0.0026 2.045
2.156 0.0027 2.046
2.154 0.0028 2.047
2.152 0.0029 2.048
2.15 0.003 2.049
2.148 0.0031 2.05
2.146 0.0032 2.051
2.144 0.0034 2.052
2.142 0.0035 2.053
2.14 0.0036 2.054
2.138 0.0038 2.055
2.136 0.0039 2.056
2.134 0.0041 2.058
2.132 0.0043 2.059
2.13 0.0045 2.06
2.128 0.0047 2.062
2.126 0.0049 2.063
2.124 0.0051 2.065
2.122 0.0054 2.067
2.12 0.0056 2.068
2.118 0.0059 2.07
2.116 0.0062 2.072
2.114 0.0066 2.074
2.112 0.007 2.076
2.11 0.0073 2.079
2.108 0.0078 2.081
2.106 0.0083 2.084
2.104 0.0088 2.086
2.102 0.0093 2.089
2.1 0.01 2.092
2.098 0.0106 2.096
2.096 0.0114 2.099
2.094 0.0123 2.103
2.092 0.0132 2.107
2.09 0.0143 2.111
2.088 0.0154 2.116
2.086 0.0168 2.121
2.084 0.0183 2.127
2.082 0.0201 2.133
2.08 0.0221 2.14
2.078 0.0244 2.147
2.076 0.0271 2.155
2.074 0.0303 2.164
2.072 0.034 2.174
2.07 0.0385 2.186
2.068 0.044 2.199
2.066 0.0506 2.214
2.064 0.0589 2.232
2.062 0.0693 2.252
2.06 0.0826 2.276
2.058 0.1001 2.305
2.056 0.1233 2.341
2.054 0.1552 2.385
2.052 0.2001 2.442
2.05 0.2648 2.516
2.048 0.36 2.615
2.046 0.5 2.752
2.044 0.6923 2.942
2.042 0.9 3.195
2.04 1 3.498
2.038 0.9 3.8
2.036 0.6923 4.054
2.034 0.5 4.243
2.032 0.36 4.38
2.03 0.2648 4.48
2.028 0.2001 4.554
2.026 0.1552 4.61
2.024 0.1233 4.655
2.022 0.1001 4.69
2.02 0.0826 4.719
2.018 0.0693 4.743
2.016 0.0589 4.764
2.014 0.0506 4.781
2.012 0.044 4.796
2.01 0.0385 4.809
2.008 0.034 4.821
2.006 0.0303 4.831
2.004 0.0271 4.84
2.002 0.0244 4.849
2 0.0221 4.856
1.998 0.0201 4.863
1.996 0.0183 4.869
1.994 0.0168 4.874
1.992 0.0155 4.879
1.99 0.0143 4.884
1.988 0.0132 4.889
1.986 0.0123 4.893
1.984 0.0114 4.896
1.982 0.0107 4.9
1.98 0.01 4.903
1.978 0.0094 4.906
1.976 0.0088 4.909
1.974 0.0083 4.912
1.972 0.0078 4.914
1.97 0.0074 4.917
1.968 0.007 4.919
1.966 0.0066 4.921
1.964 0.0063 4.923
1.962 0.006 4.925
1.96 0.0057 4.927
1.958 0.0054 4.929
1.956 0.0052 4.931
1.954 0.0049 4.932
1.952 0.0047 4.934
1.95 0.0045 4.935
1.948 0.0043 4.937
1.946 0.0041 4.938
1.944 0.004 4.939
1.942 0.0038 4.94
1.94 0.0037 4.942
1.938 0.0035 4.943
1.936 0.0034 4.944
1.934 0.0033 4.945
1.932 0.0032 4.946
1.93 0.0031 4.947
1.928 0.0029 4.948
1.926 0.0029 4.949
1.924 0.0028 4.95
1.922 0.0027 4.951
1.92 0.0026 4.951
1.918 0.0025 4.952
1.916 0.0024 4.953
1.914 0.0024 4.954
1.912 0.0023 4.955
1.91 0.0022 4.955
1.908 0.0022 4.956
1.906 0.0021 4.957
1.904 0.002 4.957
1.902 0.002 4.958
1.9 0.0019 4.959
1.898 0.0019 4.959
1.896 0.0018 4.96
1.894 0.0018 4.96
1.892 0.0017 4.961
1.89 0.0017 4.961
1.888 0.0017 4.962
1.886 0.0016 4.962
1.884 0.0016 4.963
1.882 0.0015 4.963
1.88 0.0015 4.964
1.878 0.0015 4.964
1.876 0.0014 4.965
1.874 0.0014 4.965
1.872 0.0014 4.966
1.87 0.0013 4.966
1.868 0.0013 4.967
1.866 0.0013 4.967
1.864 0.0013 4.967
1.862 0.0012 4.968
1.86 0.0012 4.968
1.858 0.0012 4.969
1.856 0.0012 4.969
1.854 0.0011 4.969
1.852 0.0011 4.97
1.85 0.0011 4.97
1.848 0.0011 4.97
1.846 0.0011 4.971
1.844 0.001 4.971
1.842 0.001 4.971
1.84 0.001 4.972
1.838 0.001 4.972
1.836 0.001 4.972
1.834 0.001 4.973
1.832 0.0009 4.973
1.83 0.0009 4.973
1.828 0.0009 4.974
1.826 0.0009 4.974
1.824 0.0009 4.974
1.822 0.0009 4.975
1.82 0.0009 4.975
1.818 0.0009 4.975
1.816 0.0008 4.975
1.814 0.0008 4.976
1.812 0.0008 4.976
1.81 0.0008 4.976
1.808 0.0008 4.976
1.806 0.0008 4.977
1.804 0.0008 4.977
1.802 0.0008 4.977
1.8 0.0008 4.977
1.798 0.0007 4.978
1.796 0.0007 4.978
1.794 0.0007 4.978
1.792 0.0007 4.978
1.79 0.0007 4.979
1.788 0.0007 4.979
1.786 0.0007 4.979
1.784 0.0007 4.979
1.782 0.0007 4.979
1.78 0.0007 4.98
1.778 0.0007 4.98
1.776 0.0007 4.98
1.774 0.0007 4.98
1.772 0.0006 4.98
1.77 0.0006 4.981
1.768 0.0006 4.981
1.766 0.0006 4.981
1.764 0.0006 4.981
1.762 0.0006 4.981
1.76 0.0006 4.982
1.758 0.0006 4.982
1.756 0.0006 4.982
1.754 0.0006 4.982
1.752 0.0006 4.982
1.75 0.0006 4.983
1.748 0.0006 4.983
1.746 0.0006 4.983
1.744 0.0006 4.983
1.742 0.0006 4.983
1.74 0.0006 4.984
1.738 0.0006 4.984
1.736 0.0006 4.984
1.734 0.0006 4.984
1.732 0.0006 4.984
1.73 0.0005 4.984
1.728 0.0005 4.985
1.726 0.0005 4.985
1.724 0.0005 4.985
1.722 0.0005 4.985
1.72 0.0005 4.985
1.718 0.0005 4.985
1.716 0.0005 4.986
1.714 0.0005 4.986
1.712 0.0005 4.986
1.71 0.0005 4.986
1.708 0.0005 4.986
1.706 0.0005 4.986
1.704 0.0005 4.987
1.702 0.0005 4.987
1.7 0.0005 4.987
1.698 0.0005 4.987
1.696 0.0005 4.987
1.694 0.0005 4.987
1.692 0.0005 4.988
1.69 0.0005 4.988
1.688 0.0005 4.988
1.686 0.0005 4.988
1.684 0.0005 4.988
1.682 0.0005 4.988
1.68 0.0005 4.989
1.678 0.0005 4.989
1.676 0.0005 4.989
1.674 0.0005 4.989
1.672 0.0005 4.989
1.67 0.0005 4.989
1.668 0.0005 4.99
1.666 0.0005 4.99
1.664 0.0005 4.99
1.662 0.0005 4.99
1.66 0.0005 4.99
1.658 0.0005 4.99
1.656 0.0005 4.99
1.654 0.0005 4.991
1.652 0.0005 4.991
1.65 0.0005 4.991
1.648 0.0005 4.991
1.646 0.0005 4.991
1.644 0.0005 4.991
1.642 0.0005 4.992
1.64 0.0005 4.992
1.638 0.0005 4.992
1.636 0.0005 4.992
1.634 0.0005 4.992
1.632 0.0005 4.992
1.63 0.0005 4.992
1.628 0.0005 4.993
1.626 0.0005 4.993
1.624 0.0005 4.993
1.622 0.0005 4.993
1.62 0.0005 4.993
1.618 0.0005 4.993
1.616 0.0005 4.994
1.614 0.0005 4.994
1.612 0.0005 4.994
1.61 0.0005 4.994
1.608 0.0005 4.994
1.606 0.0005 4.994
1.604 0.0005 4.995
1.602 0.0005 4.995
1.6 0.0005 4.995
1.598 0.0005 4.995
1.596 0.0005 4.995
1.594 0.0005 4.995
1.592 0.0005 4.996
1.59 0.0005 4.996
1.588 0.0005 4.996
1.586 0.0005 4.996
1.584 0.0006 4.996
1.582 0.0006 4.996
1.58 0.0006 4.997
1.578 0.0006 4.997
1.576 0.0006 4.997
1.574 0.0006 4.997
1.572 0.0006 4.997
1.57 0.0006 4.998
1.568 0.0006 4.998
1.566 0.0006 4.998
1.564 0.0006 4.998
1.562 0.0006 4.998
1.56 0.0006 4.999
1.558 0.0006 4.999
1.556 0.0006 4.999
1.554 0.0006 4.999
1.552 0.0006 4.999
1.55 0.0006 5
1.548 0.0006 5
1.546 0.0006 5
1.544 0.0007 5
1.542 0.0007 5
1.54 0.0007 5.001
1.538 0.0007 5.001
1.536 0.0007 5.001
1.534 0.0007 5.001
1.532 0.0007 5.001
1.53 0.0007 5.002
1.528 0.0007 5.002
1.526 0.0007 5.002
1.524 0.0007 5.002
1.522 0.0007 5.003
1.52 0.0008 5.003
1.518 0.0008 5.003
1.516 0.0008 5.003
1.514 0.0008 5.004
1.512 0.0008 5.004
1.51 0.0008 5.004
1.508 0.0008 5.004
1.506 0.0008 5.005
1.504 0.0008 5.005
1.502 0.0009 5.005
1.5 0.0009 5.005
1.498 0.0009 5.006
1.496 0.0009 5.006
1.494 0.0009 5.006
1.492 0.0009 5.007
1.49 0.0009 5.007
1.488 0.001 5.007
1.486 0.001 5.007
1.484 0.001 5.008
1.482 0.001 5.008
1.48 0.001 5.008
1.478 0.0011 5.009
1.476 0.0011 5.009
1.474 0.0011 5.009
1.472 0.0011 5.01
1.47 0.0011 5.01
1.468 0.0012 5.01
1.466 0.0012 5.011
1.464 0.0012 5.011
1.462 0.0012 5.012
1.46 0.0013 5.012
1.458 0.0013 5.012
1.456 0.0013 5.013
1.454 0.0014 5.013
1.452 0.0014 5.014
1.45 0.0014 5.014
1.448 0.0015 5.015
1.446 0.0015 5.015
1.444 0.0016 5.016
1.442 0.0016 5.016
1.44 0.0017 5.017
1.438 0.0017 5.017
1.436 0.0018 5.018
1.434 0.0018 5.018
1.432 0.0019 5.019
1.43 0.0019 5.019
1.428 0.002 5.02
1.426 0.0021 5.021
1.424 0.0021 5.021
1.422 0.0022 5.022
1.42 0.0023 5.023
1.418 0.0024 5.024
1.416 0.0025 5.024
1.414 0.0026 5.025
1.412 0.0027 5.026
1.41 0.0028 5.027
1.408 0.0029 5.028
1.406 0.003 5.029
1.404 0.0032 5.03
1.402 0.0033 5.031
1.4 0.0035 5.032
1.398 0.0037 5.033
1.396 0.0039 5.034
1.394 0.0041 5.035
1.392 0.0043 5.037
1.39 0.0046 5.038
1.388 0.0049 5.04
1.386 0.0052 5.041
1.384 0.0056 5.043
1.382 0.006 5.045
1.38 0.0065 5.047
1.378 0.0071 5.049
1.376 0.0077 5.051
1.374 0.0084 5.054
1.372 0.0092 5.057
1.37 0.0102 5.06
1.368 0.0114 5.063
1.366 0.0128 5.067
1.364 0.0144 5.071
1.362 0.0165 5.076
1.36 0.0191 5.082
1.358 0.0225 5.089
1.356 0.0268 5.097
1.354 0.0325 5.106
1.352 0.0403 5.118
1.35 0.0512 5.132
1.348 0.0668 5.151
1.346 0.0897 5.176
1.344 0.1234 5.21
1.342 0.1703 5.256
1.34 0.2231 5.319
1.338 0.253 5.395
1.336 0.2334 5.472
1.334 0.1827 5.538
1.332 0.1336 5.589
1.33 0.0974 5.626
1.328 0.0727 5.653
1.326 0.0561 5.673
1.324 0.0447 5.689
1.322 0.0368 5.702
1.32 0.0311 5.713
1.318 0.0269 5.722
1.316 0.0239 5.73
1.314 0.0217 5.738
1.312 0.02 5.744
1.31 0.0189 5.75
1.308 0.0181 5.756
1.306 0.0176 5.762
1.304 0.0174 5.768
1.302 0.0175 5.773
1.3 0.0179 5.779
1.298 0.0185 5.785
1.296 0.0193 5.791
1.294 0.0205 5.797
1.292 0.022 5.804
1.29 0.024 5.811
1.288 0.0264 5.819
1.286 0.0295 5.828
1.284 0.0334 5.838
1.282 0.0384 5.849
1.28 0.045 5.863
1.278 0.0535 5.878
1.276 0.0651 5.897
1.274 0.0809 5.92
1.272 0.1032 5.95
1.27 0.1355 5.988
1.268 0.1831 6.038
1.266 0.2531 6.108
1.264 0.3492 6.204
1.262 0.453 6.331
1.26 0.503 6.483
1.258 0.453 6.636
1.256 0.3492 6.763
1.254 0.2531 6.859
1.252 0.1831 6.929
1.25 0.1355 6.979
1.248 0.1032 7.017
1.246 0.0809 7.047
1.244 0.0651 7.07
1.242 0.0535 7.089
1.24 0.0449 7.104
1.238 0.0384 7.118
1.236 0.0334 7.129
1.234 0.0295 7.139
1.232 0.0264 7.148
1.23 0.0239 7.156
1.228 0.022 7.163
1.226 0.0205 7.17
1.224 0.0193 7.176
1.222 0.0184 7.182
1.22 0.0179 7.188
1.218 0.0175 7.194
1.216 0.0174 7.199
1.214 0.0176 7.205
1.212 0.0181 7.211
1.21 0.0188 7.217
1.208 0.02 7.223
1.206 0.0216 7.229
1.204 0.0239 7.237
1.202 0.0269 7.245
1.2 0.031 7.254
1.198 0.0367 7.265
1.196 0.0447 7.278
1.194 0.0561 7.294
1.192 0.0727 7.314
1.19 0.0974 7.341
1.188 0.1336 7.378
1.186 0.1827 7.428
1.184 0.2333 7.495
1.182 0.253 7.572
1.18 0.223 7.648
1.178 0.1703 7.71
1.176 0.1234 7.757
1.174 0.0897 7.791
1.172 0.0667 7.816
1.17 0.0511 7.835
1.168 0.0402 7.849
1.166 0.0325 7.861
1.164 0.0267 7.87
1.162 0.0224 7.878
1.16 0.0191 7.885
1.158 0.0165 7.89
1.156 0.0144 7.895
1.154 0.0127 7.9
1.152 0.0113 7.903
1.15 0.0102 7.907
1.148 0.0092 7.91
1.146 0.0083 7.913
1.144 0.0076 7.915
1.142 0.007 7.918
1.14 0.0065 7.92
1.138 0.006 7.922
1.136 0.0056 7.924
1.134 0.0052 7.925
1.132 0.0049 7.927
1.13 0.0046 7.928
1.128 0.0043 7.93
1.126 0.0041 7.931
1.124 0.0038 7.932
1.122 0.0036 7.934
1.12 0.0035 7.935
1.118 0.0033 7.936
1.116 0.0031 7.937
1.114 0.003 7.938
1.112 0.0029 7.939
1.11 0.0027 7.94
1.108 0.0026 7.94
1.106 0.0025 7.941
1.104 0.0024 7.942
1.102 0.0023 7.943
1.1 0.0022 7.943
1.098 0.0021 7.944
1.096 0.0021 7.945
1.094 0.002 7.946
1.092 0.0019 7.946
1.09 0.0019 7.947
1.088 0.0018 7.947
1.086 0.0017 7.948
1.084 0.0017 7.948
1.082 0.0016 7.949
1.08 0.0016 7.949
1.078 0.0015 7.95
1.076 0.0015 7.95
1.074 0.0015 7.951
1.072 0.0014 7.951
1.07 0.0014 7.952
1.068 0.0013 7.952
1.066 0.0013 7.953
1.064 0.0013 7.953
1.062 0.0012 7.953
1.06 0.0012 7.954
1.058 0.0012 7.954
1.056 0.0011 7.955
1.054 0.0011 7.955
1.052 0.0011 7.955
1.05 0.0011 7.956
1.048 0.001 7.956
1.046 0.001 7.956
1.044 0.001 7.957
1.042 0.001 7.957
1.04 0.001 7.957
1.038 0.0009 7.958
1.036 0.0009 7.958
1.034 0.0009 7.958
1.032 0.0009 7.958
1.03 0.0009 7.959
1.028 0.0008 7.959
1.026 0.0008 7.959
1.024 0.0008 7.96
1.022 0.0008 7.96
1.02 0.0008 7.96
1.018 0.0008 7.96
1.016 0.0008 7.961
1.014 0.0007 7.961
1.012 0.0007 7.961
1.01 0.0007 7.961
1.008 0.0007 7.961
1.006 0.0007 7.962
1.004 0.0007 7.962
1.002 0.0007 7.962
1 0.0007 7.962
0.998 0.0006 7.963
0.996 0.0006 7.963
0.994 0.0006 7.963
0.992 0.0006 7.963
0.99 0.0006 7.963
0.988 0.0006 7.964
0.986 0.0006 7.964
0.984 0.0006 7.964
0.982 0.0006 7.964
0.98 0.0006 7.964
0.978 0.0005 7.964
0.976 0.0005 7.965
0.974 0.0005 7.965
0.972 0.0005 7.965
0.97 0.0005 7.965
0.968 0.0005 7.965
0.966 0.0005 7.965
0.964 0.0005 7.966
0.962 0.0005 7.966
0.96 0.0005 7.966
0.958 0.0005 7.966
0.956 0.0005 7.966
0.954 0.0005 7.966
0.952 0.0005 7.966
0.95 0.0004 7.967
0.948 0.0004 7.967
0.946 0.0004 7.967
0.944 0.0004 7.967
0.942 0.0004 7.967
0.94 0.0004 7.967
0.938 0.0004 7.967
0.936 0.0004 7.968
0.934 0.0004 7.968
0.932 0.0004 7.968
0.93 0.0004 7.968
0.928 0.0004 7.968
0.926 0.0004 7.968
0.924 0.0004 7.968
0.922 0.0004 7.968
0.92 0.0004 7.969
0.918 0.0004 7.969
0.916 0.0004 7.969
0.914 0.0004 7.969
0.912 0.0004 7.969
0.91 0.0003 7.969
0.908 0.0003 7.969
0.906 0.0003 7.969
0.904 0.0003 7.969
0.902 0.0003 7.97
0.9 0.0003 7.97
0.898 0.0003 7.97
0.896 0.0003 7.97
0.894 0.0003 7.97
0.892 0.0003 7.97
0.89 0.0003 7.97
0.888 0.0003 7.97
0.886 0.0003 7.97
0.884 0.0003 7.97
0.882 0.0003 7.971
0.88 0.0003 7.971
0.878 0.0003 7.971
0.876 0.0003 7.971
0.874 0.0003 7.971
0.872 0.0003 7.971
0.87 0.0003 7.971
0.868 0.0003 7.971
0.866 0.0003 7.971
0.864 0.0003 7.971
0.862 0.0003 7.971
0.86 0.0003 7.972
0.858 0.0003 7.972
0.856 0.0003 7.972
0.854 0.0003 7.972
0.852 0.0003 7.972
0.85 0.0003 7.972
0.848 0.0003 7.972
0.846 0.0002 7.972
0.844 0.0002 7.972
0.842 0.0002 7.972
0.84 0.0002 7.972
0.838 0.0002 7.972
0.836 0.0002 7.972
0.834 0.0002 7.973
0.832 0.0002 7.973
0.83 0.0002 7.973
0.828 0.0002 7.973
0.826 0.0002 7.973
0.824 0.0002 7.973
0.822 0.0002 7.973
0.82 0.0002 7.973
0.818 0.0002 7.973
0.816 0.0002 7.973
0.814 0.0002 7.973
0.812 0.0002 7.973
0.81 0.0002 7.973
0.808 0.0002 7.973
0.806 0.0002 7.974
0.804 0.0002 7.974
0.802 0.0002 7.974
0.8 0.0002 7.974
0.798 0.0002 7.974
0.796 0.0002 7.974
0.794 0.0002 7.974
0.792 0.0002 7.974
0.79 0.0002 7.974
0.788 0.0002 7.974
0.786 0.0002 7.974
0.784 0.0002 7.974
0.782 0.0002 7.974
0.78 0.0002 7.974
0.778 0.0002 7.974
0.776 0.0002 7.974
0.774 0.0002 7.975
0.772 0.0002 7.975
0.77 0.0002 7.975
0.768 0.0002 7.975
0.766 0.0002 7.975
0.764 0.0002 7.975
0.762 0.0002 7.975
0.76 0.0002 7.975
0.758 0.0002 7.975
0.756 0.0002 7.975
0.754 0.0002 7.975
0.752 0.0002 7.975
0.75 0.0002 7.975
0.748 0.0002 7.975
0.746 0.0002 7.975
0.744 0.0002 7.975
0.742 0.0002 7.975
0.74 0.0002 7.975
0.738 0.0002 7.976
0.736 0.0002 7.976
0.734 0.0002 7.976
0.732 0.0002 7.976
0.73 0.0002 7.976
0.728 0.0002 7.976
0.726 0.0002 7.976
0.724 0.0002 7.976
0.722 0.0002 7.976
0.72 0.0002 7.976
0.718 0.0001 7.976
0.716 0.0001 7.976
0.714 0.0001 7.976
0.712 0.0001 7.976
0.71 0.0001 7.976
0.708 0.0001 7.976
0.706 0.0001 7.976
0.704 0.0001 7.976
0.702 0.0001 7.976
0.7 0.0001 7.976
0.698 0.0001 7.976
0.696 0.0001 7.977
0.694 0.0001 7.977
0.692 0.0001 7.977
0.69 0.0001 7.977
0.688 0.0001 7.977
0.686 0.0001 7.977
0.684 0.0001 7.977
0.682 0.0001 7.977
0.68 0.0001 7.977
0.678 0.0001 7.977
0.676 0.0001 7.977
0.674 0.0001 7.977
0.672 0.0001 7.977
0.67 0.0001 7.977
0.668 0.0001 7.977
0.666 0.0001 7.977
0.664 0.0001 7.977
0.662 0.0001 7.977
0.66 0.0001 7.977
0.658 0.0001 7.977
0.656 0.0001 7.977
0.654 0.0001 7.977
0.652 0.0001 7.977
0.65 0.0001 7.977
0.648 0.0001 7.978
0.646 0.0001 7.978
0.644 0.0001 7.978
0.642 0.0001 7.978
0.64 0.0001 7.978
0.638 0.0001 7.978
0.636 0.0001 7.978
0.634 0.0001 7.978
0.632 0.0001 7.978
0.63 0.0001 7.978
0.628 0.0001 7.978
0.626 0.0001 7.978
0.624 0.0001 7.978
0.622 0.0001 7.978
0.62 0.0001 7.978
0.618 0.0001 7.978
0.616 0.0001 7.978
0.614 0.0001 7.978
0.612 0.0001 7.978
0.61 0.0001 7.978
0.608 0.0001 7.978
0.606 0.0001 7.978
0.604 0.0001 7.978
0.602 0.0001 7.978
0.6 0.0001 7.978
0.598 0.0001 7.978
0.596 0.0001 7.978
0.594 0.0001 7.978
0.592 0.0001 7.978
0.59 0.0001 7.979
0.588 0.0001 7.979
0.586 0.0001 7.979
0.584 0.0001 7.979
0.582 0.0001 7.979
0.58 0.0001 7.979
0.578 0.0001 7.979
0.576 0.0001 7.979
0.574 0.0001 7.979
0.572 0.0001 7.979
0.57 0.0001 7.979
0.568 0.0001 7.979
0.566 0.0001 7.979
0.564 0.0001 7.979
0.562 0.0001 7.979
0.56 0.0001 7.979
0.558 0.0001 7.979
0.556 0.0001 7.979
0.554 0.0001 7.979
0.552 0.0001 7.979
0.55 0.0001 7.979
0.548 0.0001 7.979
0.546 0.0001 7.979
0.544 0.0001 7.979
0.542 0.0001 7.979
0.54 0.0001 7.979
0.538 0.0001 7.979
0.536 0.0001 7.979
0.534 0.0001 7.979
0.532 0.0001 7.979
0.53 0.0001 7.979
0.528 0.0001 7.979
0.526 0.0001 7.979
0.524 0.0001 7.979
0.522 0.0001 7.98
0.52 0.0001 7.98
0.518 0.0001 7.98
0.516 0.0001 7.98
0.514 0.0001 7.98
0.512 0.0001 7.98
0.51 0.0001 7.98
0.508 0.0001 7.98
0.506 0.0001 7.98
0.504 0.0001 7.98
0.502 0.0001 7.98
0.5 0.0001 7.98
0.498 0.0001 7.98
0.496 0.0001 7.98
0.494 0.0001 7.98
0.492 0.0001 7.98
0.49 0.0001 7.98
0.488 0.0001 7.98
0.486 0.0001 7.98
0.484 0.0001 7.98
0.482 0.0001 7.98
0.48 0.0001 7.98
0.478 0.0001 7.98
0.476 0.0001 7.98
0.474 0.0001 7.98
0.472 0.0001 7.98
0.47 0.0001 7.98
0.468 0.0001 7.98
0.466 0.0001 7.98
0.464 0.0001 7.98
0.462 0.0001 7.98
0.46 0.0001 7.98
0.458 0.0001 7.98
0.456 0.0001 7.98
0.454 0.0001 7.98
0.452 0.0001 7.98
0.45 0.0001 7.98
0.448 0.0001 7.98
0.446 0.0001 7.98
0.444 0.0001 7.98
0.442 0.0001 7.981
0.44 0.0001 7.981
0.438 0.0001 7.981
0.436 0.0001 7.981
0.434 0.0001 7.981
0.432 0.0001 7.981
0.43 0.0001 7.981
0.428 0.0001 7.981
0.426 0.0001 7.981
0.424 0.0001 7.981
0.422 0.0001 7.981
0.42 0.0001 7.981
0.418 0.0001 7.981
0.416 0.0001 7.981
0.414 0.0001 7.981
0.412 0.0001 7.981
0.41 0.0001 7.981
0.408 0.0001 7.981
0.406 0.0001 7.981
0.404 0.0001 7.981
0.402 0.0001 7.981
0.4 0.0001 7.981
0.398 0.0001 7.981
0.396 0.0001 7.981
0.394 0.0001 7.981
0.392 0.0001 7.981
0.39 0.0001 7.981
0.388 0.0001 7.981
0.386 0.0001 7.981
0.384 0.0001 7.981
0.382 0.0001 7.981
0.38 0.0001 7.981
0.378 0.0001 7.981
0.376 0.0001 7.981
0.374 0.0001 7.981
0.372 0.0001 7.981
0.37 0.0001 7.981
0.368 0.0001 7.981
0.366 0.0001 7.981
0.364 0.0001 7.981
0.362 0.0001 7.981
0.36 0.0001 7.981
0.358 0.0001 7.981
0.356 0.0001 7.981
0.354 0.0001 7.981
0.352 0.0001 7.981
0.35 0.0001 7.981
0.348 0.0001 7.981
0.346 0.0001 7.981
0.344 0.0001 7.981
0.342 0.0001 7.982
0.34 0.0001 7.982
0.338 0.0001 7.982
0.336 0.0001 7.982
0.334 0.0001 7.982
0.332 0.0001 7.982
0.33 0.0001 7.982
0.328 0.0001 7.982
0.326 0.0001 7.982
0.324 0.0001 7.982
0.322 0.0001 7.982
0.32 0.0001 7.982
0.318 0.0001 7.982
0.316 0.0001 7.982
0.314 0.0001 7.982
0.312 0.0001 7.982
0.31 0.0001 7.982
0.308 0.0001 7.982
0.306 0.0001 7.982
0.304 0.0001 7.982
0.302 0.0001 7.982
0.3 0.0001 7.982
0.298 0.0001 7.982
0.296 0.0001 7.982
0.294 0.0001 7.982
0.292 0.0001 7.982
0.29 0.0001 7.982
0.288 0.0001 7.982
0.286 0.0001 7.982
0.284 0.0001 7.982
0.282 0.0001 7.982
0.28 0.0001 7.982
0.278 0.0001 7.982
0.276 0.0001 7.982
0.274 0.0001 7.982
0.272 0.0001 7.982
0.27 0.0001 7.982
0.268 0.0001 7.982
0.266 0 7.982
0.264 0 7.982
0.262 0 7.982
0.26 0 7.982
0.258 0 7.982
0.256 0 7.982
0.254 0 7.982
0.252 0 7.982
0.25 0 7.982
0.248 0 7.982
0.246 0 7.982
0.244 0 7.982
0.242 0 7.982
0.24 0 7.982
0.238 0 7.982
0.236 0 7.982
0.234 0 7.982
0.232 0 7.982
0.23 0 7.982
0.228 0 7.982
0.226 0 7.982
0.224 0 7.982
0.222 0 7.982
0.22 0 7.983
0.218 0 7.983
0.216 0 7.983
0.214 0 7.983
0.212 0 7.983
0.21 0 7.983
0.208 0 7.983
0.206 0 7.983
0.204 0 7.983
0.202 0 7.983
0.2 0 7.983
0.198 0 7.983
0.196 0 7.983
0.194 0 7.983
0.192 0 7.983
0.19 0 7.983
0.188 0 7.983
0.186 0 7.983
0.184 0 7.983
0.182 0 7.983
0.18 0 7.983
0.178 0 7.983
0.176 0 7.983
0.174 0 7.983
0.172 0 7.983
0.17 0 7.983
0.168 0 7.983
0.166 0 7.983
0.164 0 7.983
0.162 0 7.983
0.16 0 7.983
0.158 0 7.983
0.156 0 7.983
0.154 0 7.983
0.152 0 7.983
0.15 0 7.983
0.148 0 7.983
0.146 0 7.983
0.144 0 7.983
0.142 0 7.983
0.14 0 7.983
0.138 0 7.983
0.136 0 7.983
0.134 0 7.983
0.132 0 7.983
0.13 0 7.983
0.128 0 7.983
0.126 0 7.983
0.124 0 7.983
0.122 0 7.983
0.12 0 7.983
0.118 0 7.983
0.116 0 7.983
0.114 0 7.983
0.112 0 7.983
0.11 0 7.983
0.108 0 7.983
0.106 0 7.983
0.104 0 7.983
0.102 0 7.983
0.1 0 7.983
0.098 0 7.983
0.096 0 7.983
0.094 0 7.983
0.092 0 7.983
0.09 0 7.983
0.088 0 7.983
0.086 0 7.983
0.084 0 7.983
0.082 0 7.983
0.08 0 7.983
0.078 0 7.983
0.076 0 7.983
0.074 0 7.983
0.072 0 7.983
0.07 0 7.983
0.068 0 7.984
0.066 0 7.984
0.064 0 7.984
0.062 0 7.984
0.06 0 7.984
0.058 0 7.984
0.056 0 7.984
0.054 0 7.984
0.052 0 7.984
0.05 0 7.984
0.048 0 7.984
0.046 0 7.984
0.044 0 7.984
0.042 0 7.984
0.04 0 7.984
0.038 0 7.984
0.036 0 7.984
0.034 0 7.984
0.032 0 7.984
0.03 0 7.984
0.028 0 7.984
0.026 0 7.984
0.024 0 7.984
0.022 0 7.984
0.02 0 7.984
0.018 0 7.984
0.016 0 7.984
0.014 0 7.984
0.012 0 7.984
0.01 0 7.984
0.008 0 7.984
0.006 0 7.984
0.004 0 7.984
0.002 0 7.984
0 0 7.984
