V pH dpH
0 2.8807 0
0.05 2.9643 1.6441
0.1 3.0451 1.5688
0.15 3.1212 1.4643
0.2 3.1915 1.3484
0.25 3.256 1.2339
0.3 3.3149 1.1277
0.35 3.3688 1.0326
0.4 3.4182 0.9489
0.45 3.4637 0.8758
0.5 3.5058 0.8119
0.55 3.5449 0.7561
0.6 3.5814 0.7072
0.65 3.6156 0.6641
0.7 3.6478 0.6259
0.75 3.6782 0.5919
0.8 3.707 0.5615
0.85 3.7343 0.5343
0.9 3.7604 0.5097
0.95 3.7853 0.4874
1 3.8091 0.4671
1.05 3.832 0.4487
1.1 3.854 0.4317
1.15 3.8752 0.4162
1.2 3.8956 0.4019
1.25 3.9154 0.3887
1.3 3.9345 0.3764
1.35 3.953 0.365
1.4 3.971 0.3545
1.45 3.9885 0.3446
1.5 4.0054 0.3354
1.55 4.022 0.3268
1.6 4.0381 0.3187
1.65 4.0539 0.3111
1.7 4.0692 0.3039
1.75 4.0843 0.2972
1.8 4.0989 0.2909
1.85 4.1133 0.2849
1.9 4.1274 0.2792
1.95 4.1413 0.2738
2 4.1548 0.2687
2.05 4.1681 0.2639
2.1 4.1812 0.2593
2.15 4.1941 0.255
2.2 4.2067 0.2508
2.25 4.2191 0.2469
2.3 4.2314 0.2431
2.35 4.2435 0.2396
2.4 4.2554 0.2362
2.45 4.2671 0.2329
2.5 4.2786 0.2298
2.55 4.2901 0.2268
2.6 4.3013 0.224
2.65 4.3125 0.2213
2.7 4.3235 0.2187
2.75 4.3343 0.2162
2.8 4.3451 0.2138
2.85 4.3557 0.2116
2.9 4.3662 0.2094
2.95 4.3766 0.2073
3 4.387 0.2053
3.05 4.3972 0.2034
3.1 4.4073 0.2016
3.15 4.4173 0.1998
3.2 4.4273 0.1981
3.25 4.4371 0.1965
3.3 4.4469 0.195
3.35 4.4566 0.1935
3.4 4.4663 0.1921
3.45 4.4759 0.1908
3.5 4.4854 0.1895
3.55 4.4948 0.1883
3.6 4.5042 0.1871
3.65 4.5135 0.186
3.7 4.5228 0.1849
3.75 4.532 0.1839
3.8 4.5412 0.1829
3.85 4.5503 0.182
3.9 4.5594 0.1811
3.95 4.5684 0.1803
4 4.5774 0.1795
4.05 4.5864 0.1787
4.1 4.5953 0.178
4.15 4.6042 0.1774
4.2 4.613 0.1768
4.25 4.6218 0.1762
4.3 4.6306 0.1757
4.35 4.6394 0.1751
4.4 4.6481 0.1747
4.45 4.6569 0.1743
4.5 4.6656 0.1739
4.55 4.6743 0.1735
4.6 4.6829 0.1732
4.65 4.6916 0.1729
4.7 4.7002 0.1727
4.75 4.7088 0.1724
4.8 4.7175 0.1723
4.85 4.7261 0.1721
4.9 4.7347 0.172
4.95 4.7433 0.1719
5 4.7519 0.1719
5.05 4.7604 0.1719
5.1 4.769 0.1719
5.15 4.7776 0.1719
5.2 4.7862 0.172
5.25 4.7948 0.1721
5.3 4.8034 0.1723
5.35 4.8121 0.1725
5.4 4.8207 0.1727
5.45 4.8293 0.173
5.5 4.838 0.1733
5.55 4.8467 0.1736
5.6 4.8554 0.174
5.65 4.8641 0.1744
5.7 4.8728 0.1748
5.75 4.8815 0.1753
5.8 4.8903 0.1758
5.85 4.8991 0.1763
5.9 4.908 0.1769
5.95 4.9168 0.1776
6 4.9257 0.1782
6.05 4.9346 0.1789
6.1 4.9436 0.1797
6.15 4.9526 0.1805
6.2 4.9616 0.1813
6.25 4.9707 0.1822
6.3 4.9799 0.1832
6.35 4.9891 0.1841
6.4 4.9983 0.1852
6.45 5.0076 0.1863
6.5 5.0169 0.1874
6.55 5.0263 0.1886
6.6 5.0358 0.1898
6.65 5.0453 0.1911
6.7 5.0549 0.1925
6.75 5.0645 0.1939
6.8 5.0743 0.1954
6.85 5.0841 0.197
6.9 5.094 0.1986
6.95 5.1039 0.2003
7 5.114 0.2021
7.05 5.1242 0.2039
7.1 5.1344 0.2059
7.15 5.1447 0.2079
7.2 5.1552 0.21
7.25 5.1657 0.2122
7.3 5.1764 0.2146
7.35 5.1872 0.217
7.4 5.1981 0.2195
7.45 5.2091 0.2221
7.5 5.2203 0.2249
7.55 5.2316 0.2278
7.6 5.2431 0.2308
7.65 5.2547 0.234
7.7 5.2665 0.2373
7.75 5.2785 0.2408
7.8 5.2906 0.2445
7.85 5.3029 0.2483
7.9 5.3154 0.2524
7.95 5.3281 0.2566
8 5.3411 0.2611
8.05 5.3543 0.2658
8.1 5.3677 0.2708
8.15 5.3813 0.276
8.2 5.3953 0.2816
8.25 5.4095 0.2874
8.3 5.424 0.2936
8.35 5.4388 0.3002
8.4 5.454 0.3072
8.45 5.4696 0.3146
8.5 5.4855 0.3226
8.55 5.5018 0.331
8.6 5.5186 0.3401
8.65 5.5358 0.3498
8.7 5.5536 0.3602
8.75 5.5719 0.3714
8.8 5.5907 0.3836
8.85 5.6102 0.3967
8.9 5.6304 0.4109
8.95 5.6513 0.4264
9 5.673 0.4433
9.05 5.6956 0.4619
9.1 5.7192 0.4824
9.15 5.7439 0.505
9.2 5.7697 0.5302
9.25 5.7969 0.5584
9.3 5.8256 0.5902
9.35 5.8559 0.6263
9.4 5.8882 0.6677
9.45 5.9227 0.7154
9.5 5.9597 0.7712
9.55 5.9998 0.8373
9.6 6.0435 0.9167
9.65 6.0915 1.0141
9.7 6.1449 1.1362
9.75 6.2051 1.2939
9.8 6.2743 1.5055
9.85 6.3556 1.8049
9.9 6.4547 2.2622
9.95 6.5819 3.0535
10 6.7601 4.8128
10.05 7.0631 19.7051
10.1 8.7306 33.3175
10.15 10.3949 19.6409
10.2 10.6947 4.7479
10.25 10.8697 2.9885
10.3 10.9935 2.1969
10.35 11.0894 1.7395
10.4 11.1675 1.44
10.45 11.2334 1.2281
10.5 11.2903 1.0702
10.55 11.3404 0.948
10.6 11.3851 0.8504
10.65 11.4254 0.7708
10.7 11.4622 0.7045
10.75 11.4959 0.6485
10.8 11.527 0.6006
10.85 11.556 0.5591
10.9 11.5829 0.5228
10.95 11.6082 0.4908
11 11.632 0.4624
11.05 11.6545 0.4369
11.1 11.6757 0.4141
11.15 11.6959 0.3934
11.2 11.7151 0.3746
11.25 11.7333 0.3574
11.3 11.7508 0.3417
11.35 11.7675 0.3273
11.4 11.7835 0.3139
11.45 11.7989 0.3016
11.5 11.8137 0.2901
11.55 11.8279 0.2795
11.6 11.8416 0.2695
11.65 11.8549 0.2602
11.7 11.8677 0.2515
11.75 11.88 0.2433
11.8 11.892 0.2356
11.85 11.9036 0.2284
11.9 11.9148 0.2215
11.95 11.9257 0.215
12 11.9363 0.2089
12.05 11.9466 0.2031
12.1 11.9566 0.1975
12.15 11.9664 0.1923
12.2 11.9759 0.1873
12.25 11.9851 0.1825
12.3 11.9941 0.178
12.35 12.0029 0.1736
12.4 12.0115 0.1695
12.45 12.0199 0.1655
12.5 12.028 0.1617
12.55 12.036 0.158
12.6 12.0438 0.1545
12.65 12.0515 0.1512
12.7 12.0589 0.1479
12.75 12.0663 0.1448
12.8 12.0734 0.1418
12.85 12.0804 0.1389
12.9 12.0873 0.1362
12.95 12.0941 0.1335
13 12.1007 0.1309
13.05 12.1072 0.1284
13.1 12.1135 0.126
13.15 12.1197 0.1236
13.2 12.1259 0.1214
13.25 12.1319 0.1192
13.3 12.1378 0.1171
13.35 12.1436 0.115
13.4 12.1493 0.1131
13.45 12.1549 0.1111
13.5 12.1604 0.1093
13.55 12.1658 0.1074
13.6 12.1712 0.1057
13.65 12.1764 0.104
13.7 12.1816 0.1023
13.75 12.1866 0.1007
13.8 12.1916 0.0991
13.85 12.1965 0.0976
13.9 12.2014 0.0961
13.95 12.2062 0.0947
14 12.2109 0.0933
14.05 12.2155 0.0919
14.1 12.22 0.0906
14.15 12.2245 0.0893
14.2 12.229 0.088
14.25 12.2333 0.0867
14.3 12.2376 0.0855
14.35 12.2419 0.0844
14.4 12.2461 0.0832
14.45 12.2502 0.0821
14.5 12.2543 0.081
14.55 12.2583 0.0799
14.6 12.2623 0.0789
14.65 12.2662 0.0778
14.7 12.2701 0.0768
14.75 12.2739 0.0759
14.8 12.2776 0.0749
14.85 12.2814 0.074
14.9 12.285 0.073
14.95 12.2887 0.0721
15 12.2923 0.0713
15.05 12.2958 0.0704
15.1 12.2993 0.0696
15.15 12.3028 0.0687
15.2 12.3062 0.0679
15.25 12.3095 0.0671
15.3 12.3129 0.0664
15.35 12.3162 0.0656
15.4 12.3194 0.0648
15.45 12.3227 0.0641
15.5 12.3259 0.0634
15.55 12.329 0.0627
15.6 12.3321 0.062
15.65 12.3352 0.0613
15.7 12.3383 0.0607
15.75 12.3413 0.06
15.8 12.3443 0.0594
15.85 12.3472 0.0587
15.9 12.3501 0.0581
15.95 12.353 0.0575
16 12.3559 0
