pH HA A
0 1 0
0.05 1 0
0.1 1 0
0.15 1 0
0.2 1 0
0.25 1 0
0.3 1 0
0.35 1 0
0.4 1 0
0.45 1 0
0.5 0.9999 0.0001
0.55 0.9999 0.0001
0.6 0.9999 0.0001
0.65 0.9999 0.0001
0.7 0.9999 0.0001
0.75 0.9999 0.0001
0.8 0.9999 0.0001
0.85 0.9999 0.0001
0.9 0.9999 0.0001
0.95 0.9998 0.0002
1 0.9998 0.0002
1.05 0.9998 0.0002
1.1 0.9998 0.0002
1.15 0.9998 0.0002
1.2 0.9997 0.0003
1.25 0.9997 0.0003
1.3 0.9997 0.0003
1.35 0.9996 0.0004
1.4 0.9996 0.0004
1.45 0.9995 0.0005
1.5 0.9995 0.0005
1.55 0.9994 0.0006
1.6 0.9993 0.0007
1.65 0.9992 0.0008
1.7 0.9991 0.0009
1.75 0.999 0.001
1.8 0.9989 0.0011
1.85 0.9988 0.0012
1.9 0.9986 0.0014
1.95 0.9985 0.0015
2 0.9983 0.0017
2.05 0.9981 0.0019
2.1 0.9978 0.0022
2.15 0.9976 0.0024
2.2 0.9973 0.0027
2.25 0.9969 0.0031
2.3 0.9965 0.0035
2.35 0.9961 0.0039
2.4 0.9957 0.0043
2.45 0.9951 0.0049
2.5 0.9945 0.0055
2.55 0.9939 0.0061
2.6 0.9931 0.0069
2.65 0.9923 0.0077
2.7 0.9914 0.0086
2.75 0.9903 0.0097
2.8 0.9892 0.0108
2.85 0.9878 0.0122
2.9 0.9864 0.0136
2.95 0.9847 0.0153
3 0.9829 0.0171
3.05 0.9809 0.0191
3.1 0.9786 0.0214
3.15 0.976 0.024
3.2 0.9732 0.0268
3.25 0.97 0.03
3.3 0.9665 0.0335
3.35 0.9626 0.0374
3.4 0.9582 0.0418
3.45 0.9533 0.0467
3.5 0.9479 0.0521
3.55 0.9419 0.0581
3.6 0.9353 0.0647
3.65 0.928 0.072
3.7 0.9199 0.0801
3.75 0.911 0.089
3.8 0.9012 0.0988
3.85 0.8905 0.1095
3.9 0.8787 0.1213
3.95 0.8659 0.1341
4 0.8519 0.1481
4.05 0.8368 0.1632
4.1 0.8205 0.1795
4.15 0.8029 0.1971
4.2 0.7841 0.2159
4.25 0.7639 0.2361
4.3 0.7425 0.2575
4.35 0.7199 0.2801
4.4 0.6961 0.3039
4.45 0.6712 0.3288
4.5 0.6454 0.3546
4.55 0.6186 0.3814
4.6 0.5911 0.4089
4.65 0.563 0.437
4.7 0.5345 0.4655
4.75 0.5058 0.4942
4.8 0.477 0.523
4.85 0.4484 0.5516
4.9 0.4201 0.5799
4.95 0.3923 0.6077
5 0.3653 0.6347
5.05 0.339 0.661
5.1 0.3137 0.6863
5.15 0.2895 0.7105
5.2 0.2664 0.7336
5.25 0.2445 0.7555
5.3 0.2238 0.7762
5.35 0.2045 0.7955
5.4 0.1864 0.8136
5.45 0.1696 0.8304
5.5 0.154 0.846
5.55 0.1395 0.8605
5.6 0.1263 0.8737
5.65 0.1141 0.8859
5.7 0.103 0.897
5.75 0.0928 0.9072
5.8 0.0836 0.9164
5.85 0.0752 0.9248
5.9 0.0676 0.9324
5.95 0.0606 0.9394
6 0.0544 0.9456
6.05 0.0488 0.9512
6.1 0.0437 0.9563
6.15 0.0391 0.9609
6.2 0.035 0.965
6.25 0.0313 0.9687
6.3 0.028 0.972
6.35 0.0251 0.9749
6.4 0.0224 0.9776
6.45 0.02 0.98
6.5 0.0179 0.9821
6.55 0.016 0.984
6.6 0.0142 0.9858
6.65 0.0127 0.9873
6.7 0.0114 0.9886
6.75 0.0101 0.9899
6.8 0.009 0.991
6.85 0.0081 0.9919
6.9 0.0072 0.9928
6.95 0.0064 0.9936
7 0.0057 0.9943
7.05 0.0051 0.9949
7.1 0.0046 0.9954
7.15 0.0041 0.9959
7.2 0.0036 0.9964
7.25 0.0032 0.9968
7.3 0.0029 0.9971
7.35 0.0026 0.9974
7.4 0.0023 0.9977
7.45 0.002 0.998
7.5 0.0018 0.9982
7.55 0.0016 0.9984
7.6 0.0014 0.9986
7.65 0.0013 0.9987
7.7 0.0011 0.9989
7.75 0.001 0.999
7.8 0.0009 0.9991
7.85 0.0008 0.9992
7.9 0.0007 0.9993
7.95 0.0006 0.9994
8 0.0006 0.9994
8.05 0.0005 0.9995
8.1 0.0005 0.9995
8.15 0.0004 0.9996
8.2 0.0004 0.9996
8.25 0.0003 0.9997
8.3 0.0003 0.9997
8.35 0.0003 0.9997
8.4 0.0002 0.9998
8.45 0.0002 0.9998
8.5 0.0002 0.9998
8.55 0.0002 0.9998
8.6 0.0001 0.9999
8.65 0.0001 0.9999
8.7 0.0001 0.9999
8.75 0.0001 0.9999
8.8 0.0001 0.9999
8.85 0.0001 0.9999
8.9 0.0001 0.9999
8.95 0.0001 0.9999
9 0.0001 0.9999
9.05 0.0001 0.9999
9.1 0 1
9.15 0 1
9.2 0 1
9.25 0 1
9.3 0 1
9.35 0 1
9.4 0 1
9.45 0 1
9.5 0 1
9.55 0 1
9.6 0 1
9.65 0 1
9.7 0 1
9.75 0 1
9.8 0 1
9.85 0 1
9.9 0 1
9.95 0 1
10 0 1
10.05 0 1
10.1 0 1
10.15 0 1
10.2 0 1
10.25 0 1
10.3 0 1
10.35 0 1
10.4 0 1
10.45 0 1
10.5 0 1
10.55 0 1
10.6 0 1
10.65 0 1
10.7 0 1
10.75 0 1
10.8 0 1
10.85 0 1
10.9 0 1
10.95 0 1
11 0 1
11.05 0 1
11.1 0 1
11.15 0 1
11.2 0 1
11.25 0 1
11.3 0 1
11.35 0 1
11.4 0 1
11.45 0 1
11.5 0 1
11.55 0 1
11.6 0 1
11.65 0 1
11.7 0 1
11.75 0 1
11.8 0 1
11.85 0 1
11.9 0 1
11.95 0 1
12 0 1
12.05 0 1
12.1 0 1
12.15 0 1
12.2 0 1
12.25 0 1
12.3 0 1
12.35 0 1
12.4 0 1
12.45 0 1
12.5 0 1
12.55 0 1
12.6 0 1
12.65 0 1
12.7 0 1
12.75 0 1
12.8 0 1
12.85 0 1
12.9 0 1
12.95 0 1
13 0 1
13.05 0 1
13.1 0 1
13.15 0 1
13.2 0 1
13.25 0 1
13.3 0 1
13.35 0 1
13.4 0 1
13.45 0 1
13.5 0 1
13.55 0 1
13.6 0 1
13.65 0 1
13.7 0 1
13.75 0 1
13.8 0 1
13.85 0 1
13.9 0 1
13.95 0 1
14 0 1
