t A1 A2 tangent
0 10 10 10
0.5 9.7531 9.5123 9.75
1 9.5123 9.0484 9.5
1.5 9.2774 8.6071 9.25
2 9.0484 8.1873 9
2.5 8.825 7.788 8.75
3 8.6071 7.4082 8.5
3.5 8.3946 7.0469 8.25
4 8.1873 6.7032 8
4.5 7.9852 6.3763 7.75
5 7.788 6.0653 7.5
5.5 7.5957 5.7695 7.25
6 7.4082 5.4881 7
6.5 7.2253 5.2205 6.75
7 7.0469 4.9659 6.5
7.5 6.8729 4.7237 6.25
8 6.7032 4.4933 6
8.5 6.5377 4.2741 5.75
9 6.3763 4.0657 5.5
9.5 6.2189 3.8674 5.25
10 6.0653 3.6788 5
10.5 5.9156 3.4994 4.75
11 5.7695 3.3287 4.5
11.5 5.627 3.1664 4.25
12 5.4881 3.0119 4
12.5 5.3526 2.865 3.75
13 5.2205 2.7253 3.5
13.5 5.0916 2.5924 3.25
14 4.9659 2.466 3
14.5 4.8432 2.3457 2.75
15 4.7237 2.2313 2.5
15.5 4.607 2.1225 2.25
16 4.4933 2.019 2
16.5 4.3823 1.9205 1.75
17 4.2741 1.8268 1.5
17.5 4.1686 1.7377 1.25
18 4.0657 1.653 1
18.5 3.9653 1.5724 0.75
19 3.8674 1.4957 0.5
19.5 3.7719 1.4227 0.25
20 3.6788 1.3534 0
20.5 3.588 1.2873 -0.25
21 3.4994 1.2246 -0.5
21.5 3.413 1.1648 -0.75
22 3.3287 1.108 -1
22.5 3.2465 1.054 -1.25
23 3.1664 1.0026 -1.5
23.5 3.0882 0.9537 -1.75
24 3.0119 0.9072 -2
24.5 2.9376 0.8629 -2.25
25 2.865 0.8208 -2.5
25.5 2.7943 0.7808 -2.75
26 2.7253 0.7427 -3
26.5 2.658 0.7065 -3.25
27 2.5924 0.6721 -3.5
27.5 2.5284 0.6393 -3.75
28 2.466 0.6081 -4
28.5 2.4051 0.5784 -4.25
29 2.3457 0.5502 -4.5
29.5 2.2878 0.5234 -4.75
30 2.2313 0.4979 -5
30.5 2.1762 0.4736 -5.25
31 2.1225 0.4505 -5.5
31.5 2.0701 0.4285 -5.75
32 2.019 0.4076 -6
32.5 1.9691 0.3877 -6.25
33 1.9205 0.3688 -6.5
33.5 1.8731 0.3508 -6.75
34 1.8268 0.3337 -7
34.5 1.7817 0.3175 -7.25
35 1.7377 0.302 -7.5
35.5 1.6948 0.2872 -7.75
36 1.653 0.2732 -8
36.5 1.6122 0.2599 -8.25
37 1.5724 0.2472 -8.5
37.5 1.5335 0.2352 -8.75
38 1.4957 0.2237 -9
38.5 1.4588 0.2128 -9.25
39 1.4227 0.2024 -9.5
39.5 1.3876 0.1925 -9.75
40 1.3534 0.1832 -10
40.5 1.3199 0.1742 -10.25
41 1.2873 0.1657 -10.5
41.5 1.2556 0.1576 -10.75
42 1.2246 0.15 -11
42.5 1.1943 0.1426 -11.25
43 1.1648 0.1357 -11.5
43.5 1.1361 0.1291 -11.75
44 1.108 0.1228 -12
44.5 1.0807 0.1168 -12.25
45 1.054 0.1111 -12.5
45.5 1.028 0.1057 -12.75
46 1.0026 0.1005 -13
46.5 0.9778 0.0956 -13.25
47 0.9537 0.091 -13.5
47.5 0.9301 0.0865 -13.75
48 0.9072 0.0823 -14
48.5 0.8848 0.0783 -14.25
49 0.8629 0.0745 -14.5
49.5 0.8416 0.0708 -14.75
50 0.8208 0.0674 -15
50.5 0.8006 0.0641 -15.25
51 0.7808 0.061 -15.5
51.5 0.7615 0.058 -15.75
52 0.7427 0.0552 -16
52.5 0.7244 0.0525 -16.25
53 0.7065 0.0499 -16.5
53.5 0.6891 0.0475 -16.75
54 0.6721 0.0452 -17
54.5 0.6555 0.043 -17.25
55 0.6393 0.0409 -17.5
55.5 0.6235 0.0389 -17.75
56 0.6081 0.037 -18
56.5 0.5931 0.0352 -18.25
57 0.5784 0.0335 -18.5
57.5 0.5642 0.0318 -18.75
58 0.5502 0.0303 -19
58.5 0.5366 0.0288 -19.25
59 0.5234 0.0274 -19.5
59.5 0.5105 0.0261 -19.75
60 0.4979 0.0248 -20
