t Vu Vc
0 0 0
0.5 0.716 6.852
1 1.426 13.051
1.5 2.128 18.661
2 2.823 23.737
2.5 3.511 28.33
3 4.193 32.486
3.5 4.868 36.246
4 5.536 39.648
4.5 6.197 42.727
5 6.852 45.513
5.5 7.5 48.033
6 8.142 50.314
6.5 8.777 52.378
7 9.406 54.245
7.5 10.029 55.935
8 10.646 57.463
8.5 11.256 58.847
9 11.861 60.098
9.5 12.459 61.231
10 13.051 62.256
10.5 13.638 63.183
11 14.219 64.022
11.5 14.794 64.781
12 15.363 65.468
12.5 15.926 66.09
13 16.484 66.652
13.5 17.037 67.161
14 17.584 67.622
14.5 18.125 68.038
15 18.661 68.415
15.5 19.192 68.756
16 19.717 69.065
16.5 20.237 69.344
17 20.753 69.597
17.5 21.262 69.826
18 21.767 70.033
18.5 22.267 70.22
19 22.762 70.389
19.5 23.252 70.543
20 23.737 70.681
20.5 24.217 70.807
21 24.693 70.92
21.5 25.163 71.023
22 25.629 71.116
22.5 26.091 71.2
23 26.548 71.276
23.5 27 71.345
24 27.448 71.407
24.5 27.891 71.464
25 28.33 71.515
25.5 28.764 71.561
26 29.195 71.603
26.5 29.62 71.641
27 30.042 71.675
27.5 30.46 71.706
28 30.873 71.734
28.5 31.282 71.759
29 31.687 71.782
29.5 32.088 71.803
30 32.486 71.822
30.5 32.879 71.839
31 33.268 71.854
31.5 33.653 71.868
32 34.035 71.88
32.5 34.413 71.892
33 34.787 71.902
33.5 35.157 71.911
34 35.524 71.92
34.5 35.887 71.927
35 36.246 71.934
35.5 36.602 71.941
36 36.954 71.946
36.5 37.303 71.951
37 37.648 71.956
37.5 37.99 71.96
38 38.328 71.964
38.5 38.663 71.967
39 38.995 71.97
39.5 39.323 71.973
40 39.648 71.976
40.5 39.97 71.978
41 40.289 71.98
41.5 40.604 71.982
42 40.917 71.984
42.5 41.226 71.985
43 41.532 71.987
43.5 41.835 71.988
44 42.136 71.989
44.5 42.433 71.99
45 42.727 71.991
45.5 43.018 71.992
46 43.307 71.993
46.5 43.592 71.993
47 43.875 71.994
47.5 44.155 71.995
48 44.432 71.995
48.5 44.706 71.996
49 44.978 71.996
49.5 45.246 71.996
50 45.513 71.997
50.5 45.776 71.997
51 46.037 71.997
51.5 46.295 71.998
52 46.551 71.998
52.5 46.804 71.998
53 47.055 71.998
53.5 47.303 71.998
54 47.549 71.999
54.5 47.792 71.999
55 48.033 71.999
55.5 48.272 71.999
56 48.508 71.999
56.5 48.742 71.999
57 48.973 71.999
57.5 49.202 71.999
58 49.429 71.999
58.5 49.654 71.999
59 49.876 71.999
59.5 50.096 72
60 50.314 72
