t fromAcid fromEster
0 0 1
1 0.0566 0.9852
2 0.107 0.9709
3 0.1522 0.957
4 0.1928 0.9437
5 0.2294 0.9307
6 0.2626 0.9182
7 0.2928 0.9062
8 0.3202 0.8947
9 0.3452 0.8835
10 0.3681 0.8729
11 0.3891 0.8626
12 0.4084 0.8528
13 0.4262 0.8434
14 0.4425 0.8344
15 0.4576 0.8258
16 0.4716 0.8176
17 0.4845 0.8097
18 0.4965 0.8023
19 0.5076 0.7951
20 0.5179 0.7883
21 0.5274 0.7818
22 0.5363 0.7757
23 0.5446 0.7698
24 0.5523 0.7643
25 0.5595 0.759
26 0.5662 0.7539
27 0.5725 0.7492
28 0.5783 0.7447
29 0.5838 0.7404
30 0.5889 0.7363
31 0.5937 0.7324
32 0.5982 0.7288
33 0.6023 0.7253
34 0.6063 0.7221
35 0.6099 0.719
36 0.6134 0.716
37 0.6166 0.7133
38 0.6196 0.7106
39 0.6224 0.7081
40 0.6251 0.7058
41 0.6276 0.7036
42 0.6299 0.7015
43 0.6321 0.6995
44 0.6342 0.6976
45 0.6361 0.6959
46 0.6379 0.6942
47 0.6396 0.6926
48 0.6412 0.6912
49 0.6427 0.6898
50 0.6442 0.6884
51 0.6455 0.6872
52 0.6467 0.686
53 0.6479 0.6849
54 0.649 0.6838
55 0.6501 0.6829
56 0.651 0.6819
57 0.652 0.681
58 0.6528 0.6802
59 0.6536 0.6794
60 0.6544 0.6787
61 0.6551 0.678
62 0.6558 0.6774
63 0.6564 0.6767
64 0.657 0.6762
65 0.6576 0.6756
66 0.6581 0.6751
67 0.6586 0.6746
68 0.6591 0.6741
69 0.6596 0.6737
70 0.66 0.6733
71 0.6604 0.6729
72 0.6607 0.6726
73 0.6611 0.6722
74 0.6614 0.6719
75 0.6617 0.6716
76 0.662 0.6713
77 0.6623 0.671
78 0.6625 0.6708
79 0.6628 0.6705
80 0.663 0.6703
81 0.6632 0.6701
82 0.6634 0.6699
83 0.6636 0.6697
84 0.6638 0.6695
85 0.664 0.6694
86 0.6641 0.6692
87 0.6643 0.6691
88 0.6644 0.6689
89 0.6645 0.6688
90 0.6647 0.6687
91 0.6648 0.6686
92 0.6649 0.6684
93 0.665 0.6683
94 0.6651 0.6682
95 0.6652 0.6682
96 0.6653 0.6681
97 0.6653 0.668
98 0.6654 0.6679
99 0.6655 0.6678
100 0.6656 0.6678
101 0.6656 0.6677
102 0.6657 0.6676
103 0.6657 0.6676
104 0.6658 0.6675
105 0.6659 0.6675
106 0.6659 0.6674
107 0.6659 0.6674
108 0.666 0.6673
109 0.666 0.6673
110 0.6661 0.6673
111 0.6661 0.6672
112 0.6661 0.6672
113 0.6662 0.6672
114 0.6662 0.6671
115 0.6662 0.6671
116 0.6662 0.6671
117 0.6663 0.6671
118 0.6663 0.667
119 0.6663 0.667
120 0.6663 0.667
121 0.6664 0.667
122 0.6664 0.667
123 0.6664 0.6669
124 0.6664 0.6669
125 0.6664 0.6669
126 0.6664 0.6669
127 0.6664 0.6669
128 0.6665 0.6669
129 0.6665 0.6669
130 0.6665 0.6668
131 0.6665 0.6668
132 0.6665 0.6668
133 0.6665 0.6668
134 0.6665 0.6668
135 0.6665 0.6668
136 0.6665 0.6668
137 0.6665 0.6668
138 0.6666 0.6668
139 0.6666 0.6668
140 0.6666 0.6668
141 0.6666 0.6668
142 0.6666 0.6668
143 0.6666 0.6668
144 0.6666 0.6667
145 0.6666 0.6667
146 0.6666 0.6667
147 0.6666 0.6667
148 0.6666 0.6667
149 0.6666 0.6667
150 0.6666 0.6667
151 0.6666 0.6667
152 0.6666 0.6667
153 0.6666 0.6667
154 0.6666 0.6667
155 0.6666 0.6667
156 0.6666 0.6667
157 0.6666 0.6667
158 0.6666 0.6667
159 0.6666 0.6667
160 0.6666 0.6667
161 0.6666 0.6667
162 0.6666 0.6667
163 0.6666 0.6667
164 0.6666 0.6667
165 0.6666 0.6667
166 0.6666 0.6667
167 0.6666 0.6667
168 0.6666 0.6667
169 0.6666 0.6667
170 0.6667 0.6667
171 0.6667 0.6667
172 0.6667 0.6667
173 0.6667 0.6667
174 0.6667 0.6667
175 0.6667 0.6667
176 0.6667 0.6667
177 0.6667 0.6667
178 0.6667 0.6667
179 0.6667 0.6667
180 0.6667 0.6667
181 0.6667 0.6667
182 0.6667 0.6667
183 0.6667 0.6667
184 0.6667 0.6667
185 0.6667 0.6667
186 0.6667 0.6667
187 0.6667 0.6667
188 0.6667 0.6667
189 0.6667 0.6667
190 0.6667 0.6667
191 0.6667 0.6667
192 0.6667 0.6667
193 0.6667 0.6667
194 0.6667 0.6667
195 0.6667 0.6667
196 0.6667 0.6667
197 0.6667 0.6667
198 0.6667 0.6667
199 0.6667 0.6667
200 0.6667 0.6667
