delta I integral
12.5 0 0
12.498 0 0
12.496 0 0
12.494 0 0
12.492 0 0
12.49 0 0
12.488 0 0
12.486 0 0
12.484 0 0
12.482 0 0
12.48 0 0
12.478 0 0
12.476 0 0
12.474 0 0
12.472 0 0
12.47 0 0
12.468 0 0
12.466 0 0
12.464 0 0
12.462 0 0
12.46 0 0
12.458 0 0
12.456 0 0
12.454 0 0
12.452 0 0
12.45 0 0
12.448 0 0
12.446 0 0
12.444 0 0
12.442 0 0
12.44 0 0
12.438 0 0
12.436 0 0
12.434 0 0
12.432 0 0
12.43 0 0
12.428 0.0001 0
12.426 0.0001 0
12.424 0.0001 0
12.422 0.0001 0
12.42 0.0001 0
12.418 0.0001 0
12.416 0.0001 0
12.414 0.0001 0
12.412 0.0001 0
12.41 0.0001 0
12.408 0.0001 0
12.406 0.0001 0
12.404 0.0001 0
12.402 0.0001 0
12.4 0.0001 0
12.398 0.0001 0
12.396 0.0001 0
12.394 0.0001 0
12.392 0.0001 0
12.39 0.0001 0
12.388 0.0001 0
12.386 0.0001 0
12.384 0.0001 0
12.382 0.0001 0
12.38 0.0001 0
12.378 0.0001 0
12.376 0.0001 0
12.374 0.0001 0
12.372 0.0001 0.001
12.37 0.0001 0.001
12.368 0.0001 0.001
12.366 0.0001 0.001
12.364 0.0001 0.001
12.362 0.0001 0.001
12.36 0.0001 0.001
12.358 0.0001 0.001
12.356 0.0001 0.001
12.354 0.0001 0.001
12.352 0.0001 0.001
12.35 0.0001 0.001
12.348 0.0001 0.001
12.346 0.0001 0.001
12.344 0.0001 0.001
12.342 0.0001 0.001
12.34 0.0001 0.001
12.338 0.0001 0.001
12.336 0.0001 0.001
12.334 0.0001 0.001
12.332 0.0001 0.001
12.33 0.0001 0.001
12.328 0.0001 0.001
12.326 0.0001 0.001
12.324 0.0001 0.001
12.322 0.0001 0.001
12.32 0.0001 0.001
12.318 0.0001 0.001
12.316 0.0001 0.001
12.314 0.0001 0.001
12.312 0.0001 0.001
12.31 0.0001 0.001
12.308 0.0001 0.001
12.306 0.0001 0.001
12.304 0.0001 0.001
12.302 0.0001 0.001
12.3 0.0001 0.001
12.298 0.0001 0.001
12.296 0.0001 0.001
12.294 0.0001 0.001
12.292 0.0001 0.001
12.29 0.0001 0.001
12.288 0.0001 0.001
12.286 0.0001 0.001
12.284 0.0001 0.001
12.282 0.0001 0.001
12.28 0.0001 0.001
12.278 0.0001 0.001
12.276 0.0001 0.001
12.274 0.0001 0.001
12.272 0.0001 0.001
12.27 0.0001 0.001
12.268 0.0001 0.001
12.266 0.0001 0.001
12.264 0.0001 0.001
12.262 0.0001 0.001
12.26 0.0001 0.001
12.258 0.0001 0.001
12.256 0.0001 0.001
12.254 0.0001 0.001
12.252 0.0001 0.001
12.25 0.0001 0.001
12.248 0.0001 0.001
12.246 0.0001 0.001
12.244 0.0001 0.001
12.242 0.0001 0.001
12.24 0.0001 0.001
12.238 0.0001 0.001
12.236 0.0001 0.001
12.234 0.0001 0.001
12.232 0.0001 0.001
12.23 0.0001 0.001
12.228 0.0001 0.001
12.226 0.0001 0.001
12.224 0.0001 0.001
12.222 0.0001 0.001
12.22 0.0001 0.001
12.218 0.0001 0.001
12.216 0.0001 0.001
12.214 0.0001 0.001
12.212 0.0001 0.002
12.21 0.0001 0.002
12.208 0.0001 0.002
12.206 0.0001 0.002
12.204 0.0001 0.002
12.202 0.0001 0.002
12.2 0.0001 0.002
12.198 0.0001 0.002
12.196 0.0001 0.002
12.194 0.0001 0.002
12.192 0.0001 0.002
12.19 0.0001 0.002
12.188 0.0001 0.002
12.186 0.0001 0.002
12.184 0.0001 0.002
12.182 0.0001 0.002
12.18 0.0001 0.002
12.178 0.0001 0.002
12.176 0.0001 0.002
12.174 0.0001 0.002
12.172 0.0001 0.002
12.17 0.0001 0.002
12.168 0.0001 0.002
12.166 0.0001 0.002
12.164 0.0001 0.002
12.162 0.0001 0.002
12.16 0.0001 0.002
12.158 0.0001 0.002
12.156 0.0001 0.002
12.154 0.0001 0.002
12.152 0.0001 0.002
12.15 0.0001 0.002
12.148 0.0001 0.002
12.146 0.0001 0.002
12.144 0.0001 0.002
12.142 0.0001 0.002
12.14 0.0001 0.002
12.138 0.0001 0.002
12.136 0.0001 0.002
12.134 0.0001 0.002
12.132 0.0001 0.002
12.13 0.0002 0.002
12.128 0.0002 0.002
12.126 0.0002 0.002
12.124 0.0002 0.002
12.122 0.0002 0.002
12.12 0.0002 0.002
12.118 0.0002 0.002
12.116 0.0002 0.002
12.114 0.0002 0.003
12.112 0.0002 0.003
12.11 0.0002 0.003
12.108 0.0002 0.003
12.106 0.0002 0.003
12.104 0.0002 0.003
12.102 0.0002 0.003
12.1 0.0002 0.003
12.098 0.0002 0.003
12.096 0.0002 0.003
12.094 0.0002 0.003
12.092 0.0002 0.003
12.09 0.0002 0.003
12.088 0.0002 0.003
12.086 0.0002 0.003
12.084 0.0002 0.003
12.082 0.0002 0.003
12.08 0.0002 0.003
12.078 0.0002 0.003
12.076 0.0002 0.003
12.074 0.0002 0.003
12.072 0.0002 0.003
12.07 0.0002 0.003
12.068 0.0002 0.003
12.066 0.0002 0.003
12.064 0.0002 0.003
12.062 0.0002 0.003
12.06 0.0002 0.003
12.058 0.0002 0.003
12.056 0.0002 0.003
12.054 0.0002 0.003
12.052 0.0002 0.003
12.05 0.0002 0.004
12.048 0.0002 0.004
12.046 0.0002 0.004
12.044 0.0002 0.004
12.042 0.0002 0.004
12.04 0.0002 0.004
12.038 0.0003 0.004
12.036 0.0003 0.004
12.034 0.0003 0.004
12.032 0.0003 0.004
12.03 0.0003 0.004
12.028 0.0003 0.004
12.026 0.0003 0.004
12.024 0.0003 0.004
12.022 0.0003 0.004
12.02 0.0003 0.004
12.018 0.0003 0.004
12.016 0.0003 0.004
12.014 0.0003 0.004
12.012 0.0003 0.004
12.01 0.0003 0.004
12.008 0.0003 0.004
12.006 0.0003 0.004
12.004 0.0003 0.005
12.002 0.0003 0.005
12 0.0003 0.005
11.998 0.0003 0.005
11.996 0.0003 0.005
11.994 0.0003 0.005
11.992 0.0003 0.005
11.99 0.0004 0.005
11.988 0.0004 0.005
11.986 0.0004 0.005
11.984 0.0004 0.005
11.982 0.0004 0.005
11.98 0.0004 0.005
11.978 0.0004 0.005
11.976 0.0004 0.005
11.974 0.0004 0.005
11.972 0.0004 0.005
11.97 0.0004 0.006
11.968 0.0004 0.006
11.966 0.0004 0.006
11.964 0.0004 0.006
11.962 0.0004 0.006
11.96 0.0005 0.006
11.958 0.0005 0.006
11.956 0.0005 0.006
11.954 0.0005 0.006
11.952 0.0005 0.006
11.95 0.0005 0.006
11.948 0.0005 0.006
11.946 0.0005 0.006
11.944 0.0005 0.006
11.942 0.0005 0.007
11.94 0.0005 0.007
11.938 0.0006 0.007
11.936 0.0006 0.007
11.934 0.0006 0.007
11.932 0.0006 0.007
11.93 0.0006 0.007
11.928 0.0006 0.007
11.926 0.0006 0.007
11.924 0.0006 0.007
11.922 0.0006 0.008
11.92 0.0007 0.008
11.918 0.0007 0.008
11.916 0.0007 0.008
11.914 0.0007 0.008
11.912 0.0007 0.008
11.91 0.0007 0.008
11.908 0.0008 0.008
11.906 0.0008 0.008
11.904 0.0008 0.009
11.902 0.0008 0.009
11.9 0.0008 0.009
11.898 0.0008 0.009
11.896 0.0009 0.009
11.894 0.0009 0.009
11.892 0.0009 0.009
11.89 0.0009 0.01
11.888 0.001 0.01
11.886 0.001 0.01
11.884 0.001 0.01
11.882 0.001 0.01
11.88 0.0011 0.01
11.878 0.0011 0.01
11.876 0.0011 0.011
11.874 0.0011 0.011
11.872 0.0012 0.011
11.87 0.0012 0.011
11.868 0.0013 0.011
11.866 0.0013 0.012
11.864 0.0013 0.012
11.862 0.0014 0.012
11.86 0.0014 0.012
11.858 0.0015 0.012
11.856 0.0015 0.013
11.854 0.0015 0.013
11.852 0.0016 0.013
11.85 0.0017 0.013
11.848 0.0017 0.014
11.846 0.0018 0.014
11.844 0.0018 0.014
11.842 0.0019 0.015
11.84 0.002 0.015
11.838 0.002 0.015
11.836 0.0021 0.016
11.834 0.0022 0.016
11.832 0.0023 0.016
11.83 0.0024 0.017
11.828 0.0025 0.017
11.826 0.0026 0.017
11.824 0.0027 0.018
11.822 0.0028 0.018
11.82 0.0029 0.019
11.818 0.0031 0.019
11.816 0.0032 0.02
11.814 0.0034 0.02
11.812 0.0035 0.021
11.81 0.0037 0.021
11.808 0.0039 0.022
11.806 0.0041 0.023
11.804 0.0043 0.023
11.802 0.0046 0.024
11.8 0.0048 0.025
11.798 0.0051 0.026
11.796 0.0054 0.026
11.794 0.0058 0.027
11.792 0.0062 0.028
11.79 0.0066 0.029
11.788 0.007 0.03
11.786 0.0075 0.032
11.784 0.0081 0.033
11.782 0.0087 0.034
11.78 0.0094 0.036
11.778 0.0102 0.037
11.776 0.0111 0.039
11.774 0.0121 0.041
11.772 0.0133 0.043
11.77 0.0146 0.045
11.768 0.0161 0.047
11.766 0.0179 0.05
11.764 0.02 0.053
11.762 0.0225 0.057
11.76 0.0255 0.06
11.758 0.0291 0.065
11.756 0.0335 0.07
11.754 0.039 0.076
11.752 0.0459 0.082
11.75 0.0547 0.09
11.748 0.0663 0.1
11.746 0.0817 0.112
11.744 0.1028 0.127
11.742 0.1325 0.146
11.74 0.1754 0.17
11.738 0.2386 0.203
11.736 0.3314 0.249
11.734 0.4588 0.312
11.732 0.5965 0.397
11.73 0.6627 0.498
11.728 0.5965 0.598
11.726 0.4588 0.683
11.724 0.3314 0.746
11.722 0.2386 0.792
11.72 0.1754 0.825
11.718 0.1325 0.85
11.716 0.1028 0.868
11.714 0.0817 0.883
11.712 0.0663 0.895
11.71 0.0547 0.905
11.708 0.0459 0.913
11.706 0.039 0.92
11.704 0.0335 0.925
11.702 0.0291 0.93
11.7 0.0255 0.935
11.698 0.0225 0.939
11.696 0.02 0.942
11.694 0.0179 0.945
11.692 0.0161 0.948
11.69 0.0146 0.95
11.688 0.0133 0.952
11.686 0.0121 0.954
11.684 0.0111 0.956
11.682 0.0102 0.958
11.68 0.0094 0.96
11.678 0.0087 0.961
11.676 0.0081 0.962
11.674 0.0075 0.964
11.672 0.007 0.965
11.67 0.0066 0.966
11.668 0.0062 0.967
11.666 0.0058 0.968
11.664 0.0054 0.969
11.662 0.0051 0.97
11.66 0.0048 0.97
11.658 0.0046 0.971
11.656 0.0043 0.972
11.654 0.0041 0.973
11.652 0.0039 0.973
11.65 0.0037 0.974
11.648 0.0035 0.974
11.646 0.0034 0.975
11.644 0.0032 0.975
11.642 0.0031 0.976
11.64 0.0029 0.976
11.638 0.0028 0.977
11.636 0.0027 0.977
11.634 0.0026 0.978
11.632 0.0025 0.978
11.63 0.0024 0.979
11.628 0.0023 0.979
11.626 0.0022 0.979
11.624 0.0021 0.98
11.622 0.002 0.98
11.62 0.002 0.98
11.618 0.0019 0.981
11.616 0.0018 0.981
11.614 0.0018 0.981
11.612 0.0017 0.981
11.61 0.0017 0.982
11.608 0.0016 0.982
11.606 0.0015 0.982
11.604 0.0015 0.982
11.602 0.0015 0.983
11.6 0.0014 0.983
11.598 0.0014 0.983
11.596 0.0013 0.983
11.594 0.0013 0.984
11.592 0.0013 0.984
11.59 0.0012 0.984
11.588 0.0012 0.984
11.586 0.0011 0.984
11.584 0.0011 0.985
11.582 0.0011 0.985
11.58 0.0011 0.985
11.578 0.001 0.985
11.576 0.001 0.985
11.574 0.001 0.985
11.572 0.001 0.986
11.57 0.0009 0.986
11.568 0.0009 0.986
11.566 0.0009 0.986
11.564 0.0009 0.986
11.562 0.0008 0.986
11.56 0.0008 0.986
11.558 0.0008 0.987
11.556 0.0008 0.987
11.554 0.0008 0.987
11.552 0.0008 0.987
11.55 0.0007 0.987
11.548 0.0007 0.987
11.546 0.0007 0.987
11.544 0.0007 0.987
11.542 0.0007 0.987
11.54 0.0007 0.988
11.538 0.0006 0.988
11.536 0.0006 0.988
11.534 0.0006 0.988
11.532 0.0006 0.988
11.53 0.0006 0.988
11.528 0.0006 0.988
11.526 0.0006 0.988
11.524 0.0006 0.988
11.522 0.0006 0.988
11.52 0.0005 0.989
11.518 0.0005 0.989
11.516 0.0005 0.989
11.514 0.0005 0.989
11.512 0.0005 0.989
11.51 0.0005 0.989
11.508 0.0005 0.989
11.506 0.0005 0.989
11.504 0.0005 0.989
11.502 0.0005 0.989
11.5 0.0005 0.989
11.498 0.0004 0.989
11.496 0.0004 0.989
11.494 0.0004 0.99
11.492 0.0004 0.99
11.49 0.0004 0.99
11.488 0.0004 0.99
11.486 0.0004 0.99
11.484 0.0004 0.99
11.482 0.0004 0.99
11.48 0.0004 0.99
11.478 0.0004 0.99
11.476 0.0004 0.99
11.474 0.0004 0.99
11.472 0.0004 0.99
11.47 0.0004 0.99
11.468 0.0003 0.99
11.466 0.0003 0.99
11.464 0.0003 0.99
11.462 0.0003 0.99
11.46 0.0003 0.991
11.458 0.0003 0.991
11.456 0.0003 0.991
11.454 0.0003 0.991
11.452 0.0003 0.991
11.45 0.0003 0.991
11.448 0.0003 0.991
11.446 0.0003 0.991
11.444 0.0003 0.991
11.442 0.0003 0.991
11.44 0.0003 0.991
11.438 0.0003 0.991
11.436 0.0003 0.991
11.434 0.0003 0.991
11.432 0.0003 0.991
11.43 0.0003 0.991
11.428 0.0003 0.991
11.426 0.0003 0.991
11.424 0.0003 0.991
11.422 0.0003 0.991
11.42 0.0002 0.991
11.418 0.0002 0.991
11.416 0.0002 0.992
11.414 0.0002 0.992
11.412 0.0002 0.992
11.41 0.0002 0.992
11.408 0.0002 0.992
11.406 0.0002 0.992
11.404 0.0002 0.992
11.402 0.0002 0.992
11.4 0.0002 0.992
11.398 0.0002 0.992
11.396 0.0002 0.992
11.394 0.0002 0.992
11.392 0.0002 0.992
11.39 0.0002 0.992
11.388 0.0002 0.992
11.386 0.0002 0.992
11.384 0.0002 0.992
11.382 0.0002 0.992
11.38 0.0002 0.992
11.378 0.0002 0.992
11.376 0.0002 0.992
11.374 0.0002 0.992
11.372 0.0002 0.992
11.37 0.0002 0.992
11.368 0.0002 0.992
11.366 0.0002 0.992
11.364 0.0002 0.992
11.362 0.0002 0.992
11.36 0.0002 0.992
11.358 0.0002 0.992
11.356 0.0002 0.993
11.354 0.0002 0.993
11.352 0.0002 0.993
11.35 0.0002 0.993
11.348 0.0002 0.993
11.346 0.0002 0.993
11.344 0.0002 0.993
11.342 0.0002 0.993
11.34 0.0002 0.993
11.338 0.0002 0.993
11.336 0.0002 0.993
11.334 0.0002 0.993
11.332 0.0002 0.993
11.33 0.0002 0.993
11.328 0.0001 0.993
11.326 0.0001 0.993
11.324 0.0001 0.993
11.322 0.0001 0.993
11.32 0.0001 0.993
11.318 0.0001 0.993
11.316 0.0001 0.993
11.314 0.0001 0.993
11.312 0.0001 0.993
11.31 0.0001 0.993
11.308 0.0001 0.993
11.306 0.0001 0.993
11.304 0.0001 0.993
11.302 0.0001 0.993
11.3 0.0001 0.993
11.298 0.0001 0.993
11.296 0.0001 0.993
11.294 0.0001 0.993
11.292 0.0001 0.993
11.29 0.0001 0.993
11.288 0.0001 0.993
11.286 0.0001 0.993
11.284 0.0001 0.993
11.282 0.0001 0.993
11.28 0.0001 0.993
11.278 0.0001 0.993
11.276 0.0001 0.993
11.274 0.0001 0.993
11.272 0.0001 0.993
11.27 0.0001 0.993
11.268 0.0001 0.994
11.266 0.0001 0.994
11.264 0.0001 0.994
11.262 0.0001 0.994
11.26 0.0001 0.994
11.258 0.0001 0.994
11.256 0.0001 0.994
11.254 0.0001 0.994
11.252 0.0001 0.994
11.25 0.0001 0.994
11.248 0.0001 0.994
11.246 0.0001 0.994
11.244 0.0001 0.994
11.242 0.0001 0.994
11.24 0.0001 0.994
11.238 0.0001 0.994
11.236 0.0001 0.994
11.234 0.0001 0.994
11.232 0.0001 0.994
11.23 0.0001 0.994
11.228 0.0001 0.994
11.226 0.0001 0.994
11.224 0.0001 0.994
11.222 0.0001 0.994
11.22 0.0001 0.994
11.218 0.0001 0.994
11.216 0.0001 0.994
11.214 0.0001 0.994
11.212 0.0001 0.994
11.21 0.0001 0.994
11.208 0.0001 0.994
11.206 0.0001 0.994
11.204 0.0001 0.994
11.202 0.0001 0.994
11.2 0.0001 0.994
11.198 0.0001 0.994
11.196 0.0001 0.994
11.194 0.0001 0.994
11.192 0.0001 0.994
11.19 0.0001 0.994
11.188 0.0001 0.994
11.186 0.0001 0.994
11.184 0.0001 0.994
11.182 0.0001 0.994
11.18 0.0001 0.994
11.178 0.0001 0.994
11.176 0.0001 0.994
11.174 0.0001 0.994
11.172 0.0001 0.994
11.17 0.0001 0.994
11.168 0.0001 0.994
11.166 0.0001 0.994
11.164 0.0001 0.994
11.162 0.0001 0.994
11.16 0.0001 0.994
11.158 0.0001 0.994
11.156 0.0001 0.994
11.154 0.0001 0.994
11.152 0.0001 0.994
11.15 0.0001 0.994
11.148 0.0001 0.994
11.146 0.0001 0.994
11.144 0.0001 0.994
11.142 0.0001 0.994
11.14 0.0001 0.994
11.138 0.0001 0.994
11.136 0.0001 0.994
11.134 0.0001 0.994
11.132 0.0001 0.994
11.13 0.0001 0.994
11.128 0.0001 0.994
11.126 0.0001 0.994
11.124 0.0001 0.994
11.122 0.0001 0.995
11.12 0.0001 0.995
11.118 0.0001 0.995
11.116 0.0001 0.995
11.114 0.0001 0.995
11.112 0.0001 0.995
11.11 0.0001 0.995
11.108 0.0001 0.995
11.106 0.0001 0.995
11.104 0.0001 0.995
11.102 0.0001 0.995
11.1 0.0001 0.995
11.098 0.0001 0.995
11.096 0.0001 0.995
11.094 0.0001 0.995
11.092 0.0001 0.995
11.09 0.0001 0.995
11.088 0.0001 0.995
11.086 0.0001 0.995
11.084 0.0001 0.995
11.082 0.0001 0.995
11.08 0.0001 0.995
11.078 0.0001 0.995
11.076 0.0001 0.995
11.074 0.0001 0.995
11.072 0.0001 0.995
11.07 0.0001 0.995
11.068 0.0001 0.995
11.066 0.0001 0.995
11.064 0.0001 0.995
11.062 0.0001 0.995
11.06 0.0001 0.995
11.058 0.0001 0.995
11.056 0.0001 0.995
11.054 0.0001 0.995
11.052 0.0001 0.995
11.05 0.0001 0.995
11.048 0.0001 0.995
11.046 0.0001 0.995
11.044 0.0001 0.995
11.042 0.0001 0.995
11.04 0.0001 0.995
11.038 0.0001 0.995
11.036 0.0001 0.995
11.034 0.0001 0.995
11.032 0.0001 0.995
11.03 0.0001 0.995
11.028 0 0.995
11.026 0 0.995
11.024 0 0.995
11.022 0 0.995
11.02 0 0.995
11.018 0 0.995
11.016 0 0.995
11.014 0 0.995
11.012 0 0.995
11.01 0 0.995
11.008 0 0.995
11.006 0 0.995
11.004 0 0.995
11.002 0 0.995
11 0 0.995
10.998 0 0.995
10.996 0 0.995
10.994 0 0.995
10.992 0 0.995
10.99 0 0.995
10.988 0 0.995
10.986 0 0.995
10.984 0 0.995
10.982 0 0.995
10.98 0 0.995
10.978 0 0.995
10.976 0 0.995
10.974 0 0.995
10.972 0 0.995
10.97 0 0.995
10.968 0 0.995
10.966 0 0.995
10.964 0 0.995
10.962 0 0.995
10.96 0 0.995
10.958 0 0.995
10.956 0 0.995
10.954 0 0.995
10.952 0 0.995
10.95 0 0.995
10.948 0 0.995
10.946 0 0.995
10.944 0 0.995
10.942 0 0.995
10.94 0 0.995
10.938 0 0.995
10.936 0 0.995
10.934 0 0.995
10.932 0 0.995
10.93 0 0.995
10.928 0 0.995
10.926 0 0.995
10.924 0 0.995
10.922 0 0.995
10.92 0 0.995
10.918 0 0.995
10.916 0 0.995
10.914 0 0.995
10.912 0 0.995
10.91 0 0.995
10.908 0 0.995
10.906 0 0.995
10.904 0 0.995
10.902 0 0.995
10.9 0 0.995
10.898 0 0.995
10.896 0 0.995
10.894 0 0.995
10.892 0 0.995
10.89 0 0.995
10.888 0 0.995
10.886 0 0.995
10.884 0 0.995
10.882 0 0.995
10.88 0 0.995
10.878 0 0.995
10.876 0 0.995
10.874 0 0.995
10.872 0 0.995
10.87 0 0.995
10.868 0 0.995
10.866 0 0.995
10.864 0 0.995
10.862 0 0.995
10.86 0 0.995
10.858 0 0.995
10.856 0 0.995
10.854 0 0.995
10.852 0 0.996
10.85 0 0.996
10.848 0 0.996
10.846 0 0.996
10.844 0 0.996
10.842 0 0.996
10.84 0 0.996
10.838 0 0.996
10.836 0 0.996
10.834 0 0.996
10.832 0 0.996
10.83 0 0.996
10.828 0 0.996
10.826 0 0.996
10.824 0 0.996
10.822 0 0.996
10.82 0 0.996
10.818 0 0.996
10.816 0 0.996
10.814 0 0.996
10.812 0 0.996
10.81 0 0.996
10.808 0 0.996
10.806 0 0.996
10.804 0 0.996
10.802 0 0.996
10.8 0 0.996
10.798 0 0.996
10.796 0 0.996
10.794 0 0.996
10.792 0 0.996
10.79 0 0.996
10.788 0 0.996
10.786 0 0.996
10.784 0 0.996
10.782 0 0.996
10.78 0 0.996
10.778 0 0.996
10.776 0 0.996
10.774 0 0.996
10.772 0 0.996
10.77 0 0.996
10.768 0 0.996
10.766 0 0.996
10.764 0 0.996
10.762 0 0.996
10.76 0 0.996
10.758 0 0.996
10.756 0 0.996
10.754 0 0.996
10.752 0 0.996
10.75 0 0.996
10.748 0 0.996
10.746 0 0.996
10.744 0 0.996
10.742 0 0.996
10.74 0 0.996
10.738 0 0.996
10.736 0 0.996
10.734 0 0.996
10.732 0 0.996
10.73 0 0.996
10.728 0 0.996
10.726 0 0.996
10.724 0 0.996
10.722 0 0.996
10.72 0 0.996
10.718 0 0.996
10.716 0 0.996
10.714 0 0.996
10.712 0 0.996
10.71 0 0.996
10.708 0 0.996
10.706 0 0.996
10.704 0 0.996
10.702 0 0.996
10.7 0 0.996
10.698 0 0.996
10.696 0 0.996
10.694 0 0.996
10.692 0 0.996
10.69 0 0.996
10.688 0 0.996
10.686 0 0.996
10.684 0 0.996
10.682 0 0.996
10.68 0 0.996
10.678 0 0.996
10.676 0 0.996
10.674 0 0.996
10.672 0 0.996
10.67 0 0.996
10.668 0 0.996
10.666 0 0.996
10.664 0 0.996
10.662 0 0.996
10.66 0 0.996
10.658 0 0.996
10.656 0 0.996
10.654 0 0.996
10.652 0 0.996
10.65 0 0.996
10.648 0 0.996
10.646 0 0.996
10.644 0 0.996
10.642 0 0.996
10.64 0 0.996
10.638 0 0.996
10.636 0 0.996
10.634 0 0.996
10.632 0 0.996
10.63 0 0.996
10.628 0 0.996
10.626 0 0.996
10.624 0 0.996
10.622 0 0.996
10.62 0 0.996
10.618 0 0.996
10.616 0 0.996
10.614 0 0.996
10.612 0 0.996
10.61 0 0.996
10.608 0 0.996
10.606 0 0.996
10.604 0 0.996
10.602 0 0.996
10.6 0 0.996
10.598 0 0.996
10.596 0 0.996
10.594 0 0.996
10.592 0 0.996
10.59 0 0.996
10.588 0 0.996
10.586 0 0.996
10.584 0 0.996
10.582 0 0.996
10.58 0 0.996
10.578 0 0.996
10.576 0 0.996
10.574 0 0.996
10.572 0 0.996
10.57 0 0.996
10.568 0 0.996
10.566 0 0.996
10.564 0 0.996
10.562 0 0.996
10.56 0 0.996
10.558 0 0.996
10.556 0 0.996
10.554 0 0.996
10.552 0 0.996
10.55 0 0.996
10.548 0 0.996
10.546 0 0.996
10.544 0 0.996
10.542 0 0.996
10.54 0 0.996
10.538 0 0.996
10.536 0 0.996
10.534 0 0.996
10.532 0 0.996
10.53 0 0.996
10.528 0 0.996
10.526 0 0.996
10.524 0 0.996
10.522 0 0.996
10.52 0 0.996
10.518 0 0.996
10.516 0 0.996
10.514 0 0.996
10.512 0 0.996
10.51 0 0.996
10.508 0 0.996
10.506 0 0.996
10.504 0 0.996
10.502 0 0.996
10.5 0 0.996
10.498 0 0.996
10.496 0 0.996
10.494 0 0.996
10.492 0 0.996
10.49 0 0.996
10.488 0 0.996
10.486 0 0.996
10.484 0 0.996
10.482 0 0.996
10.48 0 0.996
10.478 0 0.996
10.476 0 0.996
10.474 0 0.996
10.472 0 0.996
10.47 0 0.996
10.468 0 0.996
10.466 0 0.996
10.464 0 0.996
10.462 0 0.996
10.46 0 0.996
10.458 0 0.996
10.456 0 0.996
10.454 0 0.996
10.452 0 0.996
10.45 0 0.996
10.448 0 0.996
10.446 0 0.996
10.444 0 0.996
10.442 0 0.996
10.44 0 0.996
10.438 0 0.996
10.436 0 0.996
10.434 0 0.996
10.432 0 0.996
10.43 0 0.996
10.428 0 0.996
10.426 0 0.996
10.424 0 0.996
10.422 0 0.996
10.42 0 0.996
10.418 0 0.996
10.416 0 0.996
10.414 0 0.996
10.412 0 0.996
10.41 0 0.996
10.408 0 0.996
10.406 0 0.996
10.404 0 0.996
10.402 0 0.996
10.4 0 0.996
10.398 0 0.996
10.396 0 0.996
10.394 0 0.996
10.392 0 0.996
10.39 0 0.996
10.388 0 0.996
10.386 0 0.996
10.384 0 0.996
10.382 0 0.996
10.38 0 0.996
10.378 0 0.996
10.376 0 0.996
10.374 0 0.996
10.372 0 0.996
10.37 0 0.996
10.368 0 0.996
10.366 0 0.996
10.364 0 0.996
10.362 0 0.996
10.36 0 0.996
10.358 0 0.996
10.356 0 0.996
10.354 0 0.996
10.352 0 0.996
10.35 0 0.996
10.348 0 0.996
10.346 0 0.996
10.344 0 0.996
10.342 0 0.996
10.34 0 0.996
10.338 0 0.996
10.336 0 0.996
10.334 0 0.996
10.332 0 0.996
10.33 0 0.996
10.328 0 0.996
10.326 0 0.996
10.324 0 0.996
10.322 0 0.996
10.32 0 0.996
10.318 0 0.996
10.316 0 0.996
10.314 0 0.996
10.312 0 0.996
10.31 0 0.996
10.308 0 0.996
10.306 0 0.996
10.304 0 0.996
10.302 0 0.996
10.3 0 0.996
10.298 0 0.996
10.296 0 0.996
10.294 0 0.996
10.292 0 0.996
10.29 0 0.996
10.288 0 0.996
10.286 0 0.996
10.284 0 0.996
10.282 0 0.996
10.28 0 0.996
10.278 0 0.996
10.276 0 0.996
10.274 0 0.996
10.272 0 0.996
10.27 0 0.996
10.268 0 0.996
10.266 0 0.996
10.264 0 0.996
10.262 0 0.996
10.26 0 0.996
10.258 0 0.996
10.256 0 0.996
10.254 0 0.996
10.252 0 0.996
10.25 0 0.996
10.248 0 0.996
10.246 0 0.996
10.244 0 0.996
10.242 0 0.996
10.24 0 0.996
10.238 0 0.996
10.236 0 0.996
10.234 0 0.996
10.232 0 0.996
10.23 0 0.996
10.228 0 0.996
10.226 0 0.996
10.224 0 0.996
10.222 0 0.996
10.22 0 0.996
10.218 0 0.996
10.216 0 0.996
10.214 0 0.996
10.212 0 0.996
10.21 0 0.997
10.208 0 0.997
10.206 0 0.997
10.204 0 0.997
10.202 0 0.997
10.2 0 0.997
10.198 0 0.997
10.196 0 0.997
10.194 0 0.997
10.192 0 0.997
10.19 0 0.997
10.188 0 0.997
10.186 0 0.997
10.184 0 0.997
10.182 0 0.997
10.18 0 0.997
10.178 0 0.997
10.176 0 0.997
10.174 0 0.997
10.172 0 0.997
10.17 0 0.997
10.168 0 0.997
10.166 0 0.997
10.164 0 0.997
10.162 0 0.997
10.16 0 0.997
10.158 0 0.997
10.156 0 0.997
10.154 0 0.997
10.152 0 0.997
10.15 0 0.997
10.148 0 0.997
10.146 0 0.997
10.144 0 0.997
10.142 0 0.997
10.14 0 0.997
10.138 0 0.997
10.136 0 0.997
10.134 0 0.997
10.132 0 0.997
10.13 0 0.997
10.128 0 0.997
10.126 0 0.997
10.124 0 0.997
10.122 0 0.997
10.12 0 0.997
10.118 0 0.997
10.116 0 0.997
10.114 0 0.997
10.112 0 0.997
10.11 0 0.997
10.108 0 0.997
10.106 0 0.997
10.104 0 0.997
10.102 0 0.997
10.1 0 0.997
10.098 0 0.997
10.096 0 0.997
10.094 0 0.997
10.092 0 0.997
10.09 0 0.997
10.088 0 0.997
10.086 0 0.997
10.084 0 0.997
10.082 0 0.997
10.08 0 0.997
10.078 0 0.997
10.076 0 0.997
10.074 0 0.997
10.072 0 0.997
10.07 0 0.997
10.068 0 0.997
10.066 0 0.997
10.064 0 0.997
10.062 0 0.997
10.06 0 0.997
10.058 0 0.997
10.056 0 0.997
10.054 0 0.997
10.052 0 0.997
10.05 0 0.997
10.048 0 0.997
10.046 0 0.997
10.044 0 0.997
10.042 0 0.997
10.04 0 0.997
10.038 0 0.997
10.036 0 0.997
10.034 0 0.997
10.032 0 0.997
10.03 0 0.997
10.028 0 0.997
10.026 0 0.997
10.024 0 0.997
10.022 0 0.997
10.02 0 0.997
10.018 0 0.997
10.016 0 0.997
10.014 0 0.997
10.012 0 0.997
10.01 0 0.997
10.008 0 0.997
10.006 0 0.997
10.004 0 0.997
10.002 0 0.997
10 0 0.997
9.998 0 0.997
9.996 0 0.997
9.994 0 0.997
9.992 0 0.997
9.99 0 0.997
9.988 0 0.997
9.986 0 0.997
9.984 0 0.997
9.982 0 0.997
9.98 0 0.997
9.978 0 0.997
9.976 0 0.997
9.974 0 0.997
9.972 0 0.997
9.97 0 0.997
9.968 0 0.997
9.966 0 0.997
9.964 0 0.997
9.962 0 0.997
9.96 0 0.997
9.958 0 0.997
9.956 0 0.997
9.954 0 0.997
9.952 0 0.997
9.95 0 0.997
9.948 0 0.997
9.946 0 0.997
9.944 0 0.997
9.942 0 0.997
9.94 0 0.997
9.938 0 0.997
9.936 0 0.997
9.934 0 0.997
9.932 0 0.997
9.93 0 0.997
9.928 0 0.997
9.926 0 0.997
9.924 0 0.997
9.922 0 0.997
9.92 0 0.997
9.918 0 0.997
9.916 0 0.997
9.914 0 0.997
9.912 0 0.997
9.91 0 0.997
9.908 0 0.997
9.906 0 0.997
9.904 0 0.997
9.902 0 0.997
9.9 0 0.997
9.898 0 0.997
9.896 0 0.997
9.894 0 0.997
9.892 0 0.997
9.89 0 0.997
9.888 0 0.997
9.886 0 0.997
9.884 0 0.997
9.882 0 0.997
9.88 0 0.997
9.878 0 0.997
9.876 0 0.997
9.874 0 0.997
9.872 0 0.997
9.87 0 0.997
9.868 0 0.997
9.866 0 0.997
9.864 0 0.997
9.862 0 0.997
9.86 0 0.997
9.858 0 0.997
9.856 0 0.997
9.854 0 0.997
9.852 0 0.997
9.85 0 0.997
9.848 0 0.997
9.846 0 0.997
9.844 0 0.997
9.842 0 0.997
9.84 0 0.997
9.838 0 0.997
9.836 0 0.997
9.834 0 0.997
9.832 0 0.997
9.83 0 0.997
9.828 0 0.997
9.826 0 0.997
9.824 0 0.997
9.822 0 0.997
9.82 0 0.997
9.818 0 0.997
9.816 0 0.997
9.814 0 0.997
9.812 0 0.997
9.81 0 0.997
9.808 0 0.997
9.806 0 0.997
9.804 0 0.997
9.802 0 0.997
9.8 0 0.997
9.798 0 0.997
9.796 0 0.997
9.794 0 0.997
9.792 0 0.997
9.79 0 0.997
9.788 0 0.997
9.786 0 0.997
9.784 0 0.997
9.782 0 0.997
9.78 0 0.997
9.778 0 0.997
9.776 0 0.997
9.774 0 0.997
9.772 0 0.997
9.77 0 0.997
9.768 0 0.997
9.766 0 0.997
9.764 0 0.997
9.762 0 0.997
9.76 0 0.997
9.758 0 0.997
9.756 0 0.997
9.754 0 0.997
9.752 0 0.997
9.75 0 0.997
9.748 0 0.997
9.746 0 0.997
9.744 0 0.997
9.742 0 0.997
9.74 0 0.997
9.738 0 0.997
9.736 0 0.997
9.734 0 0.997
9.732 0 0.997
9.73 0 0.997
9.728 0 0.997
9.726 0 0.997
9.724 0 0.997
9.722 0 0.997
9.72 0 0.997
9.718 0 0.997
9.716 0 0.997
9.714 0 0.997
9.712 0 0.997
9.71 0 0.997
9.708 0 0.997
9.706 0 0.997
9.704 0 0.997
9.702 0 0.997
9.7 0 0.997
9.698 0 0.997
9.696 0 0.997
9.694 0 0.997
9.692 0 0.997
9.69 0 0.997
9.688 0 0.997
9.686 0 0.997
9.684 0 0.997
9.682 0 0.997
9.68 0 0.997
9.678 0 0.997
9.676 0 0.997
9.674 0 0.997
9.672 0 0.997
9.67 0 0.997
9.668 0 0.997
9.666 0 0.997
9.664 0 0.997
9.662 0 0.997
9.66 0 0.997
9.658 0 0.997
9.656 0 0.997
9.654 0 0.997
9.652 0 0.997
9.65 0 0.997
9.648 0 0.997
9.646 0 0.997
9.644 0 0.997
9.642 0 0.997
9.64 0 0.997
9.638 0 0.997
9.636 0 0.997
9.634 0 0.997
9.632 0 0.997
9.63 0 0.997
9.628 0 0.997
9.626 0 0.997
9.624 0 0.997
9.622 0 0.997
9.62 0 0.997
9.618 0 0.997
9.616 0 0.997
9.614 0 0.997
9.612 0 0.997
9.61 0 0.997
9.608 0 0.997
9.606 0 0.997
9.604 0 0.997
9.602 0 0.997
9.6 0 0.997
9.598 0 0.997
9.596 0 0.997
9.594 0 0.997
9.592 0 0.997
9.59 0 0.997
9.588 0 0.997
9.586 0 0.997
9.584 0 0.997
9.582 0 0.997
9.58 0 0.997
9.578 0 0.997
9.576 0 0.997
9.574 0 0.997
9.572 0 0.997
9.57 0 0.997
9.568 0 0.997
9.566 0 0.997
9.564 0 0.997
9.562 0 0.997
9.56 0 0.997
9.558 0 0.997
9.556 0 0.997
9.554 0 0.997
9.552 0 0.997
9.55 0 0.997
9.548 0 0.997
9.546 0 0.997
9.544 0 0.997
9.542 0 0.997
9.54 0 0.997
9.538 0 0.997
9.536 0 0.997
9.534 0 0.997
9.532 0 0.997
9.53 0 0.997
9.528 0 0.997
9.526 0 0.997
9.524 0 0.997
9.522 0 0.997
9.52 0 0.997
9.518 0 0.997
9.516 0 0.997
9.514 0 0.997
9.512 0 0.997
9.51 0 0.997
9.508 0 0.997
9.506 0 0.997
9.504 0 0.997
9.502 0 0.997
9.5 0 0.997
9.498 0 0.997
9.496 0 0.997
9.494 0 0.997
9.492 0 0.997
9.49 0 0.997
9.488 0 0.997
9.486 0 0.997
9.484 0 0.997
9.482 0 0.997
9.48 0 0.997
9.478 0 0.997
9.476 0 0.997
9.474 0 0.997
9.472 0 0.997
9.47 0 0.997
9.468 0 0.997
9.466 0 0.997
9.464 0 0.997
9.462 0 0.997
9.46 0 0.997
9.458 0 0.997
9.456 0 0.997
9.454 0 0.997
9.452 0 0.997
9.45 0 0.997
9.448 0 0.997
9.446 0 0.997
9.444 0 0.997
9.442 0 0.997
9.44 0 0.997
9.438 0 0.997
9.436 0 0.997
9.434 0 0.997
9.432 0 0.997
9.43 0 0.997
9.428 0 0.997
9.426 0 0.997
9.424 0 0.997
9.422 0 0.997
9.42 0 0.997
9.418 0 0.997
9.416 0 0.997
9.414 0 0.997
9.412 0 0.997
9.41 0 0.997
9.408 0 0.997
9.406 0 0.997
9.404 0 0.997
9.402 0 0.997
9.4 0 0.997
9.398 0 0.997
9.396 0 0.997
9.394 0 0.997
9.392 0 0.997
9.39 0 0.997
9.388 0 0.997
9.386 0 0.997
9.384 0 0.997
9.382 0 0.997
9.38 0 0.997
9.378 0 0.997
9.376 0 0.997
9.374 0 0.997
9.372 0 0.997
9.37 0 0.997
9.368 0 0.997
9.366 0 0.997
9.364 0 0.997
9.362 0 0.997
9.36 0 0.997
9.358 0 0.997
9.356 0 0.997
9.354 0 0.997
9.352 0 0.997
9.35 0 0.997
9.348 0 0.997
9.346 0 0.997
9.344 0 0.997
9.342 0 0.997
9.34 0 0.997
9.338 0 0.997
9.336 0 0.997
9.334 0 0.997
9.332 0 0.997
9.33 0 0.997
9.328 0 0.997
9.326 0 0.997
9.324 0 0.997
9.322 0 0.997
9.32 0 0.997
9.318 0 0.997
9.316 0 0.997
9.314 0 0.997
9.312 0 0.997
9.31 0 0.997
9.308 0 0.997
9.306 0 0.997
9.304 0 0.997
9.302 0 0.997
9.3 0 0.997
9.298 0 0.997
9.296 0 0.997
9.294 0 0.997
9.292 0 0.997
9.29 0 0.997
9.288 0 0.997
9.286 0 0.997
9.284 0 0.997
9.282 0 0.997
9.28 0 0.997
9.278 0 0.997
9.276 0 0.997
9.274 0 0.997
9.272 0 0.997
9.27 0 0.997
9.268 0 0.997
9.266 0 0.997
9.264 0 0.997
9.262 0 0.997
9.26 0 0.997
9.258 0 0.997
9.256 0 0.997
9.254 0 0.997
9.252 0 0.997
9.25 0 0.997
9.248 0 0.997
9.246 0 0.997
9.244 0 0.997
9.242 0 0.997
9.24 0 0.997
9.238 0 0.997
9.236 0 0.997
9.234 0 0.997
9.232 0 0.997
9.23 0 0.997
9.228 0 0.997
9.226 0 0.997
9.224 0 0.997
9.222 0 0.997
9.22 0 0.997
9.218 0 0.997
9.216 0 0.997
9.214 0 0.997
9.212 0 0.997
9.21 0 0.997
9.208 0 0.997
9.206 0 0.997
9.204 0 0.997
9.202 0 0.997
9.2 0 0.997
9.198 0 0.997
9.196 0 0.997
9.194 0 0.997
9.192 0 0.997
9.19 0 0.997
9.188 0 0.997
9.186 0 0.997
9.184 0 0.997
9.182 0 0.997
9.18 0 0.997
9.178 0 0.997
9.176 0 0.997
9.174 0 0.997
9.172 0 0.997
9.17 0 0.997
9.168 0 0.997
9.166 0 0.997
9.164 0 0.997
9.162 0 0.997
9.16 0 0.997
9.158 0 0.997
9.156 0 0.997
9.154 0 0.997
9.152 0 0.997
9.15 0 0.997
9.148 0 0.997
9.146 0 0.997
9.144 0 0.997
9.142 0 0.997
9.14 0 0.997
9.138 0 0.997
9.136 0 0.997
9.134 0 0.997
9.132 0 0.997
9.13 0 0.997
9.128 0 0.997
9.126 0 0.997
9.124 0 0.997
9.122 0 0.997
9.12 0 0.997
9.118 0 0.997
9.116 0 0.997
9.114 0 0.997
9.112 0 0.997
9.11 0 0.997
9.108 0 0.997
9.106 0 0.997
9.104 0 0.997
9.102 0 0.997
9.1 0 0.997
9.098 0 0.997
9.096 0 0.997
9.094 0 0.997
9.092 0 0.997
9.09 0 0.997
9.088 0 0.997
9.086 0 0.997
9.084 0 0.997
9.082 0 0.997
9.08 0 0.997
9.078 0 0.997
9.076 0 0.997
9.074 0 0.997
9.072 0 0.997
9.07 0 0.997
9.068 0 0.997
9.066 0 0.997
9.064 0 0.997
9.062 0 0.997
9.06 0 0.997
9.058 0 0.997
9.056 0 0.997
9.054 0 0.997
9.052 0 0.997
9.05 0 0.997
9.048 0 0.997
9.046 0 0.997
9.044 0 0.997
9.042 0 0.997
9.04 0 0.997
9.038 0 0.997
9.036 0 0.997
9.034 0 0.997
9.032 0 0.997
9.03 0 0.997
9.028 0 0.997
9.026 0 0.997
9.024 0 0.997
9.022 0 0.997
9.02 0 0.997
9.018 0 0.997
9.016 0 0.997
9.014 0 0.997
9.012 0 0.997
9.01 0 0.997
9.008 0 0.997
9.006 0 0.997
9.004 0 0.997
9.002 0 0.997
9 0 0.997
8.998 0 0.997
8.996 0 0.997
8.994 0 0.997
8.992 0 0.997
8.99 0 0.997
8.988 0 0.997
8.986 0 0.997
8.984 0 0.997
8.982 0 0.997
8.98 0 0.997
8.978 0 0.997
8.976 0 0.997
8.974 0 0.997
8.972 0 0.997
8.97 0 0.997
8.968 0 0.997
8.966 0 0.997
8.964 0 0.997
8.962 0 0.997
8.96 0 0.997
8.958 0 0.997
8.956 0 0.997
8.954 0 0.997
8.952 0 0.997
8.95 0 0.997
8.948 0 0.997
8.946 0 0.997
8.944 0 0.997
8.942 0 0.997
8.94 0 0.997
8.938 0 0.997
8.936 0 0.997
8.934 0 0.997
8.932 0 0.997
8.93 0 0.997
8.928 0 0.997
8.926 0 0.997
8.924 0 0.997
8.922 0 0.997
8.92 0 0.997
8.918 0 0.997
8.916 0 0.997
8.914 0 0.997
8.912 0 0.997
8.91 0 0.997
8.908 0 0.997
8.906 0 0.997
8.904 0 0.997
8.902 0 0.997
8.9 0 0.997
8.898 0 0.997
8.896 0 0.997
8.894 0 0.997
8.892 0 0.997
8.89 0 0.997
8.888 0 0.997
8.886 0 0.997
8.884 0 0.997
8.882 0 0.997
8.88 0 0.997
8.878 0 0.997
8.876 0 0.997
8.874 0 0.997
8.872 0 0.997
8.87 0 0.997
8.868 0 0.997
8.866 0 0.997
8.864 0 0.997
8.862 0 0.997
8.86 0 0.997
8.858 0 0.997
8.856 0 0.997
8.854 0 0.997
8.852 0 0.997
8.85 0 0.997
8.848 0 0.997
8.846 0 0.997
8.844 0 0.997
8.842 0 0.997
8.84 0 0.997
8.838 0 0.997
8.836 0 0.997
8.834 0 0.997
8.832 0 0.997
8.83 0 0.997
8.828 0 0.997
8.826 0 0.997
8.824 0 0.997
8.822 0 0.997
8.82 0 0.997
8.818 0 0.997
8.816 0 0.997
8.814 0 0.997
8.812 0 0.997
8.81 0 0.997
8.808 0 0.997
8.806 0 0.997
8.804 0 0.997
8.802 0 0.997
8.8 0 0.997
8.798 0 0.997
8.796 0 0.997
8.794 0 0.997
8.792 0 0.997
8.79 0 0.997
8.788 0 0.997
8.786 0 0.997
8.784 0 0.997
8.782 0 0.997
8.78 0 0.997
8.778 0 0.997
8.776 0 0.997
8.774 0 0.997
8.772 0 0.997
8.77 0 0.997
8.768 0 0.997
8.766 0 0.997
8.764 0 0.997
8.762 0 0.997
8.76 0 0.997
8.758 0 0.997
8.756 0 0.997
8.754 0 0.997
8.752 0 0.997
8.75 0 0.997
8.748 0 0.997
8.746 0 0.997
8.744 0 0.997
8.742 0 0.997
8.74 0 0.997
8.738 0 0.997
8.736 0 0.997
8.734 0 0.997
8.732 0 0.997
8.73 0 0.997
8.728 0 0.997
8.726 0 0.997
8.724 0 0.997
8.722 0 0.997
8.72 0 0.997
8.718 0 0.997
8.716 0 0.997
8.714 0 0.997
8.712 0 0.997
8.71 0 0.997
8.708 0 0.997
8.706 0 0.997
8.704 0 0.997
8.702 0 0.997
8.7 0 0.997
8.698 0 0.997
8.696 0 0.997
8.694 0 0.997
8.692 0 0.997
8.69 0 0.997
8.688 0 0.997
8.686 0 0.997
8.684 0 0.997
8.682 0 0.997
8.68 0 0.997
8.678 0 0.997
8.676 0 0.997
8.674 0 0.997
8.672 0 0.997
8.67 0 0.997
8.668 0 0.997
8.666 0 0.997
8.664 0 0.997
8.662 0 0.997
8.66 0 0.997
8.658 0 0.997
8.656 0 0.997
8.654 0 0.997
8.652 0 0.997
8.65 0 0.997
8.648 0 0.997
8.646 0 0.997
8.644 0 0.997
8.642 0 0.997
8.64 0 0.997
8.638 0 0.997
8.636 0 0.997
8.634 0 0.997
8.632 0 0.997
8.63 0 0.997
8.628 0 0.997
8.626 0 0.997
8.624 0 0.997
8.622 0 0.997
8.62 0 0.997
8.618 0 0.997
8.616 0 0.997
8.614 0 0.997
8.612 0 0.997
8.61 0 0.997
8.608 0 0.997
8.606 0 0.997
8.604 0 0.997
8.602 0 0.997
8.6 0 0.997
8.598 0 0.997
8.596 0 0.997
8.594 0 0.997
8.592 0 0.997
8.59 0 0.997
8.588 0 0.997
8.586 0 0.997
8.584 0 0.997
8.582 0 0.997
8.58 0 0.997
8.578 0 0.997
8.576 0 0.997
8.574 0 0.997
8.572 0 0.997
8.57 0 0.997
8.568 0 0.997
8.566 0 0.997
8.564 0 0.997
8.562 0 0.997
8.56 0 0.997
8.558 0 0.997
8.556 0 0.997
8.554 0 0.997
8.552 0 0.997
8.55 0 0.997
8.548 0 0.997
8.546 0 0.997
8.544 0 0.997
8.542 0 0.997
8.54 0 0.997
8.538 0 0.997
8.536 0 0.997
8.534 0 0.997
8.532 0 0.997
8.53 0 0.997
8.528 0 0.997
8.526 0 0.997
8.524 0 0.997
8.522 0 0.997
8.52 0 0.997
8.518 0 0.997
8.516 0 0.997
8.514 0 0.997
8.512 0 0.997
8.51 0 0.997
8.508 0 0.997
8.506 0 0.997
8.504 0 0.997
8.502 0 0.997
8.5 0 0.997
8.498 0 0.997
8.496 0 0.997
8.494 0 0.997
8.492 0 0.997
8.49 0 0.997
8.488 0 0.997
8.486 0 0.997
8.484 0 0.997
8.482 0 0.997
8.48 0 0.997
8.478 0 0.997
8.476 0 0.997
8.474 0 0.997
8.472 0 0.997
8.47 0 0.997
8.468 0 0.997
8.466 0 0.997
8.464 0 0.997
8.462 0 0.997
8.46 0 0.997
8.458 0 0.997
8.456 0 0.997
8.454 0 0.997
8.452 0 0.997
8.45 0 0.997
8.448 0 0.997
8.446 0 0.997
8.444 0 0.997
8.442 0 0.997
8.44 0 0.997
8.438 0 0.997
8.436 0 0.997
8.434 0 0.997
8.432 0 0.997
8.43 0 0.997
8.428 0 0.997
8.426 0 0.997
8.424 0 0.997
8.422 0 0.997
8.42 0 0.997
8.418 0 0.997
8.416 0 0.997
8.414 0 0.997
8.412 0 0.997
8.41 0 0.997
8.408 0 0.997
8.406 0 0.997
8.404 0 0.997
8.402 0 0.997
8.4 0 0.997
8.398 0 0.997
8.396 0 0.997
8.394 0 0.997
8.392 0 0.997
8.39 0 0.997
8.388 0 0.997
8.386 0 0.997
8.384 0 0.997
8.382 0 0.997
8.38 0 0.997
8.378 0 0.997
8.376 0 0.997
8.374 0 0.998
8.372 0 0.998
8.37 0 0.998
8.368 0 0.998
8.366 0 0.998
8.364 0 0.998
8.362 0 0.998
8.36 0 0.998
8.358 0 0.998
8.356 0 0.998
8.354 0 0.998
8.352 0 0.998
8.35 0 0.998
8.348 0 0.998
8.346 0 0.998
8.344 0 0.998
8.342 0 0.998
8.34 0 0.998
8.338 0 0.998
8.336 0 0.998
8.334 0 0.998
8.332 0 0.998
8.33 0 0.998
8.328 0 0.998
8.326 0 0.998
8.324 0 0.998
8.322 0 0.998
8.32 0 0.998
8.318 0 0.998
8.316 0 0.998
8.314 0 0.998
8.312 0 0.998
8.31 0 0.998
8.308 0 0.998
8.306 0 0.998
8.304 0 0.998
8.302 0 0.998
8.3 0 0.998
8.298 0 0.998
8.296 0 0.998
8.294 0 0.998
8.292 0 0.998
8.29 0 0.998
8.288 0 0.998
8.286 0 0.998
8.284 0 0.998
8.282 0 0.998
8.28 0 0.998
8.278 0 0.998
8.276 0 0.998
8.274 0 0.998
8.272 0 0.998
8.27 0 0.998
8.268 0 0.998
8.266 0 0.998
8.264 0 0.998
8.262 0 0.998
8.26 0 0.998
8.258 0 0.998
8.256 0 0.998
8.254 0 0.998
8.252 0 0.998
8.25 0 0.998
8.248 0 0.998
8.246 0 0.998
8.244 0 0.998
8.242 0 0.998
8.24 0 0.998
8.238 0 0.998
8.236 0 0.998
8.234 0 0.998
8.232 0 0.998
8.23 0 0.998
8.228 0 0.998
8.226 0 0.998
8.224 0 0.998
8.222 0 0.998
8.22 0 0.998
8.218 0 0.998
8.216 0 0.998
8.214 0 0.998
8.212 0 0.998
8.21 0 0.998
8.208 0 0.998
8.206 0 0.998
8.204 0 0.998
8.202 0 0.998
8.2 0 0.998
8.198 0 0.998
8.196 0 0.998
8.194 0 0.998
8.192 0 0.998
8.19 0 0.998
8.188 0 0.998
8.186 0 0.998
8.184 0 0.998
8.182 0 0.998
8.18 0 0.998
8.178 0 0.998
8.176 0 0.998
8.174 0 0.998
8.172 0 0.998
8.17 0 0.998
8.168 0 0.998
8.166 0 0.998
8.164 0 0.998
8.162 0 0.998
8.16 0 0.998
8.158 0 0.998
8.156 0 0.998
8.154 0 0.998
8.152 0 0.998
8.15 0 0.998
8.148 0 0.998
8.146 0 0.998
8.144 0 0.998
8.142 0 0.998
8.14 0 0.998
8.138 0 0.998
8.136 0 0.998
8.134 0 0.998
8.132 0 0.998
8.13 0 0.998
8.128 0 0.998
8.126 0 0.998
8.124 0 0.998
8.122 0 0.998
8.12 0 0.998
8.118 0 0.998
8.116 0 0.998
8.114 0 0.998
8.112 0 0.998
8.11 0 0.998
8.108 0 0.998
8.106 0 0.998
8.104 0 0.998
8.102 0 0.998
8.1 0 0.998
8.098 0 0.998
8.096 0 0.998
8.094 0 0.998
8.092 0 0.998
8.09 0 0.998
8.088 0 0.998
8.086 0 0.998
8.084 0 0.998
8.082 0 0.998
8.08 0 0.998
8.078 0 0.998
8.076 0 0.998
8.074 0 0.998
8.072 0 0.998
8.07 0 0.998
8.068 0 0.998
8.066 0 0.998
8.064 0 0.998
8.062 0 0.998
8.06 0 0.998
8.058 0 0.998
8.056 0 0.998
8.054 0 0.998
8.052 0 0.998
8.05 0 0.998
8.048 0 0.998
8.046 0 0.998
8.044 0 0.998
8.042 0 0.998
8.04 0 0.998
8.038 0 0.998
8.036 0 0.998
8.034 0 0.998
8.032 0 0.998
8.03 0 0.998
8.028 0 0.998
8.026 0 0.998
8.024 0 0.998
8.022 0 0.998
8.02 0 0.998
8.018 0 0.998
8.016 0 0.998
8.014 0 0.998
8.012 0 0.998
8.01 0 0.998
8.008 0 0.998
8.006 0 0.998
8.004 0 0.998
8.002 0 0.998
8 0 0.998
7.998 0 0.998
7.996 0 0.998
7.994 0 0.998
7.992 0 0.998
7.99 0 0.998
7.988 0 0.998
7.986 0 0.998
7.984 0 0.998
7.982 0 0.998
7.98 0 0.998
7.978 0 0.998
7.976 0 0.998
7.974 0 0.998
7.972 0 0.998
7.97 0 0.998
7.968 0 0.998
7.966 0 0.998
7.964 0 0.998
7.962 0 0.998
7.96 0 0.998
7.958 0 0.998
7.956 0 0.998
7.954 0 0.998
7.952 0 0.998
7.95 0 0.998
7.948 0 0.998
7.946 0 0.998
7.944 0 0.998
7.942 0 0.998
7.94 0 0.998
7.938 0 0.998
7.936 0 0.998
7.934 0 0.998
7.932 0 0.998
7.93 0 0.998
7.928 0 0.998
7.926 0 0.998
7.924 0 0.998
7.922 0 0.998
7.92 0 0.998
7.918 0 0.998
7.916 0 0.998
7.914 0 0.998
7.912 0 0.998
7.91 0 0.998
7.908 0 0.998
7.906 0 0.998
7.904 0 0.998
7.902 0 0.998
7.9 0 0.998
7.898 0 0.998
7.896 0 0.998
7.894 0 0.998
7.892 0 0.998
7.89 0 0.998
7.888 0 0.998
7.886 0 0.998
7.884 0 0.998
7.882 0 0.998
7.88 0 0.998
7.878 0 0.998
7.876 0 0.998
7.874 0 0.998
7.872 0 0.998
7.87 0 0.998
7.868 0 0.998
7.866 0 0.998
7.864 0 0.998
7.862 0 0.998
7.86 0 0.998
7.858 0 0.998
7.856 0 0.998
7.854 0 0.998
7.852 0 0.998
7.85 0 0.998
7.848 0 0.998
7.846 0 0.998
7.844 0 0.998
7.842 0 0.998
7.84 0 0.998
7.838 0 0.998
7.836 0 0.998
7.834 0 0.998
7.832 0 0.998
7.83 0 0.998
7.828 0 0.998
7.826 0 0.998
7.824 0 0.998
7.822 0 0.998
7.82 0 0.998
7.818 0 0.998
7.816 0 0.998
7.814 0 0.998
7.812 0 0.998
7.81 0 0.998
7.808 0 0.998
7.806 0 0.998
7.804 0 0.998
7.802 0 0.998
7.8 0 0.998
7.798 0 0.998
7.796 0 0.998
7.794 0 0.998
7.792 0 0.998
7.79 0 0.998
7.788 0 0.998
7.786 0 0.998
7.784 0 0.998
7.782 0 0.998
7.78 0 0.998
7.778 0 0.998
7.776 0 0.998
7.774 0 0.998
7.772 0 0.998
7.77 0 0.998
7.768 0 0.998
7.766 0 0.998
7.764 0 0.998
7.762 0 0.998
7.76 0 0.998
7.758 0 0.998
7.756 0 0.998
7.754 0 0.998
7.752 0 0.998
7.75 0 0.998
7.748 0 0.998
7.746 0 0.998
7.744 0 0.998
7.742 0 0.998
7.74 0 0.998
7.738 0 0.998
7.736 0 0.998
7.734 0 0.998
7.732 0 0.998
7.73 0 0.998
7.728 0 0.998
7.726 0 0.998
7.724 0 0.998
7.722 0 0.998
7.72 0 0.998
7.718 0 0.998
7.716 0 0.998
7.714 0 0.998
7.712 0 0.998
7.71 0 0.998
7.708 0 0.998
7.706 0 0.998
7.704 0 0.998
7.702 0 0.998
7.7 0 0.998
7.698 0 0.998
7.696 0 0.998
7.694 0 0.998
7.692 0 0.998
7.69 0 0.998
7.688 0 0.998
7.686 0 0.998
7.684 0 0.998
7.682 0 0.998
7.68 0 0.998
7.678 0 0.998
7.676 0 0.998
7.674 0 0.998
7.672 0 0.998
7.67 0 0.998
7.668 0 0.998
7.666 0 0.998
7.664 0 0.998
7.662 0 0.998
7.66 0 0.998
7.658 0 0.998
7.656 0 0.998
7.654 0 0.998
7.652 0 0.998
7.65 0 0.998
7.648 0 0.998
7.646 0 0.998
7.644 0 0.998
7.642 0 0.998
7.64 0 0.998
7.638 0 0.998
7.636 0 0.998
7.634 0 0.998
7.632 0 0.998
7.63 0 0.998
7.628 0 0.998
7.626 0 0.998
7.624 0 0.998
7.622 0 0.998
7.62 0 0.998
7.618 0 0.998
7.616 0 0.998
7.614 0 0.998
7.612 0 0.998
7.61 0 0.998
7.608 0 0.998
7.606 0 0.998
7.604 0 0.998
7.602 0 0.998
7.6 0 0.998
7.598 0 0.998
7.596 0 0.998
7.594 0 0.998
7.592 0 0.998
7.59 0 0.998
7.588 0 0.998
7.586 0 0.998
7.584 0 0.998
7.582 0 0.998
7.58 0 0.998
7.578 0 0.998
7.576 0 0.998
7.574 0 0.998
7.572 0 0.998
7.57 0 0.998
7.568 0 0.998
7.566 0 0.998
7.564 0 0.998
7.562 0 0.998
7.56 0 0.998
7.558 0 0.998
7.556 0 0.998
7.554 0 0.998
7.552 0 0.998
7.55 0 0.998
7.548 0 0.998
7.546 0 0.998
7.544 0 0.998
7.542 0 0.998
7.54 0 0.998
7.538 0 0.998
7.536 0 0.998
7.534 0 0.998
7.532 0 0.998
7.53 0 0.998
7.528 0 0.998
7.526 0 0.998
7.524 0 0.998
7.522 0 0.998
7.52 0 0.998
7.518 0 0.998
7.516 0 0.998
7.514 0 0.998
7.512 0 0.998
7.51 0 0.998
7.508 0 0.998
7.506 0 0.998
7.504 0 0.998
7.502 0 0.998
7.5 0 0.998
7.498 0 0.998
7.496 0 0.998
7.494 0 0.998
7.492 0 0.998
7.49 0 0.998
7.488 0 0.998
7.486 0 0.998
7.484 0 0.998
7.482 0 0.998
7.48 0 0.998
7.478 0 0.998
7.476 0 0.998
7.474 0 0.998
7.472 0 0.998
7.47 0 0.998
7.468 0 0.998
7.466 0 0.998
7.464 0 0.998
7.462 0 0.998
7.46 0 0.998
7.458 0 0.998
7.456 0 0.998
7.454 0 0.998
7.452 0 0.998
7.45 0 0.998
7.448 0 0.998
7.446 0 0.998
7.444 0 0.998
7.442 0 0.998
7.44 0 0.998
7.438 0 0.998
7.436 0 0.998
7.434 0 0.998
7.432 0 0.998
7.43 0 0.998
7.428 0 0.998
7.426 0 0.998
7.424 0 0.998
7.422 0 0.998
7.42 0 0.998
7.418 0 0.998
7.416 0 0.998
7.414 0 0.998
7.412 0 0.998
7.41 0 0.998
7.408 0 0.998
7.406 0 0.998
7.404 0 0.998
7.402 0 0.998
7.4 0 0.998
7.398 0 0.998
7.396 0 0.998
7.394 0 0.998
7.392 0 0.998
7.39 0 0.998
7.388 0 0.998
7.386 0 0.998
7.384 0 0.998
7.382 0 0.998
7.38 0 0.998
7.378 0 0.998
7.376 0 0.998
7.374 0 0.998
7.372 0 0.998
7.37 0 0.998
7.368 0 0.998
7.366 0 0.998
7.364 0 0.998
7.362 0 0.998
7.36 0 0.998
7.358 0 0.998
7.356 0 0.998
7.354 0 0.998
7.352 0 0.998
7.35 0 0.998
7.348 0 0.998
7.346 0 0.998
7.344 0 0.998
7.342 0 0.998
7.34 0 0.998
7.338 0 0.998
7.336 0 0.998
7.334 0 0.998
7.332 0 0.998
7.33 0 0.998
7.328 0 0.998
7.326 0 0.998
7.324 0 0.998
7.322 0 0.998
7.32 0 0.998
7.318 0 0.998
7.316 0 0.998
7.314 0 0.998
7.312 0 0.998
7.31 0 0.998
7.308 0 0.998
7.306 0 0.998
7.304 0 0.998
7.302 0 0.998
7.3 0 0.998
7.298 0 0.998
7.296 0 0.998
7.294 0 0.998
7.292 0 0.998
7.29 0 0.998
7.288 0 0.998
7.286 0 0.998
7.284 0 0.998
7.282 0 0.998
7.28 0 0.998
7.278 0 0.998
7.276 0 0.998
7.274 0 0.998
7.272 0 0.998
7.27 0 0.998
7.268 0 0.998
7.266 0 0.998
7.264 0 0.998
7.262 0 0.998
7.26 0 0.998
7.258 0 0.998
7.256 0 0.998
7.254 0 0.998
7.252 0 0.998
7.25 0 0.998
7.248 0 0.998
7.246 0 0.998
7.244 0 0.998
7.242 0 0.998
7.24 0 0.998
7.238 0 0.998
7.236 0 0.998
7.234 0 0.998
7.232 0 0.998
7.23 0 0.998
7.228 0 0.998
7.226 0 0.998
7.224 0 0.998
7.222 0 0.998
7.22 0 0.998
7.218 0 0.998
7.216 0 0.998
7.214 0 0.998
7.212 0 0.998
7.21 0 0.998
7.208 0 0.998
7.206 0 0.998
7.204 0 0.998
7.202 0 0.998
7.2 0 0.998
7.198 0 0.998
7.196 0 0.998
7.194 0 0.998
7.192 0 0.998
7.19 0 0.998
7.188 0 0.998
7.186 0 0.998
7.184 0 0.998
7.182 0 0.998
7.18 0 0.998
7.178 0 0.998
7.176 0 0.998
7.174 0 0.998
7.172 0 0.998
7.17 0 0.998
7.168 0 0.998
7.166 0 0.998
7.164 0 0.998
7.162 0 0.998
7.16 0 0.998
7.158 0 0.998
7.156 0 0.998
7.154 0 0.998
7.152 0 0.998
7.15 0 0.998
7.148 0 0.998
7.146 0 0.998
7.144 0 0.998
7.142 0 0.998
7.14 0 0.998
7.138 0 0.998
7.136 0 0.998
7.134 0 0.998
7.132 0 0.998
7.13 0 0.998
7.128 0 0.998
7.126 0 0.998
7.124 0 0.998
7.122 0 0.998
7.12 0 0.998
7.118 0 0.998
7.116 0 0.998
7.114 0 0.998
7.112 0 0.998
7.11 0 0.998
7.108 0 0.998
7.106 0 0.998
7.104 0 0.998
7.102 0 0.998
7.1 0 0.998
7.098 0 0.998
7.096 0 0.998
7.094 0 0.998
7.092 0 0.998
7.09 0 0.998
7.088 0 0.998
7.086 0 0.998
7.084 0 0.998
7.082 0 0.998
7.08 0 0.998
7.078 0 0.998
7.076 0 0.998
7.074 0 0.998
7.072 0 0.998
7.07 0 0.998
7.068 0 0.998
7.066 0 0.998
7.064 0 0.998
7.062 0 0.998
7.06 0 0.998
7.058 0 0.998
7.056 0 0.998
7.054 0 0.998
7.052 0 0.998
7.05 0 0.998
7.048 0 0.998
7.046 0 0.998
7.044 0 0.998
7.042 0 0.998
7.04 0 0.998
7.038 0 0.998
7.036 0 0.998
7.034 0 0.998
7.032 0 0.998
7.03 0 0.998
7.028 0 0.998
7.026 0 0.998
7.024 0 0.998
7.022 0 0.998
7.02 0 0.998
7.018 0 0.998
7.016 0 0.998
7.014 0 0.998
7.012 0 0.998
7.01 0 0.998
7.008 0 0.998
7.006 0 0.998
7.004 0 0.998
7.002 0 0.998
7 0 0.998
6.998 0 0.998
6.996 0 0.998
6.994 0 0.998
6.992 0 0.998
6.99 0 0.998
6.988 0 0.998
6.986 0 0.998
6.984 0 0.998
6.982 0 0.998
6.98 0 0.998
6.978 0 0.998
6.976 0 0.998
6.974 0 0.998
6.972 0 0.998
6.97 0 0.998
6.968 0 0.998
6.966 0 0.998
6.964 0 0.998
6.962 0 0.998
6.96 0 0.998
6.958 0 0.998
6.956 0 0.998
6.954 0 0.998
6.952 0 0.998
6.95 0 0.998
6.948 0 0.998
6.946 0 0.998
6.944 0 0.998
6.942 0 0.998
6.94 0 0.998
6.938 0 0.998
6.936 0 0.998
6.934 0 0.998
6.932 0 0.998
6.93 0 0.998
6.928 0 0.998
6.926 0 0.998
6.924 0 0.998
6.922 0 0.998
6.92 0 0.998
6.918 0 0.998
6.916 0 0.998
6.914 0 0.998
6.912 0 0.998
6.91 0 0.998
6.908 0 0.998
6.906 0 0.998
6.904 0 0.998
6.902 0 0.998
6.9 0 0.998
6.898 0 0.998
6.896 0 0.998
6.894 0 0.998
6.892 0 0.998
6.89 0 0.998
6.888 0 0.998
6.886 0 0.998
6.884 0 0.998
6.882 0 0.998
6.88 0 0.998
6.878 0 0.998
6.876 0 0.998
6.874 0 0.998
6.872 0 0.998
6.87 0 0.998
6.868 0 0.998
6.866 0 0.998
6.864 0 0.998
6.862 0 0.998
6.86 0 0.998
6.858 0 0.998
6.856 0 0.998
6.854 0 0.998
6.852 0 0.998
6.85 0 0.998
6.848 0 0.998
6.846 0 0.998
6.844 0 0.998
6.842 0 0.998
6.84 0 0.998
6.838 0 0.998
6.836 0 0.998
6.834 0 0.998
6.832 0 0.998
6.83 0 0.998
6.828 0 0.998
6.826 0 0.998
6.824 0 0.998
6.822 0 0.998
6.82 0 0.998
6.818 0 0.998
6.816 0 0.998
6.814 0 0.998
6.812 0 0.998
6.81 0 0.998
6.808 0 0.998
6.806 0 0.998
6.804 0 0.998
6.802 0 0.998
6.8 0 0.998
6.798 0 0.998
6.796 0 0.998
6.794 0 0.998
6.792 0 0.998
6.79 0 0.998
6.788 0 0.998
6.786 0 0.998
6.784 0 0.998
6.782 0 0.998
6.78 0 0.998
6.778 0 0.998
6.776 0 0.998
6.774 0 0.998
6.772 0 0.998
6.77 0 0.998
6.768 0 0.998
6.766 0 0.998
6.764 0 0.998
6.762 0 0.998
6.76 0 0.998
6.758 0 0.998
6.756 0 0.998
6.754 0 0.998
6.752 0 0.998
6.75 0 0.998
6.748 0 0.998
6.746 0 0.998
6.744 0 0.998
6.742 0 0.998
6.74 0 0.998
6.738 0 0.998
6.736 0 0.998
6.734 0 0.998
6.732 0 0.998
6.73 0 0.998
6.728 0 0.998
6.726 0 0.998
6.724 0 0.998
6.722 0 0.998
6.72 0 0.998
6.718 0 0.998
6.716 0 0.998
6.714 0 0.998
6.712 0 0.998
6.71 0 0.998
6.708 0 0.998
6.706 0 0.998
6.704 0 0.998
6.702 0 0.998
6.7 0 0.998
6.698 0 0.998
6.696 0 0.998
6.694 0 0.998
6.692 0 0.998
6.69 0 0.998
6.688 0 0.998
6.686 0 0.998
6.684 0 0.998
6.682 0 0.998
6.68 0 0.998
6.678 0 0.998
6.676 0 0.998
6.674 0 0.998
6.672 0 0.998
6.67 0 0.998
6.668 0 0.998
6.666 0 0.998
6.664 0 0.998
6.662 0 0.998
6.66 0 0.998
6.658 0 0.998
6.656 0 0.998
6.654 0 0.998
6.652 0 0.998
6.65 0 0.998
6.648 0 0.998
6.646 0 0.998
6.644 0 0.998
6.642 0 0.998
6.64 0 0.998
6.638 0 0.998
6.636 0 0.998
6.634 0 0.998
6.632 0 0.998
6.63 0 0.998
6.628 0 0.998
6.626 0 0.998
6.624 0 0.998
6.622 0 0.998
6.62 0 0.998
6.618 0 0.998
6.616 0 0.998
6.614 0 0.998
6.612 0 0.998
6.61 0 0.998
6.608 0 0.998
6.606 0 0.998
6.604 0 0.998
6.602 0 0.998
6.6 0 0.998
6.598 0 0.998
6.596 0 0.998
6.594 0 0.998
6.592 0 0.998
6.59 0 0.998
6.588 0 0.998
6.586 0 0.998
6.584 0 0.998
6.582 0 0.998
6.58 0 0.998
6.578 0 0.998
6.576 0 0.998
6.574 0 0.998
6.572 0 0.998
6.57 0 0.998
6.568 0 0.998
6.566 0 0.998
6.564 0 0.998
6.562 0 0.998
6.56 0 0.998
6.558 0 0.998
6.556 0 0.998
6.554 0 0.998
6.552 0 0.998
6.55 0 0.998
6.548 0 0.998
6.546 0 0.998
6.544 0 0.998
6.542 0 0.998
6.54 0 0.998
6.538 0 0.998
6.536 0 0.998
6.534 0 0.998
6.532 0 0.998
6.53 0 0.998
6.528 0 0.998
6.526 0 0.998
6.524 0 0.998
6.522 0 0.998
6.52 0 0.998
6.518 0 0.998
6.516 0 0.998
6.514 0 0.998
6.512 0 0.998
6.51 0 0.998
6.508 0 0.998
6.506 0 0.998
6.504 0 0.998
6.502 0 0.998
6.5 0 0.998
6.498 0 0.998
6.496 0 0.998
6.494 0 0.998
6.492 0 0.998
6.49 0 0.998
6.488 0 0.998
6.486 0 0.998
6.484 0 0.998
6.482 0 0.998
6.48 0 0.998
6.478 0 0.998
6.476 0 0.998
6.474 0 0.998
6.472 0 0.998
6.47 0 0.998
6.468 0 0.998
6.466 0 0.998
6.464 0 0.998
6.462 0 0.998
6.46 0 0.998
6.458 0 0.998
6.456 0 0.998
6.454 0 0.998
6.452 0 0.998
6.45 0 0.998
6.448 0 0.998
6.446 0 0.998
6.444 0 0.998
6.442 0 0.998
6.44 0 0.998
6.438 0 0.998
6.436 0 0.998
6.434 0 0.998
6.432 0 0.998
6.43 0 0.998
6.428 0 0.998
6.426 0 0.998
6.424 0 0.998
6.422 0 0.998
6.42 0 0.998
6.418 0 0.998
6.416 0 0.998
6.414 0 0.998
6.412 0 0.998
6.41 0 0.998
6.408 0 0.998
6.406 0 0.998
6.404 0 0.998
6.402 0 0.998
6.4 0 0.998
6.398 0 0.998
6.396 0 0.998
6.394 0 0.998
6.392 0 0.998
6.39 0 0.998
6.388 0 0.998
6.386 0 0.998
6.384 0 0.998
6.382 0 0.998
6.38 0 0.998
6.378 0 0.998
6.376 0 0.998
6.374 0 0.998
6.372 0 0.998
6.37 0 0.998
6.368 0 0.998
6.366 0 0.998
6.364 0 0.998
6.362 0 0.998
6.36 0 0.998
6.358 0 0.998
6.356 0 0.998
6.354 0 0.998
6.352 0 0.998
6.35 0 0.998
6.348 0 0.998
6.346 0 0.998
6.344 0 0.998
6.342 0 0.998
6.34 0 0.998
6.338 0 0.998
6.336 0 0.998
6.334 0 0.998
6.332 0 0.998
6.33 0 0.998
6.328 0 0.998
6.326 0 0.998
6.324 0 0.998
6.322 0 0.998
6.32 0 0.998
6.318 0 0.998
6.316 0 0.998
6.314 0 0.998
6.312 0 0.998
6.31 0 0.998
6.308 0 0.998
6.306 0 0.998
6.304 0 0.998
6.302 0 0.998
6.3 0 0.998
6.298 0 0.998
6.296 0 0.998
6.294 0 0.998
6.292 0 0.998
6.29 0 0.998
6.288 0 0.998
6.286 0 0.998
6.284 0 0.998
6.282 0 0.998
6.28 0 0.998
6.278 0 0.998
6.276 0 0.998
6.274 0 0.998
6.272 0 0.998
6.27 0 0.998
6.268 0 0.998
6.266 0 0.998
6.264 0 0.998
6.262 0 0.998
6.26 0 0.998
6.258 0 0.998
6.256 0 0.998
6.254 0 0.998
6.252 0 0.998
6.25 0 0.998
6.248 0 0.998
6.246 0 0.998
6.244 0 0.998
6.242 0 0.998
6.24 0 0.998
6.238 0 0.998
6.236 0 0.998
6.234 0 0.998
6.232 0 0.998
6.23 0 0.998
6.228 0 0.998
6.226 0 0.998
6.224 0 0.998
6.222 0 0.998
6.22 0 0.998
6.218 0 0.998
6.216 0 0.998
6.214 0 0.998
6.212 0 0.998
6.21 0 0.998
6.208 0 0.998
6.206 0 0.998
6.204 0 0.998
6.202 0 0.998
6.2 0 0.998
6.198 0 0.998
6.196 0 0.998
6.194 0 0.998
6.192 0 0.998
6.19 0 0.998
6.188 0 0.998
6.186 0 0.998
6.184 0 0.998
6.182 0 0.998
6.18 0 0.998
6.178 0 0.998
6.176 0 0.998
6.174 0 0.998
6.172 0 0.998
6.17 0 0.998
6.168 0 0.998
6.166 0 0.998
6.164 0 0.998
6.162 0 0.998
6.16 0 0.998
6.158 0 0.998
6.156 0 0.998
6.154 0 0.998
6.152 0 0.998
6.15 0 0.998
6.148 0 0.998
6.146 0 0.998
6.144 0 0.998
6.142 0 0.998
6.14 0 0.998
6.138 0 0.998
6.136 0 0.998
6.134 0 0.998
6.132 0 0.998
6.13 0 0.998
6.128 0 0.998
6.126 0 0.998
6.124 0 0.998
6.122 0 0.998
6.12 0 0.998
6.118 0 0.998
6.116 0 0.998
6.114 0 0.998
6.112 0 0.998
6.11 0 0.998
6.108 0 0.998
6.106 0 0.998
6.104 0 0.998
6.102 0 0.998
6.1 0 0.998
6.098 0 0.998
6.096 0 0.998
6.094 0 0.998
6.092 0 0.998
6.09 0 0.998
6.088 0 0.998
6.086 0 0.998
6.084 0 0.998
6.082 0 0.998
6.08 0 0.998
6.078 0 0.998
6.076 0 0.999
6.074 0 0.999
6.072 0 0.999
6.07 0 0.999
6.068 0 0.999
6.066 0 0.999
6.064 0 0.999
6.062 0 0.999
6.06 0 0.999
6.058 0 0.999
6.056 0 0.999
6.054 0 0.999
6.052 0 0.999
6.05 0 0.999
6.048 0 0.999
6.046 0 0.999
6.044 0 0.999
6.042 0 0.999
6.04 0 0.999
6.038 0 0.999
6.036 0 0.999
6.034 0 0.999
6.032 0 0.999
6.03 0 0.999
6.028 0 0.999
6.026 0 0.999
6.024 0 0.999
6.022 0 0.999
6.02 0 0.999
6.018 0 0.999
6.016 0 0.999
6.014 0 0.999
6.012 0 0.999
6.01 0 0.999
6.008 0 0.999
6.006 0 0.999
6.004 0 0.999
6.002 0 0.999
6 0 0.999
5.998 0 0.999
5.996 0 0.999
5.994 0 0.999
5.992 0 0.999
5.99 0 0.999
5.988 0 0.999
5.986 0 0.999
5.984 0 0.999
5.982 0 0.999
5.98 0 0.999
5.978 0 0.999
5.976 0 0.999
5.974 0 0.999
5.972 0 0.999
5.97 0 0.999
5.968 0 0.999
5.966 0 0.999
5.964 0 0.999
5.962 0 0.999
5.96 0 0.999
5.958 0 0.999
5.956 0 0.999
5.954 0 0.999
5.952 0 0.999
5.95 0 0.999
5.948 0 0.999
5.946 0 0.999
5.944 0 0.999
5.942 0 0.999
5.94 0 0.999
5.938 0 0.999
5.936 0 0.999
5.934 0 0.999
5.932 0 0.999
5.93 0 0.999
5.928 0 0.999
5.926 0 0.999
5.924 0 0.999
5.922 0 0.999
5.92 0 0.999
5.918 0 0.999
5.916 0 0.999
5.914 0 0.999
5.912 0 0.999
5.91 0 0.999
5.908 0 0.999
5.906 0 0.999
5.904 0 0.999
5.902 0 0.999
5.9 0 0.999
5.898 0 0.999
5.896 0 0.999
5.894 0 0.999
5.892 0 0.999
5.89 0 0.999
5.888 0 0.999
5.886 0 0.999
5.884 0 0.999
5.882 0 0.999
5.88 0 0.999
5.878 0 0.999
5.876 0 0.999
5.874 0 0.999
5.872 0 0.999
5.87 0 0.999
5.868 0 0.999
5.866 0 0.999
5.864 0 0.999
5.862 0 0.999
5.86 0 0.999
5.858 0 0.999
5.856 0 0.999
5.854 0 0.999
5.852 0 0.999
5.85 0 0.999
5.848 0 0.999
5.846 0 0.999
5.844 0 0.999
5.842 0 0.999
5.84 0 0.999
5.838 0 0.999
5.836 0 0.999
5.834 0 0.999
5.832 0 0.999
5.83 0 0.999
5.828 0 0.999
5.826 0 0.999
5.824 0 0.999
5.822 0 0.999
5.82 0 0.999
5.818 0 0.999
5.816 0 0.999
5.814 0 0.999
5.812 0 0.999
5.81 0 0.999
5.808 0 0.999
5.806 0 0.999
5.804 0 0.999
5.802 0 0.999
5.8 0 0.999
5.798 0 0.999
5.796 0 0.999
5.794 0 0.999
5.792 0 0.999
5.79 0 0.999
5.788 0 0.999
5.786 0 0.999
5.784 0 0.999
5.782 0 0.999
5.78 0 0.999
5.778 0 0.999
5.776 0 0.999
5.774 0 0.999
5.772 0 0.999
5.77 0 0.999
5.768 0 0.999
5.766 0 0.999
5.764 0 0.999
5.762 0 0.999
5.76 0 0.999
5.758 0 0.999
5.756 0 0.999
5.754 0 0.999
5.752 0 0.999
5.75 0 0.999
5.748 0 0.999
5.746 0 0.999
5.744 0 0.999
5.742 0 0.999
5.74 0 0.999
5.738 0 0.999
5.736 0 0.999
5.734 0 0.999
5.732 0 0.999
5.73 0 0.999
5.728 0 0.999
5.726 0 0.999
5.724 0 0.999
5.722 0 0.999
5.72 0 0.999
5.718 0 0.999
5.716 0 0.999
5.714 0 0.999
5.712 0 0.999
5.71 0 0.999
5.708 0 0.999
5.706 0 0.999
5.704 0 0.999
5.702 0 0.999
5.7 0 0.999
5.698 0 0.999
5.696 0 0.999
5.694 0 0.999
5.692 0 0.999
5.69 0 0.999
5.688 0 0.999
5.686 0 0.999
5.684 0 0.999
5.682 0 0.999
5.68 0 0.999
5.678 0 0.999
5.676 0 0.999
5.674 0 0.999
5.672 0 0.999
5.67 0 0.999
5.668 0 0.999
5.666 0 0.999
5.664 0 0.999
5.662 0 0.999
5.66 0 0.999
5.658 0 0.999
5.656 0 0.999
5.654 0 0.999
5.652 0 0.999
5.65 0 0.999
5.648 0 0.999
5.646 0 0.999
5.644 0 0.999
5.642 0 0.999
5.64 0 0.999
5.638 0 0.999
5.636 0 0.999
5.634 0 0.999
5.632 0 0.999
5.63 0 0.999
5.628 0 0.999
5.626 0 0.999
5.624 0 0.999
5.622 0 0.999
5.62 0 0.999
5.618 0 0.999
5.616 0 0.999
5.614 0 0.999
5.612 0 0.999
5.61 0 0.999
5.608 0 0.999
5.606 0 0.999
5.604 0 0.999
5.602 0 0.999
5.6 0 0.999
5.598 0 0.999
5.596 0 0.999
5.594 0 0.999
5.592 0 0.999
5.59 0 0.999
5.588 0 0.999
5.586 0 0.999
5.584 0 0.999
5.582 0 0.999
5.58 0 0.999
5.578 0 0.999
5.576 0 0.999
5.574 0 0.999
5.572 0 0.999
5.57 0 0.999
5.568 0 0.999
5.566 0 0.999
5.564 0 0.999
5.562 0 0.999
5.56 0 0.999
5.558 0 0.999
5.556 0 0.999
5.554 0 0.999
5.552 0 0.999
5.55 0 0.999
5.548 0 0.999
5.546 0 0.999
5.544 0 0.999
5.542 0 0.999
5.54 0 0.999
5.538 0 0.999
5.536 0 0.999
5.534 0 0.999
5.532 0 0.999
5.53 0 0.999
5.528 0 0.999
5.526 0 0.999
5.524 0 0.999
5.522 0 0.999
5.52 0 0.999
5.518 0 0.999
5.516 0 0.999
5.514 0 0.999
5.512 0 0.999
5.51 0 0.999
5.508 0 0.999
5.506 0 0.999
5.504 0 0.999
5.502 0 0.999
5.5 0 0.999
5.498 0 0.999
5.496 0 0.999
5.494 0 0.999
5.492 0 0.999
5.49 0 0.999
5.488 0 0.999
5.486 0 0.999
5.484 0 0.999
5.482 0 0.999
5.48 0 0.999
5.478 0 0.999
5.476 0 0.999
5.474 0 0.999
5.472 0 0.999
5.47 0 0.999
5.468 0 0.999
5.466 0 0.999
5.464 0 0.999
5.462 0 0.999
5.46 0 0.999
5.458 0 0.999
5.456 0 0.999
5.454 0 0.999
5.452 0 0.999
5.45 0 0.999
5.448 0 0.999
5.446 0 0.999
5.444 0 0.999
5.442 0 0.999
5.44 0 0.999
5.438 0 0.999
5.436 0 0.999
5.434 0 0.999
5.432 0 0.999
5.43 0 0.999
5.428 0 0.999
5.426 0 0.999
5.424 0 0.999
5.422 0 0.999
5.42 0 0.999
5.418 0 0.999
5.416 0 0.999
5.414 0 0.999
5.412 0 0.999
5.41 0 0.999
5.408 0 0.999
5.406 0 0.999
5.404 0 0.999
5.402 0 0.999
5.4 0 0.999
5.398 0 0.999
5.396 0 0.999
5.394 0 0.999
5.392 0 0.999
5.39 0 0.999
5.388 0 0.999
5.386 0 0.999
5.384 0 0.999
5.382 0 0.999
5.38 0 0.999
5.378 0 0.999
5.376 0 0.999
5.374 0 0.999
5.372 0 0.999
5.37 0 0.999
5.368 0 0.999
5.366 0 0.999
5.364 0 0.999
5.362 0 0.999
5.36 0 0.999
5.358 0 0.999
5.356 0 0.999
5.354 0 0.999
5.352 0 0.999
5.35 0 0.999
5.348 0 0.999
5.346 0 0.999
5.344 0 0.999
5.342 0 0.999
5.34 0 0.999
5.338 0 0.999
5.336 0 0.999
5.334 0 0.999
5.332 0 0.999
5.33 0 0.999
5.328 0 0.999
5.326 0 0.999
5.324 0 0.999
5.322 0 0.999
5.32 0 0.999
5.318 0 0.999
5.316 0 0.999
5.314 0 0.999
5.312 0 0.999
5.31 0 0.999
5.308 0 0.999
5.306 0 0.999
5.304 0 0.999
5.302 0 0.999
5.3 0 0.999
5.298 0 0.999
5.296 0 0.999
5.294 0 0.999
5.292 0 0.999
5.29 0 0.999
5.288 0 0.999
5.286 0 0.999
5.284 0 0.999
5.282 0 0.999
5.28 0 0.999
5.278 0 0.999
5.276 0 0.999
5.274 0 0.999
5.272 0 0.999
5.27 0 0.999
5.268 0 0.999
5.266 0 0.999
5.264 0 0.999
5.262 0 0.999
5.26 0 0.999
5.258 0 0.999
5.256 0 0.999
5.254 0 0.999
5.252 0 0.999
5.25 0 0.999
5.248 0 0.999
5.246 0 0.999
5.244 0 0.999
5.242 0 0.999
5.24 0 0.999
5.238 0 0.999
5.236 0 0.999
5.234 0 0.999
5.232 0 0.999
5.23 0 0.999
5.228 0 0.999
5.226 0 0.999
5.224 0 0.999
5.222 0 0.999
5.22 0 0.999
5.218 0 0.999
5.216 0 0.999
5.214 0 0.999
5.212 0 0.999
5.21 0 0.999
5.208 0 0.999
5.206 0 0.999
5.204 0 0.999
5.202 0 0.999
5.2 0 0.999
5.198 0 0.999
5.196 0 0.999
5.194 0 0.999
5.192 0 0.999
5.19 0 0.999
5.188 0 0.999
5.186 0 0.999
5.184 0 0.999
5.182 0 0.999
5.18 0 0.999
5.178 0 0.999
5.176 0 0.999
5.174 0 0.999
5.172 0 0.999
5.17 0 0.999
5.168 0 0.999
5.166 0 0.999
5.164 0 0.999
5.162 0 0.999
5.16 0 0.999
5.158 0 0.999
5.156 0 0.999
5.154 0 0.999
5.152 0 0.999
5.15 0 0.999
5.148 0 0.999
5.146 0 0.999
5.144 0 0.999
5.142 0 0.999
5.14 0 0.999
5.138 0 0.999
5.136 0 0.999
5.134 0 0.999
5.132 0 0.999
5.13 0 0.999
5.128 0 0.999
5.126 0 0.999
5.124 0 0.999
5.122 0 0.999
5.12 0 0.999
5.118 0 0.999
5.116 0 0.999
5.114 0 0.999
5.112 0 0.999
5.11 0 0.999
5.108 0 0.999
5.106 0 0.999
5.104 0 0.999
5.102 0 0.999
5.1 0 0.999
5.098 0 0.999
5.096 0 0.999
5.094 0 0.999
5.092 0 0.999
5.09 0 0.999
5.088 0 0.999
5.086 0 0.999
5.084 0 0.999
5.082 0 0.999
5.08 0 0.999
5.078 0 0.999
5.076 0 0.999
5.074 0 0.999
5.072 0 0.999
5.07 0 0.999
5.068 0 0.999
5.066 0 0.999
5.064 0 0.999
5.062 0 0.999
5.06 0 0.999
5.058 0 0.999
5.056 0 0.999
5.054 0 0.999
5.052 0 0.999
5.05 0 0.999
5.048 0 0.999
5.046 0 0.999
5.044 0 0.999
5.042 0 0.999
5.04 0 0.999
5.038 0 0.999
5.036 0 0.999
5.034 0 0.999
5.032 0 0.999
5.03 0 0.999
5.028 0 0.999
5.026 0 0.999
5.024 0 0.999
5.022 0 0.999
5.02 0 0.999
5.018 0 0.999
5.016 0 0.999
5.014 0 0.999
5.012 0 0.999
5.01 0 0.999
5.008 0 0.999
5.006 0 0.999
5.004 0 0.999
5.002 0 0.999
5 0 0.999
4.998 0 0.999
4.996 0 0.999
4.994 0 0.999
4.992 0 0.999
4.99 0 0.999
4.988 0 0.999
4.986 0 0.999
4.984 0 0.999
4.982 0 0.999
4.98 0 0.999
4.978 0 0.999
4.976 0 0.999
4.974 0 0.999
4.972 0 0.999
4.97 0 0.999
4.968 0 0.999
4.966 0 0.999
4.964 0 0.999
4.962 0 0.999
4.96 0 0.999
4.958 0 0.999
4.956 0 0.999
4.954 0 0.999
4.952 0 0.999
4.95 0 0.999
4.948 0 0.999
4.946 0 0.999
4.944 0 0.999
4.942 0 0.999
4.94 0 0.999
4.938 0 0.999
4.936 0 0.999
4.934 0 0.999
4.932 0 0.999
4.93 0 0.999
4.928 0 0.999
4.926 0 0.999
4.924 0 0.999
4.922 0 0.999
4.92 0 0.999
4.918 0 0.999
4.916 0 0.999
4.914 0 0.999
4.912 0 0.999
4.91 0 0.999
4.908 0 0.999
4.906 0 0.999
4.904 0 0.999
4.902 0 0.999
4.9 0 0.999
4.898 0 0.999
4.896 0 0.999
4.894 0 0.999
4.892 0 0.999
4.89 0 0.999
4.888 0 0.999
4.886 0 0.999
4.884 0 0.999
4.882 0 0.999
4.88 0 0.999
4.878 0 0.999
4.876 0 0.999
4.874 0 0.999
4.872 0 0.999
4.87 0 0.999
4.868 0 0.999
4.866 0 0.999
4.864 0 0.999
4.862 0 0.999
4.86 0 0.999
4.858 0 0.999
4.856 0 0.999
4.854 0 0.999
4.852 0 0.999
4.85 0 0.999
4.848 0 0.999
4.846 0 0.999
4.844 0 0.999
4.842 0 0.999
4.84 0 0.999
4.838 0 0.999
4.836 0 0.999
4.834 0 0.999
4.832 0 0.999
4.83 0 0.999
4.828 0 0.999
4.826 0 0.999
4.824 0 0.999
4.822 0 0.999
4.82 0 0.999
4.818 0 1
4.816 0 1
4.814 0 1
4.812 0 1
4.81 0 1
4.808 0 1
4.806 0 1
4.804 0 1
4.802 0 1
4.8 0 1
4.798 0 1
4.796 0 1
4.794 0 1
4.792 0 1
4.79 0 1
4.788 0 1
4.786 0 1
4.784 0 1
4.782 0 1
4.78 0 1
4.778 0 1
4.776 0 1
4.774 0 1
4.772 0 1
4.77 0 1
4.768 0 1
4.766 0 1
4.764 0 1
4.762 0 1
4.76 0 1
4.758 0 1
4.756 0 1
4.754 0 1
4.752 0 1
4.75 0 1
4.748 0 1
4.746 0 1
4.744 0 1
4.742 0 1
4.74 0 1
4.738 0 1
4.736 0 1
4.734 0 1
4.732 0 1
4.73 0 1
4.728 0 1
4.726 0 1
4.724 0 1
4.722 0 1
4.72 0 1
4.718 0 1
4.716 0 1
4.714 0 1
4.712 0 1
4.71 0 1
4.708 0 1
4.706 0 1
4.704 0 1
4.702 0 1
4.7 0 1
4.698 0 1
4.696 0 1
4.694 0 1
4.692 0 1
4.69 0 1
4.688 0 1
4.686 0 1
4.684 0 1
4.682 0 1
4.68 0 1
4.678 0 1
4.676 0 1
4.674 0 1
4.672 0 1
4.67 0 1
4.668 0 1
4.666 0 1
4.664 0 1
4.662 0 1
4.66 0 1
4.658 0 1
4.656 0 1
4.654 0 1
4.652 0 1
4.65 0 1
4.648 0 1
4.646 0 1
4.644 0 1
4.642 0 1
4.64 0 1
4.638 0 1
4.636 0 1
4.634 0 1
4.632 0 1
4.63 0 1
4.628 0 1
4.626 0 1
4.624 0 1
4.622 0 1
4.62 0 1
4.618 0 1
4.616 0 1
4.614 0 1
4.612 0 1
4.61 0 1
4.608 0 1
4.606 0 1
4.604 0 1
4.602 0 1
4.6 0 1
4.598 0 1
4.596 0 1
4.594 0 1
4.592 0 1
4.59 0 1
4.588 0 1
4.586 0 1
4.584 0 1
4.582 0 1
4.58 0 1
4.578 0 1
4.576 0 1
4.574 0 1
4.572 0 1
4.57 0 1
4.568 0 1
4.566 0 1
4.564 0 1
4.562 0 1
4.56 0 1
4.558 0 1
4.556 0 1
4.554 0 1
4.552 0 1
4.55 0 1
4.548 0 1
4.546 0 1
4.544 0 1
4.542 0 1
4.54 0 1
4.538 0 1
4.536 0 1
4.534 0 1
4.532 0 1
4.53 0 1
4.528 0 1
4.526 0 1
4.524 0 1
4.522 0 1
4.52 0 1
4.518 0 1
4.516 0 1
4.514 0 1
4.512 0 1
4.51 0 1
4.508 0 1
4.506 0 1
4.504 0 1
4.502 0 1
4.5 0 1
4.498 0 1
4.496 0 1
4.494 0 1
4.492 0 1
4.49 0 1
4.488 0 1
4.486 0 1
4.484 0 1
4.482 0 1
4.48 0 1
4.478 0 1
4.476 0 1
4.474 0 1
4.472 0 1
4.47 0 1
4.468 0 1
4.466 0 1
4.464 0 1
4.462 0 1
4.46 0 1
4.458 0 1
4.456 0 1
4.454 0 1
4.452 0 1
4.45 0 1
4.448 0 1
4.446 0 1
4.444 0 1
4.442 0 1
4.44 0 1
4.438 0 1
4.436 0 1
4.434 0 1
4.432 0 1
4.43 0 1
4.428 0 1
4.426 0 1
4.424 0 1
4.422 0 1
4.42 0 1
4.418 0 1
4.416 0 1
4.414 0 1
4.412 0 1
4.41 0 1
4.408 0 1
4.406 0 1
4.404 0 1
4.402 0 1
4.4 0 1
4.398 0 1
4.396 0 1
4.394 0 1
4.392 0 1
4.39 0 1
4.388 0 1
4.386 0 1
4.384 0 1
4.382 0 1
4.38 0 1
4.378 0 1
4.376 0 1
4.374 0 1
4.372 0 1
4.37 0 1
4.368 0 1
4.366 0 1
4.364 0 1
4.362 0 1
4.36 0 1
4.358 0 1
4.356 0 1
4.354 0 1
4.352 0 1
4.35 0 1
4.348 0 1
4.346 0 1
4.344 0 1
4.342 0 1
4.34 0 1
4.338 0 1
4.336 0 1
4.334 0 1
4.332 0 1
4.33 0 1
4.328 0 1
4.326 0 1
4.324 0 1
4.322 0 1
4.32 0 1
4.318 0 1
4.316 0 1
4.314 0 1
4.312 0 1
4.31 0 1
4.308 0 1
4.306 0 1
4.304 0 1
4.302 0 1
4.3 0 1
4.298 0 1
4.296 0 1
4.294 0 1
4.292 0 1
4.29 0 1
4.288 0 1
4.286 0 1
4.284 0 1
4.282 0 1
4.28 0 1
4.278 0 1
4.276 0 1
4.274 0 1
4.272 0 1
4.27 0 1
4.268 0 1
4.266 0 1
4.264 0 1
4.262 0 1
4.26 0 1
4.258 0 1
4.256 0 1
4.254 0 1
4.252 0 1
4.25 0 1
4.248 0 1
4.246 0 1
4.244 0 1
4.242 0 1
4.24 0 1
4.238 0 1
4.236 0 1
4.234 0 1
4.232 0 1
4.23 0 1
4.228 0 1
4.226 0 1
4.224 0 1
4.222 0 1
4.22 0 1
4.218 0 1
4.216 0 1
4.214 0 1
4.212 0 1
4.21 0 1
4.208 0 1
4.206 0 1
4.204 0 1
4.202 0 1
4.2 0 1
4.198 0 1
4.196 0 1
4.194 0 1
4.192 0 1
4.19 0 1
4.188 0 1
4.186 0 1
4.184 0 1
4.182 0 1
4.18 0 1
4.178 0 1
4.176 0 1
4.174 0 1
4.172 0 1
4.17 0 1
4.168 0 1
4.166 0 1
4.164 0 1
4.162 0 1
4.16 0 1
4.158 0 1
4.156 0 1
4.154 0 1
4.152 0 1
4.15 0 1
4.148 0 1
4.146 0 1
4.144 0 1
4.142 0 1
4.14 0 1
4.138 0 1
4.136 0 1.001
4.134 0 1.001
4.132 0 1.001
4.13 0 1.001
4.128 0 1.001
4.126 0 1.001
4.124 0 1.001
4.122 0 1.001
4.12 0 1.001
4.118 0 1.001
4.116 0 1.001
4.114 0 1.001
4.112 0 1.001
4.11 0 1.001
4.108 0 1.001
4.106 0 1.001
4.104 0 1.001
4.102 0 1.001
4.1 0 1.001
4.098 0 1.001
4.096 0 1.001
4.094 0 1.001
4.092 0 1.001
4.09 0 1.001
4.088 0 1.001
4.086 0 1.001
4.084 0 1.001
4.082 0 1.001
4.08 0 1.001
4.078 0 1.001
4.076 0 1.001
4.074 0 1.001
4.072 0 1.001
4.07 0 1.001
4.068 0 1.001
4.066 0 1.001
4.064 0 1.001
4.062 0 1.001
4.06 0 1.001
4.058 0 1.001
4.056 0 1.001
4.054 0 1.001
4.052 0 1.001
4.05 0 1.001
4.048 0 1.001
4.046 0 1.001
4.044 0 1.001
4.042 0 1.001
4.04 0 1.001
4.038 0 1.001
4.036 0 1.001
4.034 0 1.001
4.032 0 1.001
4.03 0 1.001
4.028 0 1.001
4.026 0 1.001
4.024 0 1.001
4.022 0 1.001
4.02 0 1.001
4.018 0 1.001
4.016 0 1.001
4.014 0 1.001
4.012 0 1.001
4.01 0 1.001
4.008 0 1.001
4.006 0 1.001
4.004 0 1.001
4.002 0 1.001
4 0 1.001
3.998 0 1.001
3.996 0 1.001
3.994 0 1.001
3.992 0 1.001
3.99 0 1.001
3.988 0 1.001
3.986 0 1.001
3.984 0 1.001
3.982 0 1.001
3.98 0 1.001
3.978 0 1.001
3.976 0 1.001
3.974 0 1.001
3.972 0 1.001
3.97 0 1.001
3.968 0 1.001
3.966 0 1.001
3.964 0 1.001
3.962 0 1.001
3.96 0 1.001
3.958 0 1.001
3.956 0 1.001
3.954 0 1.001
3.952 0 1.001
3.95 0 1.001
3.948 0 1.001
3.946 0 1.001
3.944 0 1.001
3.942 0 1.001
3.94 0 1.001
3.938 0 1.001
3.936 0 1.001
3.934 0 1.001
3.932 0 1.001
3.93 0 1.001
3.928 0 1.001
3.926 0 1.001
3.924 0 1.001
3.922 0 1.001
3.92 0 1.001
3.918 0 1.001
3.916 0 1.001
3.914 0 1.001
3.912 0 1.001
3.91 0 1.001
3.908 0 1.001
3.906 0 1.001
3.904 0 1.001
3.902 0 1.001
3.9 0 1.001
3.898 0 1.001
3.896 0 1.001
3.894 0 1.001
3.892 0 1.001
3.89 0 1.001
3.888 0 1.001
3.886 0 1.001
3.884 0 1.001
3.882 0 1.001
3.88 0 1.001
3.878 0 1.001
3.876 0 1.001
3.874 0 1.001
3.872 0 1.001
3.87 0 1.001
3.868 0 1.001
3.866 0 1.001
3.864 0 1.001
3.862 0 1.001
3.86 0 1.001
3.858 0 1.001
3.856 0 1.001
3.854 0 1.001
3.852 0 1.001
3.85 0 1.001
3.848 0 1.001
3.846 0 1.001
3.844 0 1.001
3.842 0 1.001
3.84 0 1.001
3.838 0 1.001
3.836 0 1.001
3.834 0 1.001
3.832 0 1.001
3.83 0 1.001
3.828 0 1.001
3.826 0 1.001
3.824 0 1.001
3.822 0 1.001
3.82 0 1.001
3.818 0 1.001
3.816 0 1.001
3.814 0 1.001
3.812 0 1.001
3.81 0 1.001
3.808 0 1.001
3.806 0 1.001
3.804 0 1.001
3.802 0 1.001
3.8 0 1.001
3.798 0 1.001
3.796 0 1.001
3.794 0 1.001
3.792 0 1.001
3.79 0 1.001
3.788 0 1.001
3.786 0 1.001
3.784 0 1.001
3.782 0 1.001
3.78 0 1.001
3.778 0 1.001
3.776 0 1.001
3.774 0 1.001
3.772 0 1.001
3.77 0 1.001
3.768 0 1.001
3.766 0 1.001
3.764 0 1.001
3.762 0 1.001
3.76 0 1.001
3.758 0 1.001
3.756 0 1.001
3.754 0 1.001
3.752 0 1.001
3.75 0 1.001
3.748 0 1.001
3.746 0 1.001
3.744 0 1.001
3.742 0 1.001
3.74 0 1.001
3.738 0 1.001
3.736 0 1.001
3.734 0 1.001
3.732 0 1.001
3.73 0 1.001
3.728 0 1.001
3.726 0 1.001
3.724 0 1.002
3.722 0 1.002
3.72 0 1.002
3.718 0 1.002
3.716 0 1.002
3.714 0 1.002
3.712 0 1.002
3.71 0 1.002
3.708 0 1.002
3.706 0 1.002
3.704 0 1.002
3.702 0 1.002
3.7 0 1.002
3.698 0 1.002
3.696 0 1.002
3.694 0 1.002
3.692 0 1.002
3.69 0 1.002
3.688 0 1.002
3.686 0 1.002
3.684 0 1.002
3.682 0 1.002
3.68 0 1.002
3.678 0 1.002
3.676 0 1.002
3.674 0 1.002
3.672 0 1.002
3.67 0 1.002
3.668 0 1.002
3.666 0 1.002
3.664 0 1.002
3.662 0 1.002
3.66 0 1.002
3.658 0 1.002
3.656 0 1.002
3.654 0 1.002
3.652 0 1.002
3.65 0 1.002
3.648 0 1.002
3.646 0 1.002
3.644 0 1.002
3.642 0 1.002
3.64 0 1.002
3.638 0 1.002
3.636 0 1.002
3.634 0 1.002
3.632 0 1.002
3.63 0 1.002
3.628 0 1.002
3.626 0 1.002
3.624 0 1.002
3.622 0 1.002
3.62 0 1.002
3.618 0 1.002
3.616 0 1.002
3.614 0 1.002
3.612 0 1.002
3.61 0 1.002
3.608 0 1.002
3.606 0 1.002
3.604 0 1.002
3.602 0 1.002
3.6 0 1.002
3.598 0 1.002
3.596 0 1.002
3.594 0 1.002
3.592 0 1.002
3.59 0 1.002
3.588 0 1.002
3.586 0 1.002
3.584 0 1.002
3.582 0 1.002
3.58 0 1.002
3.578 0 1.002
3.576 0 1.002
3.574 0 1.002
3.572 0 1.002
3.57 0 1.002
3.568 0 1.002
3.566 0 1.002
3.564 0 1.002
3.562 0 1.002
3.56 0 1.002
3.558 0 1.002
3.556 0 1.002
3.554 0 1.002
3.552 0 1.002
3.55 0 1.002
3.548 0 1.002
3.546 0 1.002
3.544 0 1.002
3.542 0 1.002
3.54 0 1.002
3.538 0 1.002
3.536 0 1.002
3.534 0 1.002
3.532 0.0001 1.002
3.53 0.0001 1.002
3.528 0.0001 1.002
3.526 0.0001 1.002
3.524 0.0001 1.002
3.522 0.0001 1.002
3.52 0.0001 1.002
3.518 0.0001 1.002
3.516 0.0001 1.002
3.514 0.0001 1.002
3.512 0.0001 1.002
3.51 0.0001 1.002
3.508 0.0001 1.002
3.506 0.0001 1.002
3.504 0.0001 1.002
3.502 0.0001 1.002
3.5 0.0001 1.002
3.498 0.0001 1.002
3.496 0.0001 1.002
3.494 0.0001 1.002
3.492 0.0001 1.002
3.49 0.0001 1.002
3.488 0.0001 1.002
3.486 0.0001 1.002
3.484 0.0001 1.002
3.482 0.0001 1.002
3.48 0.0001 1.002
3.478 0.0001 1.002
3.476 0.0001 1.002
3.474 0.0001 1.002
3.472 0.0001 1.002
3.47 0.0001 1.002
3.468 0.0001 1.002
3.466 0.0001 1.002
3.464 0.0001 1.002
3.462 0.0001 1.002
3.46 0.0001 1.002
3.458 0.0001 1.002
3.456 0.0001 1.003
3.454 0.0001 1.003
3.452 0.0001 1.003
3.45 0.0001 1.003
3.448 0.0001 1.003
3.446 0.0001 1.003
3.444 0.0001 1.003
3.442 0.0001 1.003
3.44 0.0001 1.003
3.438 0.0001 1.003
3.436 0.0001 1.003
3.434 0.0001 1.003
3.432 0.0001 1.003
3.43 0.0001 1.003
3.428 0.0001 1.003
3.426 0.0001 1.003
3.424 0.0001 1.003
3.422 0.0001 1.003
3.42 0.0001 1.003
3.418 0.0001 1.003
3.416 0.0001 1.003
3.414 0.0001 1.003
3.412 0.0001 1.003
3.41 0.0001 1.003
3.408 0.0001 1.003
3.406 0.0001 1.003
3.404 0.0001 1.003
3.402 0.0001 1.003
3.4 0.0001 1.003
3.398 0.0001 1.003
3.396 0.0001 1.003
3.394 0.0001 1.003
3.392 0.0001 1.003
3.39 0.0001 1.003
3.388 0.0001 1.003
3.386 0.0001 1.003
3.384 0.0001 1.003
3.382 0.0001 1.003
3.38 0.0001 1.003
3.378 0.0001 1.003
3.376 0.0001 1.003
3.374 0.0001 1.003
3.372 0.0001 1.003
3.37 0.0001 1.003
3.368 0.0001 1.003
3.366 0.0001 1.003
3.364 0.0001 1.003
3.362 0.0001 1.003
3.36 0.0001 1.003
3.358 0.0001 1.003
3.356 0.0001 1.003
3.354 0.0001 1.003
3.352 0.0001 1.003
3.35 0.0001 1.003
3.348 0.0001 1.003
3.346 0.0001 1.003
3.344 0.0001 1.003
3.342 0.0001 1.003
3.34 0.0001 1.003
3.338 0.0001 1.003
3.336 0.0001 1.003
3.334 0.0001 1.003
3.332 0.0001 1.003
3.33 0.0001 1.003
3.328 0.0001 1.003
3.326 0.0001 1.003
3.324 0.0001 1.003
3.322 0.0001 1.003
3.32 0.0001 1.003
3.318 0.0001 1.003
3.316 0.0001 1.003
3.314 0.0001 1.003
3.312 0.0001 1.003
3.31 0.0001 1.003
3.308 0.0001 1.003
3.306 0.0001 1.003
3.304 0.0001 1.003
3.302 0.0001 1.003
3.3 0.0001 1.003
3.298 0.0001 1.003
3.296 0.0001 1.003
3.294 0.0001 1.003
3.292 0.0001 1.003
3.29 0.0001 1.003
3.288 0.0001 1.003
3.286 0.0001 1.003
3.284 0.0001 1.003
3.282 0.0001 1.003
3.28 0.0001 1.003
3.278 0.0001 1.003
3.276 0.0001 1.003
3.274 0.0001 1.003
3.272 0.0001 1.003
3.27 0.0001 1.003
3.268 0.0001 1.004
3.266 0.0001 1.004
3.264 0.0001 1.004
3.262 0.0001 1.004
3.26 0.0001 1.004
3.258 0.0001 1.004
3.256 0.0001 1.004
3.254 0.0001 1.004
3.252 0.0001 1.004
3.25 0.0001 1.004
3.248 0.0001 1.004
3.246 0.0001 1.004
3.244 0.0001 1.004
3.242 0.0001 1.004
3.24 0.0001 1.004
3.238 0.0001 1.004
3.236 0.0001 1.004
3.234 0.0001 1.004
3.232 0.0001 1.004
3.23 0.0001 1.004
3.228 0.0001 1.004
3.226 0.0001 1.004
3.224 0.0001 1.004
3.222 0.0001 1.004
3.22 0.0001 1.004
3.218 0.0001 1.004
3.216 0.0001 1.004
3.214 0.0001 1.004
3.212 0.0001 1.004
3.21 0.0001 1.004
3.208 0.0001 1.004
3.206 0.0001 1.004
3.204 0.0001 1.004
3.202 0.0001 1.004
3.2 0.0001 1.004
3.198 0.0001 1.004
3.196 0.0001 1.004
3.194 0.0001 1.004
3.192 0.0001 1.004
3.19 0.0001 1.004
3.188 0.0001 1.004
3.186 0.0001 1.004
3.184 0.0001 1.004
3.182 0.0001 1.004
3.18 0.0001 1.004
3.178 0.0001 1.004
3.176 0.0001 1.004
3.174 0.0001 1.004
3.172 0.0001 1.004
3.17 0.0001 1.004
3.168 0.0001 1.004
3.166 0.0001 1.004
3.164 0.0001 1.004
3.162 0.0001 1.004
3.16 0.0001 1.004
3.158 0.0001 1.004
3.156 0.0001 1.004
3.154 0.0001 1.004
3.152 0.0001 1.004
3.15 0.0001 1.004
3.148 0.0001 1.004
3.146 0.0001 1.004
3.144 0.0001 1.004
3.142 0.0001 1.004
3.14 0.0001 1.004
3.138 0.0001 1.004
3.136 0.0001 1.004
3.134 0.0001 1.004
3.132 0.0001 1.005
3.13 0.0001 1.005
3.128 0.0001 1.005
3.126 0.0001 1.005
3.124 0.0001 1.005
3.122 0.0001 1.005
3.12 0.0001 1.005
3.118 0.0001 1.005
3.116 0.0001 1.005
3.114 0.0001 1.005
3.112 0.0001 1.005
3.11 0.0001 1.005
3.108 0.0001 1.005
3.106 0.0001 1.005
3.104 0.0001 1.005
3.102 0.0001 1.005
3.1 0.0001 1.005
3.098 0.0001 1.005
3.096 0.0001 1.005
3.094 0.0001 1.005
3.092 0.0001 1.005
3.09 0.0001 1.005
3.088 0.0001 1.005
3.086 0.0001 1.005
3.084 0.0001 1.005
3.082 0.0001 1.005
3.08 0.0001 1.005
3.078 0.0001 1.005
3.076 0.0001 1.005
3.074 0.0001 1.005
3.072 0.0001 1.005
3.07 0.0001 1.005
3.068 0.0001 1.005
3.066 0.0001 1.005
3.064 0.0001 1.005
3.062 0.0001 1.005
3.06 0.0001 1.005
3.058 0.0001 1.005
3.056 0.0001 1.005
3.054 0.0001 1.005
3.052 0.0001 1.005
3.05 0.0001 1.005
3.048 0.0001 1.005
3.046 0.0001 1.005
3.044 0.0001 1.005
3.042 0.0001 1.005
3.04 0.0001 1.005
3.038 0.0001 1.005
3.036 0.0001 1.005
3.034 0.0001 1.005
3.032 0.0001 1.005
3.03 0.0001 1.006
3.028 0.0001 1.006
3.026 0.0001 1.006
3.024 0.0001 1.006
3.022 0.0001 1.006
3.02 0.0001 1.006
3.018 0.0001 1.006
3.016 0.0001 1.006
3.014 0.0001 1.006
3.012 0.0001 1.006
3.01 0.0002 1.006
3.008 0.0002 1.006
3.006 0.0002 1.006
3.004 0.0002 1.006
3.002 0.0002 1.006
3 0.0002 1.006
2.998 0.0002 1.006
2.996 0.0002 1.006
2.994 0.0002 1.006
2.992 0.0002 1.006
2.99 0.0002 1.006
2.988 0.0002 1.006
2.986 0.0002 1.006
2.984 0.0002 1.006
2.982 0.0002 1.006
2.98 0.0002 1.006
2.978 0.0002 1.006
2.976 0.0002 1.006
2.974 0.0002 1.006
2.972 0.0002 1.006
2.97 0.0002 1.006
2.968 0.0002 1.006
2.966 0.0002 1.006
2.964 0.0002 1.006
2.962 0.0002 1.006
2.96 0.0002 1.006
2.958 0.0002 1.006
2.956 0.0002 1.006
2.954 0.0002 1.006
2.952 0.0002 1.007
2.95 0.0002 1.007
2.948 0.0002 1.007
2.946 0.0002 1.007
2.944 0.0002 1.007
2.942 0.0002 1.007
2.94 0.0002 1.007
2.938 0.0002 1.007
2.936 0.0002 1.007
2.934 0.0002 1.007
2.932 0.0002 1.007
2.93 0.0002 1.007
2.928 0.0002 1.007
2.926 0.0002 1.007
2.924 0.0002 1.007
2.922 0.0002 1.007
2.92 0.0002 1.007
2.918 0.0002 1.007
2.916 0.0002 1.007
2.914 0.0002 1.007
2.912 0.0002 1.007
2.91 0.0002 1.007
2.908 0.0002 1.007
2.906 0.0002 1.007
2.904 0.0002 1.007
2.902 0.0002 1.007
2.9 0.0002 1.007
2.898 0.0002 1.007
2.896 0.0002 1.007
2.894 0.0002 1.007
2.892 0.0002 1.007
2.89 0.0002 1.008
2.888 0.0002 1.008
2.886 0.0002 1.008
2.884 0.0002 1.008
2.882 0.0002 1.008
2.88 0.0002 1.008
2.878 0.0002 1.008
2.876 0.0002 1.008
2.874 0.0002 1.008
2.872 0.0002 1.008
2.87 0.0002 1.008
2.868 0.0002 1.008
2.866 0.0002 1.008
2.864 0.0003 1.008
2.862 0.0003 1.008
2.86 0.0003 1.008
2.858 0.0003 1.008
2.856 0.0003 1.008
2.854 0.0003 1.008
2.852 0.0003 1.008
2.85 0.0003 1.008
2.848 0.0003 1.008
2.846 0.0003 1.008
2.844 0.0003 1.008
2.842 0.0003 1.008
2.84 0.0003 1.009
2.838 0.0003 1.009
2.836 0.0003 1.009
2.834 0.0003 1.009
2.832 0.0003 1.009
2.83 0.0003 1.009
2.828 0.0003 1.009
2.826 0.0003 1.009
2.824 0.0003 1.009
2.822 0.0003 1.009
2.82 0.0003 1.009
2.818 0.0003 1.009
2.816 0.0003 1.009
2.814 0.0003 1.009
2.812 0.0003 1.009
2.81 0.0003 1.009
2.808 0.0003 1.009
2.806 0.0003 1.009
2.804 0.0003 1.009
2.802 0.0003 1.009
2.8 0.0003 1.01
2.798 0.0003 1.01
2.796 0.0003 1.01
2.794 0.0003 1.01
2.792 0.0004 1.01
2.79 0.0004 1.01
2.788 0.0004 1.01
2.786 0.0004 1.01
2.784 0.0004 1.01
2.782 0.0004 1.01
2.78 0.0004 1.01
2.778 0.0004 1.01
2.776 0.0004 1.01
2.774 0.0004 1.01
2.772 0.0004 1.01
2.77 0.0004 1.01
2.768 0.0004 1.01
2.766 0.0004 1.011
2.764 0.0004 1.011
2.762 0.0004 1.011
2.76 0.0004 1.011
2.758 0.0004 1.011
2.756 0.0004 1.011
2.754 0.0004 1.011
2.752 0.0004 1.011
2.75 0.0004 1.011
2.748 0.0004 1.011
2.746 0.0005 1.011
2.744 0.0005 1.011
2.742 0.0005 1.011
2.74 0.0005 1.011
2.738 0.0005 1.011
2.736 0.0005 1.012
2.734 0.0005 1.012
2.732 0.0005 1.012
2.73 0.0005 1.012
2.728 0.0005 1.012
2.726 0.0005 1.012
2.724 0.0005 1.012
2.722 0.0005 1.012
2.72 0.0005 1.012
2.718 0.0005 1.012
2.716 0.0005 1.012
2.714 0.0006 1.012
2.712 0.0006 1.013
2.71 0.0006 1.013
2.708 0.0006 1.013
2.706 0.0006 1.013
2.704 0.0006 1.013
2.702 0.0006 1.013
2.7 0.0006 1.013
2.698 0.0006 1.013
2.696 0.0006 1.013
2.694 0.0006 1.013
2.692 0.0007 1.014
2.69 0.0007 1.014
2.688 0.0007 1.014
2.686 0.0007 1.014
2.684 0.0007 1.014
2.682 0.0007 1.014
2.68 0.0007 1.014
2.678 0.0007 1.014
2.676 0.0007 1.014
2.674 0.0008 1.015
2.672 0.0008 1.015
2.67 0.0008 1.015
2.668 0.0008 1.015
2.666 0.0008 1.015
2.664 0.0008 1.015
2.662 0.0008 1.015
2.66 0.0008 1.015
2.658 0.0009 1.016
2.656 0.0009 1.016
2.654 0.0009 1.016
2.652 0.0009 1.016
2.65 0.0009 1.016
2.648 0.0009 1.016
2.646 0.001 1.016
2.644 0.001 1.017
2.642 0.001 1.017
2.64 0.001 1.017
2.638 0.001 1.017
2.636 0.0011 1.017
2.634 0.0011 1.017
2.632 0.0011 1.018
2.63 0.0011 1.018
2.628 0.0012 1.018
2.626 0.0012 1.018
2.624 0.0012 1.018
2.622 0.0013 1.019
2.62 0.0013 1.019
2.618 0.0013 1.019
2.616 0.0013 1.019
2.614 0.0014 1.019
2.612 0.0014 1.02
2.61 0.0015 1.02
2.608 0.0015 1.02
2.606 0.0015 1.02
2.604 0.0016 1.021
2.602 0.0016 1.021
2.6 0.0017 1.021
2.598 0.0017 1.021
2.596 0.0018 1.022
2.594 0.0018 1.022
2.592 0.0019 1.022
2.59 0.002 1.023
2.588 0.002 1.023
2.586 0.0021 1.023
2.584 0.0022 1.024
2.582 0.0022 1.024
2.58 0.0023 1.024
2.578 0.0024 1.025
2.576 0.0025 1.025
2.574 0.0026 1.025
2.572 0.0027 1.026
2.57 0.0028 1.026
2.568 0.003 1.027
2.566 0.0031 1.027
2.564 0.0033 1.028
2.562 0.0034 1.028
2.56 0.0036 1.029
2.558 0.0038 1.029
2.556 0.0041 1.03
2.554 0.0043 1.031
2.552 0.0046 1.031
2.55 0.0049 1.032
2.548 0.0053 1.033
2.546 0.0057 1.034
2.544 0.0061 1.035
2.542 0.0066 1.036
2.54 0.0073 1.037
2.538 0.008 1.038
2.536 0.0089 1.04
2.534 0.0099 1.041
2.532 0.0112 1.043
2.53 0.0127 1.045
2.528 0.0147 1.047
2.526 0.0172 1.049
2.524 0.0204 1.052
2.522 0.0248 1.056
2.52 0.0308 1.061
2.518 0.0393 1.066
2.516 0.0516 1.073
2.514 0.0697 1.083
2.512 0.096 1.096
2.51 0.1302 1.114
2.508 0.1616 1.138
2.506 0.1675 1.164
2.504 0.1424 1.189
2.502 0.1075 1.209
2.5 0.0786 1.224
2.498 0.0584 1.235
2.496 0.0448 1.243
2.494 0.0356 1.25
2.492 0.0293 1.255
2.49 0.0248 1.259
2.488 0.0217 1.263
2.486 0.0195 1.266
2.484 0.0179 1.269
2.482 0.0167 1.272
2.48 0.016 1.274
2.478 0.0156 1.277
2.476 0.0154 1.279
2.474 0.0154 1.282
2.472 0.0157 1.284
2.47 0.0161 1.287
2.468 0.0168 1.29
2.466 0.0177 1.292
2.464 0.0189 1.295
2.462 0.0204 1.298
2.46 0.0222 1.302
2.458 0.0245 1.306
2.456 0.0273 1.31
2.454 0.0309 1.314
2.452 0.0353 1.32
2.45 0.041 1.326
2.448 0.0484 1.333
2.446 0.0583 1.342
2.444 0.0715 1.352
2.442 0.0899 1.365
2.44 0.1161 1.381
2.438 0.1542 1.403
2.436 0.2106 1.432
2.434 0.292 1.472
2.432 0.3958 1.527
2.43 0.4847 1.598
2.428 0.4906 1.676
2.426 0.4079 1.748
2.424 0.3032 1.805
2.422 0.2191 1.847
2.42 0.1604 1.877
2.418 0.1208 1.9
2.416 0.0938 1.917
2.414 0.075 1.93
2.412 0.0615 1.941
2.41 0.0517 1.95
2.408 0.0443 1.958
2.406 0.0388 1.965
2.404 0.0346 1.97
2.402 0.0313 1.976
2.4 0.0289 1.981
2.398 0.027 1.985
2.396 0.0257 1.989
2.394 0.0247 1.993
2.392 0.0242 1.997
2.39 0.024 2.001
2.388 0.0242 2.005
2.386 0.0247 2.009
2.384 0.0257 2.013
2.382 0.027 2.017
2.38 0.0289 2.022
2.378 0.0313 2.026
2.376 0.0346 2.032
2.374 0.0388 2.038
2.372 0.0443 2.044
2.37 0.0517 2.052
2.368 0.0615 2.061
2.366 0.075 2.072
2.364 0.0938 2.085
2.362 0.1208 2.103
2.36 0.1604 2.125
2.358 0.2191 2.155
2.356 0.3032 2.197
2.354 0.4079 2.254
2.352 0.4906 2.326
2.35 0.4847 2.404
2.348 0.3958 2.475
2.346 0.292 2.53
2.344 0.2106 2.57
2.342 0.1542 2.599
2.34 0.1161 2.621
2.338 0.0899 2.637
2.336 0.0715 2.65
2.334 0.0583 2.661
2.332 0.0485 2.669
2.33 0.0411 2.676
2.328 0.0353 2.682
2.326 0.0309 2.688
2.324 0.0274 2.692
2.322 0.0245 2.697
2.32 0.0222 2.7
2.318 0.0204 2.704
2.316 0.0189 2.707
2.314 0.0178 2.71
2.312 0.0168 2.713
2.31 0.0162 2.715
2.308 0.0157 2.718
2.306 0.0154 2.72
2.304 0.0154 2.723
2.302 0.0156 2.725
2.3 0.016 2.728
2.298 0.0168 2.73
2.296 0.0179 2.733
2.294 0.0195 2.736
2.292 0.0217 2.739
2.29 0.0249 2.743
2.288 0.0293 2.748
2.286 0.0356 2.753
2.284 0.0448 2.759
2.282 0.0584 2.767
2.28 0.0786 2.778
2.278 0.1075 2.793
2.276 0.1424 2.813
2.274 0.1676 2.838
2.272 0.1616 2.864
2.27 0.1302 2.888
2.268 0.096 2.906
2.266 0.0697 2.919
2.264 0.0516 2.929
2.262 0.0393 2.936
2.26 0.0308 2.942
2.258 0.0248 2.946
2.256 0.0205 2.95
2.254 0.0172 2.953
2.252 0.0147 2.955
2.25 0.0127 2.958
2.248 0.0112 2.96
2.246 0.0099 2.961
2.244 0.0089 2.963
2.242 0.008 2.964
2.24 0.0073 2.965
2.238 0.0067 2.966
2.236 0.0061 2.967
2.234 0.0057 2.968
2.232 0.0053 2.969
2.23 0.0049 2.97
2.228 0.0046 2.971
2.226 0.0043 2.972
2.224 0.0041 2.972
2.222 0.0039 2.973
2.22 0.0037 2.973
2.218 0.0035 2.974
2.216 0.0033 2.975
2.214 0.0031 2.975
2.212 0.003 2.976
2.21 0.0029 2.976
2.208 0.0028 2.977
2.206 0.0026 2.977
2.204 0.0025 2.977
2.202 0.0024 2.978
2.2 0.0024 2.978
2.198 0.0023 2.979
2.196 0.0022 2.979
2.194 0.0021 2.979
2.192 0.002 2.98
2.19 0.002 2.98
2.188 0.0019 2.98
2.186 0.0019 2.981
2.184 0.0018 2.981
2.182 0.0018 2.981
2.18 0.0017 2.981
2.178 0.0017 2.982
2.176 0.0016 2.982
2.174 0.0016 2.982
2.172 0.0015 2.982
2.17 0.0015 2.983
2.168 0.0015 2.983
2.166 0.0014 2.983
2.164 0.0014 2.983
2.162 0.0014 2.984
2.16 0.0013 2.984
2.158 0.0013 2.984
2.156 0.0013 2.984
2.154 0.0012 2.984
2.152 0.0012 2.985
2.15 0.0012 2.985
2.148 0.0012 2.985
2.146 0.0011 2.985
2.144 0.0011 2.985
2.142 0.0011 2.986
2.14 0.0011 2.986
2.138 0.001 2.986
2.136 0.001 2.986
2.134 0.001 2.986
2.132 0.001 2.986
2.13 0.001 2.986
2.128 0.001 2.987
2.126 0.0009 2.987
2.124 0.0009 2.987
2.122 0.0009 2.987
2.12 0.0009 2.987
2.118 0.0009 2.987
2.116 0.0009 2.988
2.114 0.0009 2.988
2.112 0.0008 2.988
2.11 0.0008 2.988
2.108 0.0008 2.988
2.106 0.0008 2.988
2.104 0.0008 2.988
2.102 0.0008 2.988
2.1 0.0008 2.989
2.098 0.0008 2.989
2.096 0.0007 2.989
2.094 0.0007 2.989
2.092 0.0007 2.989
2.09 0.0007 2.989
2.088 0.0007 2.989
2.086 0.0007 2.989
2.084 0.0007 2.989
2.082 0.0007 2.99
2.08 0.0007 2.99
2.078 0.0007 2.99
2.076 0.0007 2.99
2.074 0.0006 2.99
2.072 0.0006 2.99
2.07 0.0006 2.99
2.068 0.0006 2.99
2.066 0.0006 2.99
2.064 0.0006 2.991
2.062 0.0006 2.991
2.06 0.0006 2.991
2.058 0.0006 2.991
2.056 0.0006 2.991
2.054 0.0006 2.991
2.052 0.0006 2.991
2.05 0.0006 2.991
2.048 0.0006 2.991
2.046 0.0006 2.991
2.044 0.0005 2.991
2.042 0.0005 2.992
2.04 0.0005 2.992
2.038 0.0005 2.992
2.036 0.0005 2.992
2.034 0.0005 2.992
2.032 0.0005 2.992
2.03 0.0005 2.992
2.028 0.0005 2.992
2.026 0.0005 2.992
2.024 0.0005 2.992
2.022 0.0005 2.992
2.02 0.0005 2.992
2.018 0.0005 2.993
2.016 0.0005 2.993
2.014 0.0005 2.993
2.012 0.0005 2.993
2.01 0.0005 2.993
2.008 0.0005 2.993
2.006 0.0005 2.993
2.004 0.0005 2.993
2.002 0.0005 2.993
2 0.0004 2.993
1.998 0.0004 2.993
1.996 0.0004 2.993
1.994 0.0004 2.993
1.992 0.0004 2.993
1.99 0.0004 2.994
1.988 0.0004 2.994
1.986 0.0004 2.994
1.984 0.0004 2.994
1.982 0.0004 2.994
1.98 0.0004 2.994
1.978 0.0004 2.994
1.976 0.0004 2.994
1.974 0.0004 2.994
1.972 0.0004 2.994
1.97 0.0004 2.994
1.968 0.0004 2.994
1.966 0.0004 2.994
1.964 0.0004 2.994
1.962 0.0004 2.994
1.96 0.0004 2.995
1.958 0.0004 2.995
1.956 0.0004 2.995
1.954 0.0004 2.995
1.952 0.0004 2.995
1.95 0.0004 2.995
1.948 0.0004 2.995
1.946 0.0004 2.995
1.944 0.0004 2.995
1.942 0.0004 2.995
1.94 0.0004 2.995
1.938 0.0004 2.995
1.936 0.0004 2.995
1.934 0.0004 2.995
1.932 0.0004 2.995
1.93 0.0004 2.995
1.928 0.0004 2.995
1.926 0.0004 2.996
1.924 0.0004 2.996
1.922 0.0004 2.996
1.92 0.0004 2.996
1.918 0.0004 2.996
1.916 0.0004 2.996
1.914 0.0004 2.996
1.912 0.0004 2.996
1.91 0.0003 2.996
1.908 0.0003 2.996
1.906 0.0003 2.996
1.904 0.0003 2.996
1.902 0.0003 2.996
1.9 0.0003 2.996
1.898 0.0003 2.996
1.896 0.0003 2.996
1.894 0.0003 2.996
1.892 0.0003 2.996
1.89 0.0003 2.997
1.888 0.0003 2.997
1.886 0.0003 2.997
1.884 0.0003 2.997
1.882 0.0003 2.997
1.88 0.0003 2.997
1.878 0.0003 2.997
1.876 0.0003 2.997
1.874 0.0003 2.997
1.872 0.0003 2.997
1.87 0.0003 2.997
1.868 0.0003 2.997
1.866 0.0003 2.997
1.864 0.0003 2.997
1.862 0.0003 2.997
1.86 0.0003 2.997
1.858 0.0003 2.997
1.856 0.0003 2.997
1.854 0.0003 2.998
1.852 0.0003 2.998
1.85 0.0003 2.998
1.848 0.0003 2.998
1.846 0.0003 2.998
1.844 0.0003 2.998
1.842 0.0003 2.998
1.84 0.0003 2.998
1.838 0.0003 2.998
1.836 0.0003 2.998
1.834 0.0003 2.998
1.832 0.0003 2.998
1.83 0.0003 2.998
1.828 0.0003 2.998
1.826 0.0003 2.998
1.824 0.0003 2.998
1.822 0.0003 2.998
1.82 0.0003 2.998
1.818 0.0003 2.998
1.816 0.0003 2.998
1.814 0.0003 2.999
1.812 0.0003 2.999
1.81 0.0003 2.999
1.808 0.0003 2.999
1.806 0.0003 2.999
1.804 0.0003 2.999
1.802 0.0003 2.999
1.8 0.0003 2.999
1.798 0.0003 2.999
1.796 0.0003 2.999
1.794 0.0003 2.999
1.792 0.0003 2.999
1.79 0.0003 2.999
1.788 0.0003 2.999
1.786 0.0003 2.999
1.784 0.0003 2.999
1.782 0.0003 2.999
1.78 0.0003 2.999
1.778 0.0003 2.999
1.776 0.0003 3
1.774 0.0003 3
1.772 0.0003 3
1.77 0.0003 3
1.768 0.0003 3
1.766 0.0003 3
1.764 0.0003 3
1.762 0.0003 3
1.76 0.0003 3
1.758 0.0003 3
1.756 0.0003 3
1.754 0.0003 3
1.752 0.0003 3
1.75 0.0003 3
1.748 0.0003 3
1.746 0.0003 3
1.744 0.0003 3
1.742 0.0003 3
1.74 0.0003 3
1.738 0.0003 3.001
1.736 0.0003 3.001
1.734 0.0003 3.001
1.732 0.0003 3.001
1.73 0.0003 3.001
1.728 0.0003 3.001
1.726 0.0003 3.001
1.724 0.0003 3.001
1.722 0.0003 3.001
1.72 0.0003 3.001
1.718 0.0003 3.001
1.716 0.0003 3.001
1.714 0.0003 3.001
1.712 0.0003 3.001
1.71 0.0004 3.001
1.708 0.0004 3.001
1.706 0.0004 3.001
1.704 0.0004 3.001
1.702 0.0004 3.002
1.7 0.0004 3.002
1.698 0.0004 3.002
1.696 0.0004 3.002
1.694 0.0004 3.002
1.692 0.0004 3.002
1.69 0.0004 3.002
1.688 0.0004 3.002
1.686 0.0004 3.002
1.684 0.0004 3.002
1.682 0.0004 3.002
1.68 0.0004 3.002
1.678 0.0004 3.002
1.676 0.0004 3.002
1.674 0.0004 3.002
1.672 0.0004 3.002
1.67 0.0004 3.002
1.668 0.0004 3.003
1.666 0.0004 3.003
1.664 0.0004 3.003
1.662 0.0004 3.003
1.66 0.0004 3.003
1.658 0.0004 3.003
1.656 0.0004 3.003
1.654 0.0004 3.003
1.652 0.0004 3.003
1.65 0.0004 3.003
1.648 0.0004 3.003
1.646 0.0004 3.003
1.644 0.0004 3.003
1.642 0.0004 3.003
1.64 0.0004 3.003
1.638 0.0004 3.003
1.636 0.0004 3.004
1.634 0.0004 3.004
1.632 0.0004 3.004
1.63 0.0004 3.004
1.628 0.0004 3.004
1.626 0.0004 3.004
1.624 0.0004 3.004
1.622 0.0004 3.004
1.62 0.0004 3.004
1.618 0.0004 3.004
1.616 0.0004 3.004
1.614 0.0004 3.004
1.612 0.0004 3.004
1.61 0.0005 3.004
1.608 0.0005 3.005
1.606 0.0005 3.005
1.604 0.0005 3.005
1.602 0.0005 3.005
1.6 0.0005 3.005
1.598 0.0005 3.005
1.596 0.0005 3.005
1.594 0.0005 3.005
1.592 0.0005 3.005
1.59 0.0005 3.005
1.588 0.0005 3.005
1.586 0.0005 3.005
1.584 0.0005 3.005
1.582 0.0005 3.006
1.58 0.0005 3.006
1.578 0.0005 3.006
1.576 0.0005 3.006
1.574 0.0005 3.006
1.572 0.0005 3.006
1.57 0.0005 3.006
1.568 0.0005 3.006
1.566 0.0005 3.006
1.564 0.0005 3.006
1.562 0.0005 3.006
1.56 0.0005 3.006
1.558 0.0005 3.007
1.556 0.0006 3.007
1.554 0.0006 3.007
1.552 0.0006 3.007
1.55 0.0006 3.007
1.548 0.0006 3.007
1.546 0.0006 3.007
1.544 0.0006 3.007
1.542 0.0006 3.007
1.54 0.0006 3.007
1.538 0.0006 3.007
1.536 0.0006 3.008
1.534 0.0006 3.008
1.532 0.0006 3.008
1.53 0.0006 3.008
1.528 0.0006 3.008
1.526 0.0006 3.008
1.524 0.0006 3.008
1.522 0.0007 3.008
1.52 0.0007 3.008
1.518 0.0007 3.008
1.516 0.0007 3.009
1.514 0.0007 3.009
1.512 0.0007 3.009
1.51 0.0007 3.009
1.508 0.0007 3.009
1.506 0.0007 3.009
1.504 0.0007 3.009
1.502 0.0007 3.009
1.5 0.0007 3.009
1.498 0.0007 3.01
1.496 0.0008 3.01
1.494 0.0008 3.01
1.492 0.0008 3.01
1.49 0.0008 3.01
1.488 0.0008 3.01
1.486 0.0008 3.01
1.484 0.0008 3.01
1.482 0.0008 3.011
1.48 0.0008 3.011
1.478 0.0008 3.011
1.476 0.0008 3.011
1.474 0.0009 3.011
1.472 0.0009 3.011
1.47 0.0009 3.011
1.468 0.0009 3.012
1.466 0.0009 3.012
1.464 0.0009 3.012
1.462 0.0009 3.012
1.46 0.0009 3.012
1.458 0.001 3.012
1.456 0.001 3.012
1.454 0.001 3.013
1.452 0.001 3.013
1.45 0.001 3.013
1.448 0.001 3.013
1.446 0.001 3.013
1.444 0.0011 3.013
1.442 0.0011 3.014
1.44 0.0011 3.014
1.438 0.0011 3.014
1.436 0.0011 3.014
1.434 0.0011 3.014
1.432 0.0012 3.014
1.43 0.0012 3.015
1.428 0.0012 3.015
1.426 0.0012 3.015
1.424 0.0012 3.015
1.422 0.0013 3.015
1.42 0.0013 3.016
1.418 0.0013 3.016
1.416 0.0013 3.016
1.414 0.0013 3.016
1.412 0.0014 3.016
1.41 0.0014 3.017
1.408 0.0014 3.017
1.406 0.0014 3.017
1.404 0.0015 3.017
1.402 0.0015 3.018
1.4 0.0015 3.018
1.398 0.0016 3.018
1.396 0.0016 3.018
1.394 0.0016 3.019
1.392 0.0017 3.019
1.39 0.0017 3.019
1.388 0.0017 3.019
1.386 0.0018 3.02
1.384 0.0018 3.02
1.382 0.0018 3.02
1.38 0.0019 3.021
1.378 0.0019 3.021
1.376 0.002 3.021
1.374 0.002 3.021
1.372 0.002 3.022
1.37 0.0021 3.022
1.368 0.0021 3.022
1.366 0.0022 3.023
1.364 0.0023 3.023
1.362 0.0023 3.024
1.36 0.0024 3.024
1.358 0.0024 3.024
1.356 0.0025 3.025
1.354 0.0026 3.025
1.352 0.0026 3.026
1.35 0.0027 3.026
1.348 0.0028 3.026
1.346 0.0029 3.027
1.344 0.0029 3.027
1.342 0.003 3.028
1.34 0.0031 3.028
1.338 0.0032 3.029
1.336 0.0033 3.029
1.334 0.0034 3.03
1.332 0.0035 3.03
1.33 0.0037 3.031
1.328 0.0038 3.032
1.326 0.0039 3.032
1.324 0.0041 3.033
1.322 0.0042 3.033
1.32 0.0044 3.034
1.318 0.0046 3.035
1.316 0.0047 3.036
1.314 0.0049 3.036
1.312 0.0052 3.037
1.31 0.0054 3.038
1.308 0.0056 3.039
1.306 0.0059 3.04
1.304 0.0062 3.041
1.302 0.0065 3.042
1.3 0.0068 3.043
1.298 0.0072 3.044
1.296 0.0076 3.045
1.294 0.008 3.046
1.292 0.0085 3.048
1.29 0.009 3.049
1.288 0.0096 3.051
1.286 0.0103 3.052
1.284 0.011 3.054
1.282 0.0119 3.056
1.28 0.0128 3.058
1.278 0.0139 3.06
1.276 0.0151 3.062
1.274 0.0165 3.065
1.272 0.0182 3.068
1.27 0.0202 3.071
1.268 0.0225 3.074
1.266 0.0252 3.078
1.264 0.0286 3.082
1.262 0.0328 3.087
1.26 0.0379 3.093
1.258 0.0445 3.099
1.256 0.0531 3.107
1.254 0.0645 3.117
1.252 0.08 3.128
1.25 0.1016 3.143
1.248 0.1326 3.161
1.246 0.1782 3.186
1.244 0.2453 3.22
1.242 0.3385 3.267
1.24 0.4434 3.33
1.238 0.503 3.405
1.236 0.4639 3.483
1.234 0.3632 3.549
1.232 0.2656 3.599
1.23 0.1935 3.636
1.228 0.1445 3.663
1.226 0.1115 3.684
1.224 0.0888 3.7
1.222 0.073 3.713
1.22 0.0616 3.723
1.218 0.0534 3.733
1.216 0.0474 3.741
1.214 0.0429 3.748
1.212 0.0397 3.754
1.21 0.0374 3.761
1.208 0.0358 3.766
1.206 0.0349 3.772
1.204 0.0346 3.778
1.202 0.0348 3.783
1.2 0.0354 3.789
1.198 0.0366 3.795
1.196 0.0383 3.801
1.194 0.0406 3.807
1.192 0.0437 3.814
1.19 0.0475 3.821
1.188 0.0524 3.829
1.186 0.0585 3.838
1.184 0.0663 3.848
1.182 0.0763 3.859
1.18 0.0893 3.873
1.178 0.1063 3.888
1.176 0.1293 3.907
1.174 0.1608 3.93
1.172 0.2052 3.96
1.17 0.2693 3.998
1.168 0.364 4.048
1.166 0.5031 4.118
1.164 0.6942 4.214
1.162 0.9006 4.341
1.16 1 4.493
1.158 0.9006 4.645
1.156 0.6942 4.773
1.154 0.5031 4.869
1.152 0.364 4.938
1.15 0.2693 4.989
1.148 0.2052 5.027
1.146 0.1608 5.056
1.144 0.1293 5.08
1.142 0.1063 5.098
1.14 0.0893 5.114
1.138 0.0763 5.127
1.136 0.0663 5.139
1.134 0.0585 5.149
1.132 0.0524 5.158
1.13 0.0475 5.166
1.128 0.0437 5.173
1.126 0.0406 5.18
1.124 0.0383 5.186
1.122 0.0366 5.192
1.12 0.0354 5.198
1.118 0.0348 5.203
1.116 0.0346 5.209
1.114 0.0349 5.215
1.112 0.0358 5.22
1.11 0.0374 5.226
1.108 0.0397 5.232
1.106 0.0429 5.239
1.104 0.0474 5.246
1.102 0.0534 5.254
1.1 0.0616 5.263
1.098 0.073 5.274
1.096 0.0888 5.287
1.094 0.1115 5.303
1.092 0.1445 5.324
1.09 0.1935 5.351
1.088 0.2656 5.387
1.086 0.3632 5.438
1.084 0.4639 5.504
1.082 0.503 5.581
1.08 0.4434 5.657
1.078 0.3384 5.72
1.076 0.2452 5.766
1.074 0.1782 5.8
1.072 0.1326 5.825
1.07 0.1016 5.844
1.068 0.08 5.858
1.066 0.0645 5.87
1.064 0.0531 5.879
1.062 0.0445 5.887
1.06 0.0379 5.894
1.058 0.0327 5.9
1.056 0.0286 5.904
1.054 0.0252 5.909
1.052 0.0225 5.913
1.05 0.0201 5.916
1.048 0.0182 5.919
1.046 0.0165 5.922
1.044 0.0151 5.924
1.042 0.0139 5.927
1.04 0.0128 5.929
1.038 0.0119 5.931
1.036 0.011 5.933
1.034 0.0103 5.934
1.032 0.0096 5.936
1.03 0.009 5.937
1.028 0.0085 5.939
1.026 0.008 5.94
1.024 0.0076 5.941
1.022 0.0072 5.943
1.02 0.0068 5.944
1.018 0.0065 5.945
1.016 0.0062 5.946
1.014 0.0059 5.947
1.012 0.0056 5.948
1.01 0.0054 5.949
1.008 0.0051 5.949
1.006 0.0049 5.95
1.004 0.0047 5.951
1.002 0.0045 5.952
1 0.0044 5.952
0.998 0.0042 5.953
0.996 0.0041 5.954
0.994 0.0039 5.954
0.992 0.0038 5.955
0.99 0.0036 5.956
0.988 0.0035 5.956
0.986 0.0034 5.957
0.984 0.0033 5.957
0.982 0.0032 5.958
0.98 0.0031 5.958
0.978 0.003 5.959
0.976 0.0029 5.959
0.974 0.0028 5.96
0.972 0.0028 5.96
0.97 0.0027 5.961
0.968 0.0026 5.961
0.966 0.0025 5.961
0.964 0.0025 5.962
0.962 0.0024 5.962
0.96 0.0023 5.963
0.958 0.0023 5.963
0.956 0.0022 5.963
0.954 0.0022 5.964
0.952 0.0021 5.964
0.95 0.0021 5.964
0.948 0.002 5.965
0.946 0.002 5.965
0.944 0.0019 5.965
0.942 0.0019 5.966
0.94 0.0018 5.966
0.938 0.0018 5.966
0.936 0.0018 5.967
0.934 0.0017 5.967
0.932 0.0017 5.967
0.93 0.0017 5.967
0.928 0.0016 5.968
0.926 0.0016 5.968
0.924 0.0016 5.968
0.922 0.0015 5.968
0.92 0.0015 5.969
0.918 0.0015 5.969
0.916 0.0014 5.969
0.914 0.0014 5.969
0.912 0.0014 5.97
0.91 0.0014 5.97
0.908 0.0013 5.97
0.906 0.0013 5.97
0.904 0.0013 5.97
0.902 0.0013 5.971
0.9 0.0012 5.971
0.898 0.0012 5.971
0.896 0.0012 5.971
0.894 0.0012 5.971
0.892 0.0012 5.972
0.89 0.0011 5.972
0.888 0.0011 5.972
0.886 0.0011 5.972
0.884 0.0011 5.972
0.882 0.0011 5.972
0.88 0.0011 5.973
0.878 0.001 5.973
0.876 0.001 5.973
0.874 0.001 5.973
0.872 0.001 5.973
0.87 0.001 5.973
0.868 0.001 5.974
0.866 0.0009 5.974
0.864 0.0009 5.974
0.862 0.0009 5.974
0.86 0.0009 5.974
0.858 0.0009 5.974
0.856 0.0009 5.974
0.854 0.0009 5.975
0.852 0.0009 5.975
0.85 0.0008 5.975
0.848 0.0008 5.975
0.846 0.0008 5.975
0.844 0.0008 5.975
0.842 0.0008 5.975
0.84 0.0008 5.976
0.838 0.0008 5.976
0.836 0.0008 5.976
0.834 0.0008 5.976
0.832 0.0007 5.976
0.83 0.0007 5.976
0.828 0.0007 5.976
0.826 0.0007 5.976
0.824 0.0007 5.976
0.822 0.0007 5.977
0.82 0.0007 5.977
0.818 0.0007 5.977
0.816 0.0007 5.977
0.814 0.0007 5.977
0.812 0.0007 5.977
0.81 0.0007 5.977
0.808 0.0006 5.977
0.806 0.0006 5.977
0.804 0.0006 5.978
0.802 0.0006 5.978
0.8 0.0006 5.978
0.798 0.0006 5.978
0.796 0.0006 5.978
0.794 0.0006 5.978
0.792 0.0006 5.978
0.79 0.0006 5.978
0.788 0.0006 5.978
0.786 0.0006 5.978
0.784 0.0006 5.979
0.782 0.0006 5.979
0.78 0.0005 5.979
0.778 0.0005 5.979
0.776 0.0005 5.979
0.774 0.0005 5.979
0.772 0.0005 5.979
0.77 0.0005 5.979
0.768 0.0005 5.979
0.766 0.0005 5.979
0.764 0.0005 5.979
0.762 0.0005 5.979
0.76 0.0005 5.98
0.758 0.0005 5.98
0.756 0.0005 5.98
0.754 0.0005 5.98
0.752 0.0005 5.98
0.75 0.0005 5.98
0.748 0.0005 5.98
0.746 0.0005 5.98
0.744 0.0005 5.98
0.742 0.0004 5.98
0.74 0.0004 5.98
0.738 0.0004 5.98
0.736 0.0004 5.98
0.734 0.0004 5.98
0.732 0.0004 5.981
0.73 0.0004 5.981
0.728 0.0004 5.981
0.726 0.0004 5.981
0.724 0.0004 5.981
0.722 0.0004 5.981
0.72 0.0004 5.981
0.718 0.0004 5.981
0.716 0.0004 5.981
0.714 0.0004 5.981
0.712 0.0004 5.981
0.71 0.0004 5.981
0.708 0.0004 5.981
0.706 0.0004 5.981
0.704 0.0004 5.981
0.702 0.0004 5.982
0.7 0.0004 5.982
0.698 0.0004 5.982
0.696 0.0004 5.982
0.694 0.0004 5.982
0.692 0.0004 5.982
0.69 0.0004 5.982
0.688 0.0004 5.982
0.686 0.0003 5.982
0.684 0.0003 5.982
0.682 0.0003 5.982
0.68 0.0003 5.982
0.678 0.0003 5.982
0.676 0.0003 5.982
0.674 0.0003 5.982
0.672 0.0003 5.982
0.67 0.0003 5.982
0.668 0.0003 5.982
0.666 0.0003 5.982
0.664 0.0003 5.983
0.662 0.0003 5.983
0.66 0.0003 5.983
0.658 0.0003 5.983
0.656 0.0003 5.983
0.654 0.0003 5.983
0.652 0.0003 5.983
0.65 0.0003 5.983
0.648 0.0003 5.983
0.646 0.0003 5.983
0.644 0.0003 5.983
0.642 0.0003 5.983
0.64 0.0003 5.983
0.638 0.0003 5.983
0.636 0.0003 5.983
0.634 0.0003 5.983
0.632 0.0003 5.983
0.63 0.0003 5.983
0.628 0.0003 5.983
0.626 0.0003 5.983
0.624 0.0003 5.983
0.622 0.0003 5.984
0.62 0.0003 5.984
0.618 0.0003 5.984
0.616 0.0003 5.984
0.614 0.0003 5.984
0.612 0.0003 5.984
0.61 0.0003 5.984
0.608 0.0003 5.984
0.606 0.0003 5.984
0.604 0.0003 5.984
0.602 0.0003 5.984
0.6 0.0003 5.984
0.598 0.0002 5.984
0.596 0.0002 5.984
0.594 0.0002 5.984
0.592 0.0002 5.984
0.59 0.0002 5.984
0.588 0.0002 5.984
0.586 0.0002 5.984
0.584 0.0002 5.984
0.582 0.0002 5.984
0.58 0.0002 5.984
0.578 0.0002 5.984
0.576 0.0002 5.984
0.574 0.0002 5.984
0.572 0.0002 5.985
0.57 0.0002 5.985
0.568 0.0002 5.985
0.566 0.0002 5.985
0.564 0.0002 5.985
0.562 0.0002 5.985
0.56 0.0002 5.985
0.558 0.0002 5.985
0.556 0.0002 5.985
0.554 0.0002 5.985
0.552 0.0002 5.985
0.55 0.0002 5.985
0.548 0.0002 5.985
0.546 0.0002 5.985
0.544 0.0002 5.985
0.542 0.0002 5.985
0.54 0.0002 5.985
0.538 0.0002 5.985
0.536 0.0002 5.985
0.534 0.0002 5.985
0.532 0.0002 5.985
0.53 0.0002 5.985
0.528 0.0002 5.985
0.526 0.0002 5.985
0.524 0.0002 5.985
0.522 0.0002 5.985
0.52 0.0002 5.985
0.518 0.0002 5.985
0.516 0.0002 5.985
0.514 0.0002 5.985
0.512 0.0002 5.986
0.51 0.0002 5.986
0.508 0.0002 5.986
0.506 0.0002 5.986
0.504 0.0002 5.986
0.502 0.0002 5.986
0.5 0.0002 5.986
0.498 0.0002 5.986
0.496 0.0002 5.986
0.494 0.0002 5.986
0.492 0.0002 5.986
0.49 0.0002 5.986
0.488 0.0002 5.986
0.486 0.0002 5.986
0.484 0.0002 5.986
0.482 0.0002 5.986
0.48 0.0002 5.986
0.478 0.0002 5.986
0.476 0.0002 5.986
0.474 0.0002 5.986
0.472 0.0002 5.986
0.47 0.0002 5.986
0.468 0.0002 5.986
0.466 0.0002 5.986
0.464 0.0002 5.986
0.462 0.0002 5.986
0.46 0.0002 5.986
0.458 0.0002 5.986
0.456 0.0002 5.986
0.454 0.0002 5.986
0.452 0.0002 5.986
0.45 0.0002 5.986
0.448 0.0002 5.986
0.446 0.0002 5.986
0.444 0.0002 5.986
0.442 0.0002 5.986
0.44 0.0002 5.987
0.438 0.0002 5.987
0.436 0.0002 5.987
0.434 0.0002 5.987
0.432 0.0002 5.987
0.43 0.0001 5.987
0.428 0.0001 5.987
0.426 0.0001 5.987
0.424 0.0001 5.987
0.422 0.0001 5.987
0.42 0.0001 5.987
0.418 0.0001 5.987
0.416 0.0001 5.987
0.414 0.0001 5.987
0.412 0.0001 5.987
0.41 0.0001 5.987
0.408 0.0001 5.987
0.406 0.0001 5.987
0.404 0.0001 5.987
0.402 0.0001 5.987
0.4 0.0001 5.987
0.398 0.0001 5.987
0.396 0.0001 5.987
0.394 0.0001 5.987
0.392 0.0001 5.987
0.39 0.0001 5.987
0.388 0.0001 5.987
0.386 0.0001 5.987
0.384 0.0001 5.987
0.382 0.0001 5.987
0.38 0.0001 5.987
0.378 0.0001 5.987
0.376 0.0001 5.987
0.374 0.0001 5.987
0.372 0.0001 5.987
0.37 0.0001 5.987
0.368 0.0001 5.987
0.366 0.0001 5.987
0.364 0.0001 5.987
0.362 0.0001 5.987
0.36 0.0001 5.987
0.358 0.0001 5.987
0.356 0.0001 5.987
0.354 0.0001 5.987
0.352 0.0001 5.987
0.35 0.0001 5.987
0.348 0.0001 5.988
0.346 0.0001 5.988
0.344 0.0001 5.988
0.342 0.0001 5.988
0.34 0.0001 5.988
0.338 0.0001 5.988
0.336 0.0001 5.988
0.334 0.0001 5.988
0.332 0.0001 5.988
0.33 0.0001 5.988
0.328 0.0001 5.988
0.326 0.0001 5.988
0.324 0.0001 5.988
0.322 0.0001 5.988
0.32 0.0001 5.988
0.318 0.0001 5.988
0.316 0.0001 5.988
0.314 0.0001 5.988
0.312 0.0001 5.988
0.31 0.0001 5.988
0.308 0.0001 5.988
0.306 0.0001 5.988
0.304 0.0001 5.988
0.302 0.0001 5.988
0.3 0.0001 5.988
0.298 0.0001 5.988
0.296 0.0001 5.988
0.294 0.0001 5.988
0.292 0.0001 5.988
0.29 0.0001 5.988
0.288 0.0001 5.988
0.286 0.0001 5.988
0.284 0.0001 5.988
0.282 0.0001 5.988
0.28 0.0001 5.988
0.278 0.0001 5.988
0.276 0.0001 5.988
0.274 0.0001 5.988
0.272 0.0001 5.988
0.27 0.0001 5.988
0.268 0.0001 5.988
0.266 0.0001 5.988
0.264 0.0001 5.988
0.262 0.0001 5.988
0.26 0.0001 5.988
0.258 0.0001 5.988
0.256 0.0001 5.988
0.254 0.0001 5.988
0.252 0.0001 5.988
0.25 0.0001 5.988
0.248 0.0001 5.988
0.246 0.0001 5.988
0.244 0.0001 5.988
0.242 0.0001 5.988
0.24 0.0001 5.988
0.238 0.0001 5.988
0.236 0.0001 5.988
0.234 0.0001 5.988
0.232 0.0001 5.989
0.23 0.0001 5.989
0.228 0.0001 5.989
0.226 0.0001 5.989
0.224 0.0001 5.989
0.222 0.0001 5.989
0.22 0.0001 5.989
0.218 0.0001 5.989
0.216 0.0001 5.989
0.214 0.0001 5.989
0.212 0.0001 5.989
0.21 0.0001 5.989
0.208 0.0001 5.989
0.206 0.0001 5.989
0.204 0.0001 5.989
0.202 0.0001 5.989
0.2 0.0001 5.989
0.198 0.0001 5.989
0.196 0.0001 5.989
0.194 0.0001 5.989
0.192 0.0001 5.989
0.19 0.0001 5.989
0.188 0.0001 5.989
0.186 0.0001 5.989
0.184 0.0001 5.989
0.182 0.0001 5.989
0.18 0.0001 5.989
0.178 0.0001 5.989
0.176 0.0001 5.989
0.174 0.0001 5.989
0.172 0.0001 5.989
0.17 0.0001 5.989
0.168 0.0001 5.989
0.166 0.0001 5.989
0.164 0.0001 5.989
0.162 0.0001 5.989
0.16 0.0001 5.989
0.158 0.0001 5.989
0.156 0.0001 5.989
0.154 0.0001 5.989
0.152 0.0001 5.989
0.15 0.0001 5.989
0.148 0.0001 5.989
0.146 0.0001 5.989
0.144 0.0001 5.989
0.142 0.0001 5.989
0.14 0.0001 5.989
0.138 0.0001 5.989
0.136 0.0001 5.989
0.134 0.0001 5.989
0.132 0.0001 5.989
0.13 0.0001 5.989
0.128 0.0001 5.989
0.126 0.0001 5.989
0.124 0.0001 5.989
0.122 0.0001 5.989
0.12 0.0001 5.989
0.118 0.0001 5.989
0.116 0.0001 5.989
0.114 0.0001 5.989
0.112 0.0001 5.989
0.11 0.0001 5.989
0.108 0.0001 5.989
0.106 0.0001 5.989
0.104 0.0001 5.989
0.102 0.0001 5.989
0.1 0.0001 5.989
0.098 0.0001 5.989
0.096 0.0001 5.989
0.094 0.0001 5.989
0.092 0.0001 5.989
0.09 0.0001 5.989
0.088 0.0001 5.989
0.086 0.0001 5.989
0.084 0.0001 5.989
0.082 0.0001 5.989
0.08 0.0001 5.989
0.078 0.0001 5.99
0.076 0.0001 5.99
0.074 0.0001 5.99
0.072 0.0001 5.99
0.07 0.0001 5.99
0.068 0.0001 5.99
0.066 0.0001 5.99
0.064 0.0001 5.99
0.062 0.0001 5.99
0.06 0.0001 5.99
0.058 0.0001 5.99
0.056 0.0001 5.99
0.054 0.0001 5.99
0.052 0.0001 5.99
0.05 0.0001 5.99
0.048 0.0001 5.99
0.046 0.0001 5.99
0.044 0.0001 5.99
0.042 0.0001 5.99
0.04 0.0001 5.99
0.038 0.0001 5.99
0.036 0.0001 5.99
0.034 0.0001 5.99
0.032 0.0001 5.99
0.03 0.0001 5.99
0.028 0.0001 5.99
0.026 0.0001 5.99
0.024 0.0001 5.99
0.022 0.0001 5.99
0.02 0.0001 5.99
0.018 0.0001 5.99
0.016 0.0001 5.99
0.014 0.0001 5.99
0.012 0.0001 5.99
0.01 0.0001 5.99
0.008 0.0001 5.99
0.006 0.0001 5.99
0.004 0.0001 5.99
0.002 0.0001 5.99
0 0.0001 5.99
